+-+-+-+-+-+-+-+-+-+-+-+-+-+-+ GRAFO CARGADO +-+-+-+-+-+-+-+-+-+-+-+-+-+-+-
        1         2         3         4         5         6         7         8         9         10        11        12        13        14        15        16        17        18        19        20        21        22        23        24        25        26        27        28        29        30        31        32        33        34        35        36        37        38        39        40        41        42        43        44        45        46        47        48        49        50        51        52        53        54        55        56        57
1     0         87.727    102.157    59.093    61.057    48.166    47.539    86.163    89.822    87.658    62.177    96.177    65.803    103.788    99.298    93.904    104.785    63.53    98.884    104.709    90.874    53.46    52.326    105.309    97.745    91.662    110.571    97.129    94.372    52.173    62.434    66.242    52.555    71.344    101.074    68.6    51.478    94.921    66.287    111.4    57.775    55.731    89.9    91.924    101.98    93.434    61.27    49.497    69.065    64.14    62.241    91.662    97.622    50.695    91.924    67.602    50.537    
2     87.727    0         41.617    37.363    32.985    61.188    46.519    37.736    86.649    24.413    32.28    35.468    25.962    39.446    33.287    83.774    42.19    31.048    26.42    34.928    35.468    57.428    40.719    43.566    10.296    81.154    45.188    24.698    28.32    53.759    31.78    28.636    43.658    27.019    34.986    29.017    57.706    42.45    27.459    44.385    38.601    55.227    32.65    5.099    37.736    5.831    34.205    58.052    25.179    31.401    35.693    81.154    9.899    52.173    5.099    27.459    41.593    
3     102.157    41.617    0         71.386    42.755    58.412    76.105    16.125    58.31    66.03    66.708    7.071    41.012    4.0    8.485    53.009    2.828    65.97    66.468    10.198    11.402    52.631    71.344    3.162    43.932    51.088    8.602    65.069    69.527    51.865    41.593    64.56    75.538    33.136    7.211    35.355    54.203    8.602    39.115    9.899    72.18    49.82    13.038    38.288    4.472    42.45    68.659    55.803    37.014    39.623    71.063    51.088    41.11    52.479    38.288    63.891    71.176    
4     59.093    37.363    71.386    0         35.609    55.462    11.662    60.166    96.333    28.844    5.099    64.327    32.65    70.711    64.498    96.177    72.993    6.325    40.224    68.118    61.4    55.227    7.071    74.148    45.188    93.349    77.524    38.601    35.355    50.774    35.805    8.944    7.071    40.719    66.483    39.825    54.203    68.308    35.355    77.318    1.414    54.644    58.941    42.45    68.731    41.785    3.162    53.235    36.249    37.443    3.162    93.349    46.239    48.021    42.45    10.296    9.055    
5     61.057    32.985    42.755    35.609    0         28.284    36.056    28.0    61.612    47.539    32.527    36.139    7.071    43.681    38.626    60.877    45.122    32.558    55.227    43.863    31.401    25.02    32.65    45.891    43.012    58.052    50.695    53.235    54.129    21.024    1.414    32.802    37.121    10.296    40.497    7.616    25.02    37.014    5.831    51.245    35.805    23.195    29.833    35.468    41.761    38.601    33.971    25.179    8.602    3.162    36.797    58.052    41.785    19.235    35.468    33.015    31.78    
6     48.166    61.188    58.412    55.462    28.284    0         50.0    42.521    45.651    74.431    54.424    53.759    35.355    60.959    58.0    48.104    61.221    55.027    83.006    63.655    48.104    5.831    49.739    61.4    71.063    45.541    67.007    81.006    81.302    7.616    29.428    56.321    53.535    35.468    59.397    32.894    4.243    50.22    33.734    68.25    55.009    8.602    48.104    63.325    59.464    66.708    55.154    3.162    36.139    29.833    57.775    45.541    69.642    9.055    63.325    57.009    48.021    
7     47.539    46.519    76.105    11.662    36.056    50.0    0         63.151    93.509    40.497    15.556    69.065    35.355    76.0    70.029    94.202    78.026    16.971    51.865    74.243    65.376    50.931    5.831    79.057    55.227    91.4    83.006    50.22    47.011    46.669    36.688    19.799    5.099    43.566    72.028    41.976    49.578    71.847    37.656    83.054    10.296    50.931    63.198    51.478    74.0    51.478    14.213    48.27    39.319    38.601    14.765    91.4    55.946    43.841    51.478    21.213    5.099    
8     86.163    37.736    16.125    60.166    28.0    42.521    63.151    0         50.636    60.959    55.946    11.402    27.893    18.439    16.125    46.84    18.868    55.462    64.14    21.633    5.831    36.797    58.941    19.235    43.658    44.385    24.698    62.434    65.803    35.805    27.019    54.589    63.325    19.647    17.205    21.213    38.288    9.055    25.495    25.807    60.745    33.971    7.071    36.249    16.971    40.719    57.775    39.825    24.042    25.02    60.415    44.385    41.11    36.359    36.249    54.203    58.464    
9     89.822    86.649    58.31    96.333    61.612    45.651    93.509    50.636    0         107.331    93.862    59.008    66.888    62.29    64.0    7.071    60.531    94.021    112.721    68.118    55.227    43.012    91.924    59.682    93.862    7.616    64.327    110.86    113.217    47.011    61.855    94.403    96.177    61.27    64.031    60.415    44.654    51.01    64.14    66.287    96.26    42.638    57.428    86.128    62.129    90.521    95.131    46.325    64.885    60.745    97.949    7.616    91.444    49.82    86.128    94.626    90.521    
10    87.658    24.413    66.03    28.844    47.539    74.431    40.497    60.959    107.331    0         25.495    59.816    41.11    63.812    57.689    105.309    66.573    24.166    11.402    59.059    59.414    72.18    35.355    67.956    25.495    102.577    69.354    9.899    7.071    67.897    46.84    21.541    35.805    46.065    59.363    47.011    71.847    66.528    43.658    68.425    30.232    70.612    56.586    28.178    62.129    24.698    26.42    71.568    42.544    47.434    25.807    102.577    27.893    65.62    28.178    20.248    37.121    
11    62.177    32.28    66.708    5.099    32.527    54.424    15.556    55.946    93.862    25.495    0         59.666    28.844    65.924    59.682    93.381    68.25    1.414    36.715    63.198    56.921    53.666    10.0    69.426    40.249    90.554    72.691    34.986    32.311    49.193    32.558    4.243    11.662    36.715    61.66    36.056    52.802    63.906    31.623    72.443    6.325    52.839    54.406    37.363    63.953    36.77    2.0    52.0    32.249    34.059    4.472    90.554    41.231    46.519    37.363    5.657    11.662    
12    96.177    35.468    7.071    64.327    36.139    53.759    69.065    11.402    59.008    59.816    59.666    0         34.059    7.616    5.099    54.332    9.055    58.941    60.959    10.296    5.657    48.083    64.281    10.0    38.833    52.154    14.56    59.464    63.655    46.861    34.928    57.567    68.469    26.306    5.831    28.636    49.518    8.246    32.249    15.232    65.115    45.255    6.325    32.558    5.831    36.878    61.612    50.99    30.067    32.985    64.031    52.154    36.056    47.202    32.558    56.921    64.125    
13    65.803    25.962    41.012    32.65    7.071    35.355    35.355    27.893    66.888    41.11    28.844    34.059    0         41.304    35.693    65.605    43.105    28.601    48.374    40.522    30.067    32.0    31.048    44.045    36.056    62.801    48.374    46.39    47.539    28.071    6.0    28.32    35.44    8.246    37.656    7.211    32.062    36.497    2.828    48.662    33.106    30.067    28.0    28.636    39.319    31.623    30.529    32.249    4.0    6.325    33.287    62.801    34.928    26.306    28.636    28.284    30.594    
14    103.788    39.446    4.0    70.711    43.681    60.959    76.0    18.439    62.29    63.812    65.924    7.616    41.304    0         6.325    57.009    2.828    65.115    63.702    6.325    13.038    55.227    71.063    4.243    41.012    55.082    7.071    62.37    67.007    54.203    42.45    63.561    75.166    33.734    4.472    36.139    56.727    12.083    39.623    7.616    71.568    52.402    13.928    35.805    2.0    39.825    67.897    58.258    37.336    40.522    70.214    55.082    38.184    54.644    35.805    62.817    71.007    
15    99.298    33.287    8.485    64.498    38.626    58.0    70.029    16.125    64.0    57.689    59.682    5.099    35.693    6.325    0         59.211    8.944    58.856    57.983    5.657    10.296    52.402    65.008    10.296    35.468    57.079    13.038    56.586    61.074    50.931    37.336    57.271    69.065    28.46    2.0    31.016    53.759    13.038    34.205    13.038    65.376    49.578    9.899    29.833    4.472    33.971    61.66    55.154    31.78    35.468    63.953    57.079    32.65    51.088    29.833    56.515    65.008    
16    93.904    83.774    53.009    96.177    60.877    48.104    94.202    46.84    7.071    105.309    93.381    54.332    65.605    57.009    59.211    0         55.082    93.434    110.073    63.008    50.99    44.721    92.195    54.148    90.443    2.828    58.549    108.259    110.941    48.374    60.959    93.606    96.54    59.363    59.076    58.822    46.519    46.174    62.801    60.531    96.208    43.909    53.367    82.873    57.009    87.316    94.763    48.332    63.246    59.666    97.591    2.828    87.932    51.108    82.873    93.723    90.907    
17    104.785    42.19    2.828    72.993    45.122    61.221    78.026    18.868    60.531    66.573    68.25    9.055    43.105    2.828    8.944    55.082    0         67.469    66.528    8.944    13.928    55.444    73.171    1.414    43.841    53.235    5.831    65.192    69.814    54.644    43.932    65.97    77.318    35.355    7.211    37.656    57.009    11.402    41.304    7.071    73.824    52.631    15.297    38.601    4.472    42.638    70.214    58.6    39.115    41.976    72.567    53.235    41.012    55.227    38.601    65.253    73.062    
18    63.53    31.048    65.97    6.325    32.558    55.027    16.971    55.462    94.021    24.166    1.414    58.941    28.601    65.115    58.856    93.434    67.469    0         35.355    62.29    56.303    54.129    11.402    68.659    38.91    90.609    71.847    33.615    31.016    49.659    32.527    2.828    13.038    36.359    60.828    35.805    53.31    63.325    31.401    71.568    7.616    53.235    53.759    36.139    63.151    35.468    3.162    52.555    31.906    33.971    5.099    90.609    39.925    47.011    36.139    4.243    13.038    
19    98.884    26.42    66.468    40.224    55.227    83.006    51.865    64.14    112.721    11.402    36.715    60.959    48.374    63.702    57.983    110.073    66.528    35.355    0         58.258    61.612    80.225    46.648    67.941    22.804    107.424    68.411    2.0    6.325    76.105    54.332    32.65    47.202    51.923    59.414    53.367    80.1    68.411    50.636    67.201    41.617    78.409    58.822    28.425    62.241    24.083    37.736    80.025    49.031    54.589    37.202    107.424    25.612    74.027    28.425    31.305    48.374    
20    104.709    34.928    10.198    68.118    43.863    63.655    74.243    21.633    68.118    59.059    63.198    10.296    40.522    6.325    5.657    63.008    8.944    62.29    58.258    0         15.811    58.052    69.065    10.296    35.468    61.008    10.296    57.009    61.855    56.586    42.544    60.531    73.007    33.615    4.472    36.249    59.414    17.263    39.217    9.487    69.065    55.227    15.556    30.887    6.0    34.67    65.192    60.811    36.688    40.719    67.365    61.008    32.65    56.727    30.887    59.682    69.181    
21    90.874    35.468    11.402    61.4    31.401    48.104    65.376    5.831    55.227    59.414    56.921    5.657    30.067    13.038    10.296    50.99    13.928    56.303    61.612    15.811    0         42.426    60.828    14.56    40.249    48.662    19.698    60.0    63.781    41.231    30.265    55.154    65.115    22.0    11.402    24.083    43.863    7.211    28.0    20.591    62.097    39.598    2.828    33.287    11.402    37.736    58.822    45.343    26.077    28.284    61.351    48.662    37.577    41.617    33.287    54.626    60.531    
22    53.46    57.428    52.631    55.227    25.02    5.831    50.931    36.797    43.012    72.18    53.666    48.083    32.0    55.227    52.402    44.721    55.444    54.129    80.225    58.052    42.426    0         50.0    55.606    67.082    42.048    61.221    78.23    78.918    4.472    26.0    55.154    54.037    31.048    53.759    28.636    2.0    44.407    30.067    62.482    54.918    2.828    42.521    59.228    53.759    62.801    54.589    4.0    32.249    26.077    57.306    42.048    65.513    7.211    59.228    55.714    48.415    
23    52.326    40.719    71.344    7.071    32.65    49.739    5.831    58.941    91.924    35.355    10.0    64.281    31.048    71.063    65.008    92.195    73.171    11.402    46.648    69.065    60.828    50.0    0         74.243    49.396    89.376    78.026    44.944    42.048    45.607    33.106    14.213    4.472    39.294    67.007    37.947    48.826    67.469    33.526    78.0    6.0    49.679    58.549    45.695    69.065    45.651    8.944    47.707    34.928    34.928    10.198    89.376    50.12    42.802    45.695    15.62    2.0    
24    105.309    43.566    3.162    74.148    45.891    61.4    79.057    19.235    59.682    67.956    69.426    10.0    44.045    4.243    10.296    54.148    1.414    68.659    67.941    10.296    14.56    55.606    74.243    0         45.255    52.345    5.657    66.603    71.218    54.918    44.721    67.186    78.409    36.222    8.602    38.471    57.201    11.314    42.19    7.211    74.967    52.802    16.125    40.0    5.831    44.045    71.386    58.822    40.05    42.755    73.756    52.345    42.426    55.57    40.0    66.483    74.108    
25    97.745    10.296    43.932    45.188    43.012    71.063    55.227    43.658    93.862    25.495    40.249    38.833    36.056    41.012    35.468    90.443    43.841    38.91    22.804    35.468    40.249    67.082    49.396    45.255    0         87.932    45.607    21.633    26.833    63.561    41.761    36.249    51.884    36.222    36.797    38.471    67.469    46.648    37.363    44.407    46.519    64.777    37.577    8.0    39.623    4.472    42.048    67.912    34.928    41.231    43.081    87.932    2.828    62.097    8.0    34.928    50.478    
26    91.662    81.154    51.088    93.349    58.052    45.541    91.4    44.385    7.616    102.577    90.554    52.154    62.801    55.082    57.079    2.828    53.235    90.609    107.424    61.008    48.662    42.048    89.376    52.345    87.932    0         56.886    105.603    108.24    45.651    58.138    90.785    93.723    56.604    57.009    56.036    43.863    44.045    60.0    58.856    93.381    41.183    50.99    80.324    55.009    84.758    91.935    45.695    60.465    56.851    94.763    0.0    85.44    48.374    80.324    90.907    88.091    
27    110.571    45.188    8.602    77.524    50.695    67.007    83.006    24.698    64.327    69.354    72.691    14.56    48.374    7.071    13.038    58.549    5.831    71.847    68.411    10.296    19.698    61.221    78.026    5.657    45.607    56.886    0         67.201    72.111    60.465    49.477    70.214    82.098    40.792    11.045    43.174    62.801    16.971    46.69    2.0    78.409    58.412    20.881    41.183    9.055    44.944    74.673    64.405    44.407    47.539    76.942    56.886    42.802    61.057    41.183    69.426    78.0    
28    97.129    24.698    65.069    38.601    53.235    81.006    50.22    62.434    110.86    9.899    34.986    59.464    46.39    62.37    56.586    108.259    65.192    33.615    2.0    57.009    60.0    78.23    44.944    66.603    21.633    105.603    67.201    0         6.0    74.108    52.345    30.887    45.607    50.0    58.052    51.42    78.102    66.843    48.662    66.03    40.0    76.42    57.201    26.907    60.877    22.627    36.056    78.026    47.074    52.612    35.609    105.603    24.413    72.028    26.907    29.53    46.648    
29    94.372    28.32    69.527    35.355    54.129    81.302    47.011    65.803    113.217    7.071    32.311    63.655    47.539    67.007    61.074    110.941    69.814    31.016    6.325    61.855    63.781    78.918    42.048    71.218    26.833    108.24    72.111    6.0    0         74.673    53.367    28.46    42.19    52.0    62.626    53.141    78.638    70.767    50.0    71.021    36.715    77.279    60.959    31.241    65.437    27.203    33.106    78.409    48.703    53.852    32.249    108.24    29.53    72.443    31.241    27.203    43.863    
30    52.173    53.759    51.865    50.774    21.024    7.616    46.669    35.805    47.011    67.897    49.193    46.861    28.071    54.203    50.931    48.374    54.644    49.659    76.105    56.586    41.231    4.472    45.607    54.918    63.561    45.651    60.465    74.108    74.673    0         22.091    50.695    49.679    27.857    52.402    25.298    4.0    43.909    26.306    61.612    50.478    4.472    41.037    55.785    52.631    59.228    50.12    4.472    28.636    22.361    52.839    45.651    62.097    2.828    55.785    51.264    44.045    
31    62.434    31.78    41.593    35.805    1.414    29.428    36.688    27.019    61.855    46.84    32.558    34.928    6.0    42.45    37.336    60.959    43.932    32.527    54.332    42.544    30.265    26.0    33.106    44.721    41.761    58.138    49.477    52.345    53.367    22.091    0         32.65    37.577    8.944    39.217    6.325    26.077    36.0    4.472    50.0    36.056    24.083    28.636    34.176    40.522    37.363    34.059    26.306    7.211    2.0    36.878    58.138    40.497    20.396    34.176    32.802    32.311    
32    66.242    28.636    64.56    8.944    32.802    56.321    19.799    54.589    94.403    21.541    4.243    57.567    28.32    63.561    57.271    93.606    65.97    2.828    32.65    60.531    55.154    55.154    14.213    67.186    36.249    90.785    70.214    30.887    28.46    50.695    32.65    0         15.811    35.805    59.228    35.468    54.424    62.241    31.145    69.871    10.296    54.129    52.555    33.734    61.612    32.894    5.831    53.759    31.401    33.971    7.071    90.785    37.336    48.104    33.734    1.414    15.811    
33    52.555    43.658    75.538    7.071    37.121    53.535    5.099    63.325    96.177    35.805    11.662    68.469    35.44    75.166    69.065    96.54    77.318    13.038    47.202    73.007    65.115    54.037    4.472    78.409    51.884    93.723    82.098    45.607    42.19    49.679    37.577    15.811    0         43.681    71.063    42.379    52.802    71.805    37.947    82.024    5.657    53.814    62.801    48.703    73.171    48.332    10.0    51.614    39.294    39.395    10.0    93.723    52.802    46.861    48.703    17.205    5.657    
34    71.344    27.019    33.136    40.719    10.296    35.468    43.566    19.647    61.27    46.065    36.715    26.306    8.246    33.734    28.46    59.363    35.355    36.359    51.923    33.615    22.0    31.048    39.294    36.222    36.222    56.604    40.792    50.0    52.0    27.857    8.944    35.805    43.681    0         30.364    2.828    31.623    28.284    6.0    41.231    41.231    28.636    20.1    28.284    31.78    32.062    38.471    32.311    4.472    7.211    41.183    56.604    34.525    26.833    28.284    35.609    38.833    
35    101.074    34.986    7.211    66.483    40.497    59.397    72.028    17.205    64.031    59.363    61.66    5.831    37.656    4.472    2.0    59.076    7.211    60.828    59.414    4.472    11.402    53.759    67.007    8.602    36.797    57.009    11.045    58.052    62.626    52.402    39.217    59.228    71.063    30.364    0         32.894    55.154    13.038    36.139    11.045    67.365    50.931    11.402    31.401    2.828    35.468    63.64    56.586    33.734    37.336    65.924    57.009    33.971    52.631    31.401    58.464    67.007    
36    68.6    29.017    35.355    39.825    7.616    32.894    41.976    21.213    60.415    47.011    36.056    28.636    7.211    36.139    31.016    58.822    37.656    35.805    53.367    36.249    24.083    28.636    37.947    38.471    38.471    56.036    43.174    51.42    53.141    25.298    6.325    35.468    42.379    2.828    32.894    0         29.12    30.067    4.472    43.681    40.249    26.306    22.361    30.594    34.205    34.234    37.736    29.732    4.472    4.472    40.497    56.036    36.878    24.166    30.594    35.384    37.363    
37    51.478    57.706    54.203    54.203    25.02    4.243    49.578    38.288    44.654    71.847    52.802    49.518    32.062    56.727    53.759    46.519    57.009    53.31    80.1    59.414    43.863    2.0    48.826    57.201    67.469    43.863    62.801    78.102    78.638    4.0    26.077    54.424    52.802    31.623    55.154    29.12    0         46.043    30.265    64.031    53.852    4.472    43.863    59.666    55.227    63.151    53.666    2.0    32.558    26.306    56.356    43.863    65.97    6.325    59.666    55.027    47.202    
38    94.921    42.45    8.602    68.308    37.014    50.22    71.847    9.055    51.01    66.528    63.906    8.246    36.497    12.083    13.038    46.174    11.402    63.325    68.411    17.263    7.211    44.407    67.469    11.314    46.648    44.045    16.971    66.843    70.767    43.909    36.0    62.241    71.805    28.284    13.038    30.067    46.043    0         34.234    18.439    68.964    41.617    10.0    40.0    11.402    44.407    65.788    47.707    32.558    34.0    68.352    44.045    43.909    44.721    40.0    61.741    67.082    
39    66.287    27.459    39.115    35.355    5.831    33.734    37.656    25.495    64.14    43.658    31.623    32.249    2.828    39.623    34.205    62.801    41.304    31.401    50.636    39.217    28.0    30.067    33.526    42.19    37.363    60.0    46.69    48.662    50.0    26.306    4.472    31.145    37.947    6.0    36.139    4.472    30.265    34.234    0         47.074    35.777    28.0    26.077    29.732    37.656    32.985    33.287    30.594    2.828    4.0    36.056    60.0    36.056    24.739    29.732    31.113    32.985    
40    111.4    44.385    9.899    77.318    51.245    68.25    83.054    25.807    66.287    68.425    72.443    15.232    48.662    7.616    13.038    60.531    7.071    71.568    67.201    9.487    20.591    62.482    78.0    7.211    44.407    58.856    2.0    66.03    71.021    61.612    50.0    69.871    82.024    41.231    11.045    43.681    64.031    18.439    47.074    0         78.23    59.666    21.541    40.249    9.487    43.909    74.431    65.605    44.721    48.083    76.655    58.856    41.617    62.129    40.249    69.051    78.026    
41    57.775    38.601    72.18    1.414    35.805    55.009    10.296    60.745    96.26    30.232    6.325    65.115    33.106    71.568    65.376    96.208    73.824    7.616    41.617    69.065    62.097    54.918    6.0    74.967    46.519    93.381    78.409    40.0    36.715    50.478    36.056    10.296    5.657    41.231    67.365    40.249    53.852    68.964    35.777    78.23    0         54.406    59.666    43.681    69.584    43.081    4.472    52.839    36.77    37.736    4.472    93.381    47.539    47.707    43.681    11.662    8.0    
42    55.731    55.227    49.82    54.644    23.195    8.602    50.931    33.971    42.638    70.612    52.839    45.255    30.067    52.402    49.578    43.909    52.631    53.235    78.409    55.227    39.598    2.828    49.679    52.802    64.777    41.183    58.412    76.42    77.279    4.472    24.083    54.129    53.814    28.636    50.931    26.306    4.472    41.617    28.0    59.666    54.406    0         39.699    56.886    50.931    60.531    53.852    6.325    30.067    24.0    56.604    41.183    63.151    7.211    56.886    54.626    48.166    
43    89.9    32.65    13.038    58.941    29.833    48.104    63.198    7.071    57.428    56.586    54.406    6.325    28.0    13.928    9.899    53.367    15.297    53.759    58.822    15.556    2.828    42.521    58.549    16.125    37.577    50.99    20.881    57.201    60.959    41.037    28.636    52.555    62.801    20.1    11.402    22.361    43.863    10.0    26.077    21.541    59.666    39.699    0         30.529    12.083    34.986    56.321    45.255    24.0    26.683    58.822    50.99    34.928    41.231    30.529    52.0    58.31    
44    91.924    5.099    38.288    42.45    35.468    63.325    51.478    36.249    86.128    28.178    37.363    32.558    28.636    35.805    29.833    82.873    38.601    36.139    28.425    30.887    33.287    59.228    45.695    40.0    8.0    80.324    41.183    26.907    31.241    55.785    34.176    33.734    48.703    28.284    31.401    30.594    59.666    40.0    29.732    40.249    43.681    56.886    30.529    0         34.205    4.472    39.294    60.166    27.203    33.526    40.792    80.324    6.325    54.406    0.0    32.558    46.519    
45    101.98    37.736    4.472    68.731    41.761    59.464    74.0    16.971    62.129    62.129    63.953    5.831    39.319    2.0    4.472    57.009    4.472    63.151    62.241    6.0    11.402    53.759    69.065    5.831    39.623    55.009    9.055    60.877    65.437    52.631    40.522    61.612    73.171    31.78    2.828    34.205    55.227    11.402    37.656    9.487    69.584    50.931    12.083    34.205    0         38.288    65.924    56.727    35.355    38.601    68.25    55.009    36.797    53.009    34.205    60.877    69.007    
46    93.434    5.831    42.45    41.785    38.601    66.708    51.478    40.719    90.521    24.698    36.77    36.878    31.623    39.825    33.971    87.316    42.638    35.468    24.083    34.67    37.736    62.801    45.651    44.045    4.472    84.758    44.944    22.627    27.203    59.228    37.363    32.894    48.332    32.062    35.468    34.234    63.151    44.407    32.985    43.909    43.081    60.531    34.986    4.472    38.288    0         38.626    63.561    30.594    36.878    39.85    84.758    4.472    57.723    4.472    31.623    46.648    
47    61.27    34.205    68.659    3.162    33.971    55.154    14.213    57.775    95.131    26.42    2.0    61.612    30.529    67.897    61.66    94.763    70.214    3.162    37.736    65.192    58.822    54.589    8.944    71.386    42.048    91.935    74.673    36.056    33.106    50.12    34.059    5.831    10.0    38.471    63.64    37.736    53.666    65.788    33.287    74.431    4.472    53.852    56.321    39.294    65.924    38.626    0         52.802    34.0    35.609    2.828    91.935    43.081    47.413    39.294    7.211    10.77    
48    49.497    58.052    55.803    53.235    25.179    3.162    48.27    39.825    46.325    71.568    52.0    50.99    32.249    58.258    55.154    48.332    58.6    52.555    80.025    60.811    45.343    4.0    47.707    58.822    67.912    45.695    64.405    78.026    78.409    4.472    26.306    53.759    51.614    32.311    56.586    29.732    2.0    47.707    30.594    65.605    52.839    6.325    45.255    60.166    56.727    63.561    52.802    0         32.985    26.683    55.462    45.695    66.483    6.0    60.166    54.406    46.043    
49    69.065    25.179    37.014    36.249    8.602    36.139    39.319    24.042    64.885    42.544    32.249    30.067    4.0    37.336    31.78    63.246    39.115    31.906    49.031    36.688    26.077    32.249    34.928    40.05    34.928    60.465    44.407    47.074    48.703    28.636    7.211    31.401    39.294    4.472    33.734    4.472    32.558    32.558    2.828    44.721    36.77    30.067    24.0    27.203    35.355    30.594    34.0    32.985    0         6.325    36.715    60.465    33.526    27.203    27.203    31.241    34.525    
50    64.14    31.401    39.623    37.443    3.162    29.833    38.601    25.02    60.745    47.434    34.059    32.985    6.325    40.522    35.468    59.666    41.976    33.971    54.589    40.719    28.284    26.077    34.928    42.755    41.231    56.851    47.539    52.612    53.852    22.361    2.0    33.971    39.395    7.211    37.336    4.472    26.306    34.0    4.0    48.083    37.736    24.0    26.683    33.526    38.601    36.878    35.609    26.683    6.325    0         38.419    56.851    39.85    20.881    33.526    34.059    34.176    
51    62.241    35.693    71.063    3.162    36.797    57.775    14.765    60.415    97.949    25.807    4.472    64.031    33.287    70.214    63.953    97.591    72.567    5.099    37.202    67.365    61.351    57.306    10.198    73.756    43.081    94.763    76.942    35.609    32.249    52.839    36.878    7.071    10.0    41.183    65.924    40.497    56.356    68.352    36.056    76.655    4.472    56.604    58.822    40.792    68.25    39.85    2.828    55.462    36.715    38.419    0         94.763    44.272    50.12    40.792    8.246    12.166    
52    91.662    81.154    51.088    93.349    58.052    45.541    91.4    44.385    7.616    102.577    90.554    52.154    62.801    55.082    57.079    2.828    53.235    90.609    107.424    61.008    48.662    42.048    89.376    52.345    87.932    0.0    56.886    105.603    108.24    45.651    58.138    90.785    93.723    56.604    57.009    56.036    43.863    44.045    60.0    58.856    93.381    41.183    50.99    80.324    55.009    84.758    91.935    45.695    60.465    56.851    94.763    0         85.44    48.374    80.324    90.907    88.091    
53    97.622    9.899    41.11    46.239    41.785    69.642    55.946    41.11    91.444    27.893    41.231    36.056    34.928    38.184    32.65    87.932    41.012    39.925    25.612    32.65    37.577    65.513    50.12    42.426    2.828    85.44    42.802    24.413    29.53    62.097    40.497    37.336    52.802    34.525    33.971    36.878    65.97    43.909    36.056    41.617    47.539    63.151    34.928    6.325    36.797    4.472    43.081    66.483    33.526    39.85    44.272    85.44    0         60.729    6.325    36.056    51.108    
54    50.695    52.173    52.479    48.021    19.235    9.055    43.841    36.359    49.82    65.62    46.519    47.202    26.306    54.644    51.088    51.108    55.227    47.011    74.027    56.727    41.617    7.211    42.802    55.57    62.097    48.374    61.057    72.028    72.443    2.828    20.396    48.104    46.861    26.833    52.631    24.166    6.325    44.721    24.739    62.129    47.707    7.211    41.231    54.406    53.009    57.723    47.413    6.0    27.203    20.881    50.12    48.374    60.729    0         54.406    48.703    41.231    
55    91.924    5.099    38.288    42.45    35.468    63.325    51.478    36.249    86.128    28.178    37.363    32.558    28.636    35.805    29.833    82.873    38.601    36.139    28.425    30.887    33.287    59.228    45.695    40.0    8.0    80.324    41.183    26.907    31.241    55.785    34.176    33.734    48.703    28.284    31.401    30.594    59.666    40.0    29.732    40.249    43.681    56.886    30.529    0.0    34.205    4.472    39.294    60.166    27.203    33.526    40.792    80.324    6.325    54.406    0         32.558    46.519    
56    67.602    27.459    63.891    10.296    33.015    57.009    21.213    54.203    94.626    20.248    5.657    56.921    28.284    62.817    56.515    93.723    65.253    4.243    31.305    59.682    54.626    55.714    15.62    66.483    34.928    90.907    69.426    29.53    27.203    51.264    32.802    1.414    17.205    35.609    58.464    35.384    55.027    61.741    31.113    69.051    11.662    54.626    52.0    32.558    60.877    31.623    7.211    54.406    31.241    34.059    8.246    90.907    36.056    48.703    32.558    0         17.205    
57    50.537    41.593    71.176    9.055    31.78    48.021    5.099    58.464    90.521    37.121    11.662    64.125    30.594    71.007    65.008    90.907    73.062    13.038    48.374    69.181    60.531    48.415    2.0    74.108    50.478    88.091    78.0    46.648    43.863    44.045    32.311    15.811    5.657    38.833    67.007    37.363    47.202    67.082    32.985    78.026    8.0    48.166    58.31    46.519    69.007    46.648    10.77    46.043    34.525    34.176    12.166    88.091    51.108    41.231    46.519    17.205    0         


Demandas:
1: 0.0
2: 18.0
3: 16.0
4: 23.0
5: 20.0
6: 18.0
7: 19.0
8: 2.0
9: 4.0
10: 10.0
11: 2.0
12: 26.0
13: 21.0
14: 10.0
15: 8.0
16: 20.0
17: 21.0
18: 4.0
19: 5.0
20: 15.0
21: 18.0
22: 2.0
23: 21.0
24: 20.0
25: 23.0
26: 13.0
27: 22.0
28: 17.0
29: 11.0
30: 7.0
31: 13.0
32: 13.0
33: 16.0
34: 14.0
35: 25.0
36: 18.0
37: 2.0
38: 19.0
39: 6.0
40: 19.0
41: 9.0
42: 24.0
43: 2.0
44: 13.0
45: 17.0
46: 20.0
47: 24.0
48: 8.0
49: 15.0
50: 7.0
51: 7.0
52: 4.0
53: 22.0
54: 11.0
55: 10.0
56: 25.0
57: 24.0
+-+-+-+-+-+-+-+-+-+-+-+-+-+-+-+ SOLUCION INICIAL +-+-+-+-+-+-+-+-+-+-+-+-+-+-+-+-

Ruta #1: [1, 7, 33, 23, 57, 41, 51]
Costo asociado: 133.823      Capacidad: 96.0

Ruta #2: [1, 6, 48, 37, 22, 42, 30, 54, 5]
Costo asociado: 145.748      Capacidad: 92.0

Ruta #3: [1, 4, 47, 11, 18, 32, 56]
Costo asociado: 137.513      Capacidad: 91.0

Ruta #4: [1, 31, 50, 39, 13, 49, 34, 36]
Costo asociado: 151.16199999999998      Capacidad: 94.0

Ruta #5: [1, 8, 21, 43, 12, 15, 35, 45]
Costo asociado: 213.05400000000003      Capacidad: 98.0

Ruta #6: [1, 10, 29, 28, 19, 25, 53, 55]
Costo asociado: 226.60999999999999      Capacidad: 98.0

Ruta #7: [1, 2, 44, 46, 20, 14, 17]
Costo asociado: 245.906      Capacidad: 97.0

Ruta #8: [1, 9, 16, 26, 52, 38, 3, 24]
Costo asociado: 260.83900000000006      Capacidad: 96.0

Ruta #9: [1, 27, 40]
Costo asociado: 223.971      Capacidad: 41.0

--> Costo total: 1738.6260000000002          Capacidad total: 803.0

+-+-+-+-+-+-+-+-+-+-+-+-+-+-+-+-+-+-+- Iteracion 8  +-+-+-+-+-+-+-+-+-+-+-+-+-+-+-+-+-+-+-


Ruta #1: [1, 7, 33, 23, 57, 41, 51]
Costo asociado: 133.823      Capacidad: 96.0

Ruta #2: [1, 6, 48, 37, 22, 42, 30, 54, 5]
Costo asociado: 145.748      Capacidad: 92.0

Ruta #3: [1, 4, 47, 11, 18, 32, 56]
Costo asociado: 137.513      Capacidad: 91.0

Ruta #4: [1, 31, 50, 39, 13, 49, 34, 36]
Costo asociado: 151.16199999999998      Capacidad: 94.0

Ruta #5: [1, 8, 21, 43, 12, 15, 35, 45]
Costo asociado: 213.05400000000003      Capacidad: 98.0

Ruta #6: [1, 10, 29, 28, 19, 25, 53, 55]
Costo asociado: 226.60999999999999      Capacidad: 98.0

Ruta #7: [1, 2, 44, 46, 20, 14, 17]
Costo asociado: 245.906      Capacidad: 97.0

Ruta #8: [1, 9, 16, 26, 52, 38, 3, 24]
Costo asociado: 260.83900000000006      Capacidad: 96.0

Ruta #9: [1, 27, 40]
Costo asociado: 223.971      Capacidad: 41.0

--> Costo total: 1738.326          Capacidad total: 803.0

+-+-+-+-+-+-+-+-+-+-+-+-+-+-+-+-+-+-+- Iteracion 8  +-+-+-+-+-+-+-+-+-+-+-+-+-+-+-+-+-+-+-

La solución anterior duró 0min 0seg    -------> Nuevo optimo local. Costo: 1738.326
Lista tabu: [((22,42,2.828),2), ((30,54,2.828),2), ((22,30,4.472),1), ((49,34,4.472),3), ((36,1,68.6),3), ((36,49,4.472),2), ((21,43,2.828),4), ((35,45,2.828),4), ((21,35,11.402),3), ((6,48,3.162),5), ((54,5,19.235),5), ((6,54,9.055),4), ((39,13,2.828),6), ((49,34,4.472),6), ((39,49,2.828),5), ((31,50,2.0),7), ((49,34,4.472),7), ((31,49,7.211),6), ((25,53,2.828),8), ((55,1,91.924),8), ((25,55,8.0),7)]

+-+-+-+-+-+-+-+-+-+-+-+-+-+-+-+-+-+-+- Iteracion 11  +-+-+-+-+-+-+-+-+-+-+-+-+-+-+-+-+-+-+-


Ruta #1: [1, 7, 33, 23, 57, 51, 41]
Costo asociado: 133.523      Capacidad: 96.0

Ruta #2: [1, 6, 48, 37, 22, 42, 30, 54, 5]
Costo asociado: 145.748      Capacidad: 92.0

Ruta #3: [1, 4, 47, 11, 18, 32, 56]
Costo asociado: 137.513      Capacidad: 91.0

Ruta #4: [1, 31, 50, 39, 13, 49, 34, 36]
Costo asociado: 151.16199999999998      Capacidad: 94.0

Ruta #5: [1, 8, 21, 43, 12, 15, 35, 45]
Costo asociado: 213.05400000000003      Capacidad: 98.0

Ruta #6: [1, 10, 29, 28, 19, 25, 53, 55]
Costo asociado: 226.60999999999999      Capacidad: 98.0

Ruta #7: [1, 2, 44, 46, 20, 14, 17]
Costo asociado: 245.906      Capacidad: 97.0

Ruta #8: [1, 9, 16, 26, 52, 38, 3, 24]
Costo asociado: 260.83900000000006      Capacidad: 96.0

Ruta #9: [1, 27, 40]
Costo asociado: 223.971      Capacidad: 41.0

--> Costo total: 1738.3030000000003          Capacidad total: 803.0

+-+-+-+-+-+-+-+-+-+-+-+-+-+-+-+-+-+-+- Iteracion 11  +-+-+-+-+-+-+-+-+-+-+-+-+-+-+-+-+-+-+-

La solución anterior duró 0min 0seg    -------> Nuevo optimo local. Costo: 1738.3030000000003
Lista tabu: [((21,43,2.828),1), ((35,45,2.828),1), ((6,48,3.162),2), ((54,5,19.235),2), ((6,54,9.055),1), ((39,13,2.828),3), ((49,34,4.472),3), ((39,49,2.828),2), ((31,50,2.0),4), ((49,34,4.472),4), ((31,49,7.211),3), ((25,53,2.828),5), ((55,1,91.924),5), ((25,55,8.0),4), ((57,41,8.0),11), ((51,1,62.241),11), ((51,57,12.166),9), ((21,43,2.828),7), ((27,40,2.0),7), ((21,40,20.591),6), ((48,37,2.0),8), ((22,42,2.828),8), ((22,48,4.0),7)]

+-+-+-+-+-+-+-+-+-+-+-+-+-+-+-+-+-+-+- Iteracion 20  +-+-+-+-+-+-+-+-+-+-+-+-+-+-+-+-+-+-+-


Ruta #1: [1, 7, 41, 51, 57, 23, 33]
Costo asociado: 133.5      Capacidad: 96.0

Ruta #2: [1, 6, 48, 37, 22, 42, 30, 54, 5]
Costo asociado: 145.748      Capacidad: 92.0

Ruta #3: [1, 4, 47, 11, 18, 32, 56]
Costo asociado: 137.513      Capacidad: 91.0

Ruta #4: [1, 31, 50, 39, 13, 49, 34, 36]
Costo asociado: 151.16199999999998      Capacidad: 94.0

Ruta #5: [1, 8, 21, 43, 12, 15, 35, 45]
Costo asociado: 213.05400000000003      Capacidad: 98.0

Ruta #6: [1, 10, 29, 28, 19, 25, 53, 55]
Costo asociado: 226.60999999999999      Capacidad: 98.0

Ruta #7: [1, 2, 44, 46, 20, 14, 17]
Costo asociado: 245.906      Capacidad: 97.0

Ruta #8: [1, 9, 16, 26, 52, 38, 3, 24]
Costo asociado: 260.83900000000006      Capacidad: 96.0

Ruta #9: [1, 27, 40]
Costo asociado: 223.971      Capacidad: 41.0

--> Costo total: 1737.4730000000002          Capacidad total: 803.0

+-+-+-+-+-+-+-+-+-+-+-+-+-+-+-+-+-+-+- Iteracion 20  +-+-+-+-+-+-+-+-+-+-+-+-+-+-+-+-+-+-+-

La solución anterior duró 0min 0seg    -------> Nuevo optimo local. Costo: 1737.4730000000002
Lista tabu: [((57,41,8.0),2), ((51,1,62.241),2), ((7,33,5.099),5), ((41,1,57.775),5), ((7,41,10.296),3), ((27,40,2.0),1), ((15,35,2.0),1), ((47,11,2.0),2), ((18,32,2.828),2), ((18,47,3.162),1), ((31,50,2.0),3), ((13,49,4.0),3), ((13,31,6.0),2), ((48,37,2.0),4), ((54,5,19.235),4), ((48,54,6.0),3), ((20,14,6.325),5), ((27,40,2.0),5), ((20,40,9.487),4), ((48,37,2.0),6), ((30,54,2.828),6), ((30,48,4.472),5), ((35,45,2.828),7), ((27,40,2.0),7), ((35,40,11.045),6), ((50,39,4.0),8), ((49,34,4.472),8), ((49,50,6.325),7)]

+-+-+-+-+-+-+-+-+-+-+-+-+-+-+-+-+-+-+- Iteracion 23  +-+-+-+-+-+-+-+-+-+-+-+-+-+-+-+-+-+-+-


Ruta #1: [1, 7, 41, 51, 57, 23, 33]
Costo asociado: 133.5      Capacidad: 96.0

Ruta #2: [1, 6, 48, 37, 22, 42, 30, 54, 5]
Costo asociado: 145.748      Capacidad: 92.0

Ruta #3: [1, 4, 47, 11, 18, 32, 56]
Costo asociado: 137.513      Capacidad: 91.0

Ruta #4: [1, 31, 50, 39, 13, 49, 34, 36]
Costo asociado: 151.16199999999998      Capacidad: 94.0

Ruta #5: [1, 8, 27, 40]
Costo asociado: 224.261      Capacidad: 43.0

Ruta #6: [1, 10, 29, 28, 19, 25, 53, 55]
Costo asociado: 226.60999999999999      Capacidad: 98.0

Ruta #7: [1, 2, 44, 46, 20, 14, 17]
Costo asociado: 245.906      Capacidad: 97.0

Ruta #8: [1, 9, 16, 26, 52, 38, 3, 24]
Costo asociado: 260.83900000000006      Capacidad: 96.0

Ruta #9: [1, 21, 43, 12, 15, 35, 45]
Costo asociado: 211.93400000000003      Capacidad: 96.0

--> Costo total: 1737.338          Capacidad total: 803.0

+-+-+-+-+-+-+-+-+-+-+-+-+-+-+-+-+-+-+- Iteracion 23  +-+-+-+-+-+-+-+-+-+-+-+-+-+-+-+-+-+-+-

