+-+-+-+-+-+-+-+-+-+-+-+-+-+-+ GRAFO CARGADO +-+-+-+-+-+-+-+-+-+-+-+-+-+-+-
        1         2         3         4         5         6         7         8         9         10        11        12        13        14        15        16        17        18        19        20        21        22        23        24        25        26        27        28        29        30        31        32        33        34        35        36        37        38        39        40        41        42        43
1     0         66.098    61.294    39.623    9.0    24.187    68.542    51.01    60.208    43.0    52.24    40.0    58.138    44.407    67.231    56.009    54.0    48.042    42.202    64.661    18.028    21.024    65.513    64.382    69.771    17.088    45.891    14.866    68.964    17.117    39.446    57.14    16.492    15.133    51.088    11.705    60.0    76.4    58.078    50.09    16.401    11.662    50.488    
2     66.098    0         7.211    55.902    68.308    63.151    39.051    17.804    8.602    25.06    14.765    60.141    10.63    61.847    23.087    14.213    16.279    22.023    45.651    24.166    71.176    66.611    46.872    5.099    44.102    76.322    29.0    74.673    22.561    73.007    64.351    11.314    74.465    63.071    20.518    72.732    13.0    11.402    11.402    21.213    79.057    74.33    24.207    
3     61.294    7.211    0         48.795    62.817    60.729    33.061    11.18    1.414    18.974    9.055    53.038    3.606    54.672    28.16    7.071    9.22    15.264    45.607    28.636    67.897    63.789    40.311    3.162    38.013    70.52    21.932    68.964    28.018    67.067    57.28    4.472    68.622    59.682    13.454    67.186    6.083    18.385    4.243    14.213    73.498    68.884    17.029    
4     39.623    55.902    48.795    0         33.601    58.181    36.056    38.419    47.381    33.121    42.202    4.243    45.277    7.071    70.214    41.725    39.623    34.205    63.032    68.942    56.613    57.306    29.428    51.624    35.128    35.468    26.907    35.341    71.12    31.385    8.602    44.598    33.615    50.606    35.384    35.847    43.932    67.179    44.553    34.713    40.311    38.079    31.828    
5     9.0    68.308    62.817    33.601    0         33.136    65.521    51.971    61.612    43.932    53.852    33.242    59.439    37.483    72.201    56.886    54.745    48.508    49.739    69.814    26.683    30.017    61.327    65.97    66.129    9.22    45.0    7.071    73.817    8.246    32.016    58.464    8.062    24.083    51.352    4.472    60.671    79.12    59.228    50.359    10.77    6.083    50.04    
6     24.187    63.151    60.729    58.181    33.136    0         78.746    53.226    60.083    46.648    52.555    59.808    58.523    64.257    55.902    57.775    56.365    51.971    24.166    52.953    11.402    5.0    78.568    63.325    81.345    41.0    53.413    38.833    57.871    41.304    60.44    57.585    40.608    9.055    55.073    35.693    61.847    71.176    58.873    54.203    39.217    35.171    56.303    
7     68.542    39.051    33.061    36.056    65.521    78.746    0         30.463    32.14    33.601    33.838    39.319    31.401    38.079    61.205    28.862    28.46    29.155    71.868    61.522    81.835    80.0    9.899    34.015    5.099    69.871    25.456    69.231    61.074    65.765    43.566    31.575    67.897    74.061    26.833    68.884    27.166    47.297    30.414    27.295    74.33    71.063    23.854    
8     51.01    17.804    11.18    38.419    51.971    53.226    30.463    0         9.849    8.062    4.123    42.638    7.616    44.654    33.734    5.0    3.162    4.243    42.012    33.242    59.203    55.714    35.355    14.318    34.785    59.481    11.662    57.974    34.205    55.973    46.755    6.708    57.567    50.961    4.0    56.294    9.055    29.206    7.28    4.123    62.586    58.052    8.062    
9     60.208    8.602    1.414    47.381    61.612    60.083    32.14    9.849    0         17.72    8.0    51.624    2.236    53.263    29.069    5.657    7.81    13.892    45.453    29.428    67.082    63.063    39.205    4.472    37.054    69.26    20.518    67.72    29.0    65.788    55.866    3.162    67.357    58.856    12.042    65.97    5.0    19.799    2.828    12.806    72.277    67.683    15.62    
10    43.0    25.06    18.974    33.121    43.932    46.648    33.601    8.062    17.72    0         10.296    37.216    15.524    39.812    37.162    13.038    11.0    5.385    38.471    36.056    51.865    48.754    36.401    22.136    37.216    51.546    9.22    50.0    38.013    48.104    41.049    14.56    49.649    43.658    8.544    48.27    17.0    36.359    15.297    7.616    54.571    50.01    9.899    
11    52.24    14.765    9.055    42.202    53.852    52.555    33.838    4.123    8.0    10.296    0         46.4    6.083    48.549    29.614    5.657    5.385    8.062    39.623    29.155    59.228    55.362    39.205    12.166    38.328    61.685    15.652    60.083    30.083    58.31    50.448    5.099    59.808    50.99    8.062    58.241    9.434    26.077    6.325    8.246    64.56    59.908    12.166    
12    40.0    60.141    53.038    4.243    33.242    59.808    39.319    42.638    51.624    37.216    46.4    0         49.518    4.472    74.243    45.967    43.863    38.419    66.008    72.918    57.454    58.6    32.062    55.866    38.0    34.0    31.145    34.132    75.18    30.017    4.472    48.836    32.249    51.894    39.623    35.0    48.166    71.421    48.795    38.949    38.949    37.202    36.069    
13    58.138    10.63    3.606    45.277    59.439    58.523    31.401    7.616    2.236    15.524    6.083    49.518    0         51.225    30.0    3.606    5.657    11.662    44.598    30.15    65.307    61.4    38.053    6.708    36.222    67.052    18.385    65.521    30.067    63.569    53.74    1.0    65.146    57.07    9.899    63.789    4.472    21.932    1.0    10.63    70.093    65.513    13.601    
14    44.407    61.847    54.672    7.071    37.483    64.257    38.079    44.654    53.263    39.812    48.549    4.472    51.225    0         76.968    47.634    45.607    40.497    70.007    75.769    61.911    63.071    30.067    57.385    36.222    37.736    33.015    38.013    77.82    33.838    6.325    50.606    36.056    56.365    41.4    39.051    49.518    73.0    50.448    40.804    42.72    41.231    37.643    
15    67.231    23.087    28.16    70.214    72.201    55.902    61.205    33.734    29.069    37.162    29.614    74.243    30.0    76.968    0         33.061    34.234    37.363    33.0    3.0    66.219    60.415    68.029    27.659    66.121    81.216    44.922    79.202    2.0    78.746    77.897    30.017    79.649    59.135    37.656    76.609    34.059    21.932    31.0    37.855    82.662    77.666    41.773    
16    56.009    14.213    7.071    41.725    56.886    57.775    28.862    5.0    5.657    13.038    5.657    45.967    3.606    47.634    33.061    0         2.236    8.544    45.277    33.015    64.031    60.407    35.0    10.0    33.541    64.288    14.866    62.817    33.242    60.729    50.21    3.162    62.362    55.785    6.403    61.188    4.123    25.456    2.828    7.211    67.469    62.968    10.0    
17    54.0    16.279    9.22    39.623    54.745    56.365    28.46    3.162    7.81    11.0    5.385    43.863    5.657    45.607    34.234    2.236    0         6.325    44.688    34.015    62.362    58.873    34.059    12.207    32.985    62.097    12.728    60.638    34.525    58.523    48.083    5.0    60.166    54.12    4.243    59.034    6.0    27.586    5.0    5.0    65.307    60.828    8.062    
18    48.042    22.023    15.264    34.205    48.508    51.971    29.155    4.243    13.892    5.385    8.062    38.419    11.662    40.497    37.363    8.544    6.325    0         42.72    36.674    57.245    54.129    32.985    18.358    33.106    55.785    7.616    54.342    37.947    52.202    42.521    10.817    53.852    49.041    3.162    52.773    12.166    33.422    11.18    2.236    59.034    54.589    5.385    
19    42.202    45.651    45.607    63.032    49.739    24.166    71.868    42.012    45.453    38.471    39.623    66.008    44.598    70.007    33.0    45.277    44.688    42.72    0         30.0    35.355    29.069    74.733    47.434    75.664    58.83    47.424    56.604    35.0    57.706    68.184    43.863    57.801    29.833    45.222    53.535    48.795    51.245    45.277    44.654    58.6    53.824    48.021    
20    64.661    24.166    28.636    68.942    69.814    52.953    61.522    33.242    29.428    36.056    29.155    72.918    30.15    75.769    3.0    33.015    34.015    36.674    30.0    0         63.325    57.489    68.007    28.46    66.37    78.873    44.147    76.837    5.0    76.485    76.479    30.067    77.337    56.303    37.216    74.202    34.366    24.207    31.145    37.336    80.212    75.213    41.304    
21    18.028    71.176    67.897    56.613    26.683    11.402    81.835    59.203    67.082    51.865    59.228    57.454    65.307    61.911    66.219    64.031    62.362    57.245    35.355    63.325    0         6.403    80.281    70.711    83.815    33.0    57.245    31.016    68.154    34.234    57.245    64.327    33.061    8.246    60.407    28.071    68.154    80.025    65.513    59.464    30.265    27.0    60.926    
22    21.024    66.611    63.789    57.306    30.017    5.0    80.0    55.714    63.063    48.754    55.362    58.6    61.4    63.071    60.415    60.407    58.873    54.129    29.069    57.489    6.403    0         79.209    66.491    82.329    37.336    54.918    35.228    62.37    38.013    58.873    60.44    37.121    6.708    57.271    32.14    64.514    75.027    61.685    56.365    35.171    31.401    58.181    
23    65.513    46.872    40.311    29.428    61.327    78.568    9.899    35.355    39.205    36.401    39.205    32.062    38.053    30.067    68.029    35.0    34.059    32.985    74.733    68.007    80.281    79.209    0         41.773    6.325    64.56    27.313    64.195    68.118    60.44    36.0    38.013    62.642    72.918    31.401    64.257    34.234    55.973    37.054    31.575    69.26    66.483    27.659    
24    64.382    5.099    3.162    51.624    65.97    63.325    34.015    14.318    4.472    22.136    12.166    55.866    6.708    57.385    27.659    10.0    12.207    18.358    47.434    28.46    70.711    66.491    41.773    0         39.051    73.682    24.839    72.125    27.295    70.228    60.141    7.616    71.784    62.514    16.401    70.342    8.062    15.62    7.211    17.205    76.655    72.035    19.799    
25    69.771    44.102    38.013    35.128    66.129    81.345    5.099    34.785    37.054    37.216    38.328    38.0    36.222    36.222    66.121    33.541    32.985    33.106    75.664    66.37    83.815    82.329    6.325    39.051    0         69.857    28.601    69.376    66.03    65.734    42.048    36.346    67.912    76.217    31.016    69.26    32.062    52.393    35.228    31.385    74.465    71.47    27.731    
26    17.088    76.322    70.52    35.468    9.22    41.0    69.871    59.481    69.26    51.546    61.685    34.0    67.052    37.736    81.216    64.288    62.097    55.785    58.83    78.873    33.0    37.336    64.56    73.682    69.857    0         51.478    2.236    82.801    4.123    31.623    66.098    2.0    32.016    58.464    5.385    67.912    87.321    66.761    57.489    5.0    6.0    56.719    
27    45.891    29.0    21.932    26.907    45.0    53.413    25.456    11.662    20.518    9.22    15.652    31.145    18.385    33.015    44.922    14.866    12.728    7.616    47.424    44.147    57.245    54.918    27.313    24.839    28.601    51.478    0         50.249    45.541    47.676    35.355    17.692    49.497    49.244    8.485    49.041    17.493    40.311    17.692    7.81    55.145    51.01    5.385    
28    14.866    74.673    68.964    35.341    7.071    38.833    69.231    57.974    67.72    50.0    60.083    34.132    65.521    38.013    79.202    62.817    60.638    54.342    56.604    76.837    31.016    35.228    64.195    72.125    69.376    2.236    50.249    0         80.802    4.243    32.016    64.56    2.236    29.833    57.07    3.162    66.491    85.615    65.253    56.089    5.099    4.123    55.444    
29    68.964    22.561    28.018    71.12    73.817    57.871    61.074    34.205    29.0    38.013    30.083    75.18    30.067    77.82    2.0    33.242    34.525    37.947    35.0    5.0    68.154    62.37    68.118    27.295    66.03    82.801    45.541    80.802    0         80.281    78.892    30.15    81.216    61.033    38.079    78.237    34.0    20.518    31.064    38.328    84.315    79.322    42.202    
30    17.117    73.007    67.067    31.385    8.246    41.304    65.765    55.973    65.788    48.104    58.31    30.017    63.569    33.838    78.746    60.729    58.523    52.202    57.706    76.485    34.234    38.013    60.44    70.228    65.734    4.123    47.676    4.243    80.281    0         27.803    62.626    2.236    32.249    54.818    6.325    64.288    84.095    63.246    53.852    8.944    8.062    52.953    
31    39.446    64.351    57.28    8.602    32.016    60.44    43.566    46.755    55.866    41.049    50.448    4.472    53.74    6.325    77.897    50.21    48.083    42.521    68.184    76.479    57.245    58.873    36.0    60.141    42.048    31.623    35.355    32.016    78.892    27.803    0         53.038    30.0    52.202    43.841    33.242    52.498    75.664    53.038    43.139    36.62    35.384    40.361    
32    57.14    11.314    4.472    44.598    58.464    57.585    31.575    6.708    3.162    14.56    5.099    48.836    1.0    50.606    30.017    3.162    5.0    10.817    43.863    30.067    64.327    60.44    38.013    7.616    36.346    66.098    17.692    64.56    30.15    62.626    53.038    0         64.195    56.089    9.22    62.817    5.0    22.672    1.414    9.899    69.123    64.537    13.038    
33    16.492    74.465    68.622    33.615    8.062    40.608    67.897    57.567    67.357    49.649    59.808    32.249    65.146    36.056    79.649    62.362    60.166    53.852    57.801    77.337    33.061    37.121    62.642    71.784    67.912    2.0    49.497    2.236    81.216    2.236    30.0    64.195    0         31.575    56.515    5.0    65.97    85.493    64.846    55.543    6.708    6.325    54.745    
34    15.133    63.071    59.682    50.606    24.083    9.055    74.061    50.961    58.856    43.658    50.99    51.894    57.07    56.365    59.135    55.785    54.12    49.041    29.833    56.303    8.246    6.708    72.918    62.514    76.217    32.016    49.244    29.833    61.033    32.249    52.202    56.089    31.575    0         52.202    26.683    59.908    72.111    57.271    51.264    30.463    26.249    52.802    
35    51.088    20.518    13.454    35.384    51.352    55.073    26.833    4.0    12.042    8.544    8.062    39.623    9.899    41.4    37.656    6.403    4.243    3.162    45.222    37.216    60.407    57.271    31.401    16.401    31.016    58.464    8.485    57.07    38.079    54.818    43.841    9.22    56.515    52.202    0         55.579    9.487    31.828    9.22    1.0    61.814    57.428    4.123    
36    11.705    72.732    67.186    35.847    4.472    35.693    68.884    56.294    65.97    48.27    58.241    35.0    63.789    39.051    76.609    61.188    59.034    52.773    53.535    74.202    28.071    32.14    64.257    70.342    69.26    5.385    49.041    3.162    78.237    6.325    33.242    62.817    5.0    26.683    55.579    0         64.938    83.57    63.561    54.589    6.325    2.236    54.148    
37    60.0    13.0    6.083    43.932    60.671    61.847    27.166    9.055    5.0    17.0    9.434    48.166    4.472    49.518    34.059    4.123    6.0    12.166    48.795    34.366    68.154    64.514    34.234    8.062    32.062    67.912    17.493    66.491    34.0    64.288    52.498    5.0    65.97    59.908    9.487    64.938    0         23.601    3.606    10.44    71.197    66.753    12.207    
38    76.4    11.402    18.385    67.179    79.12    71.176    47.297    29.206    19.799    36.359    26.077    71.421    21.932    73.0    21.932    25.456    27.586    33.422    51.245    24.207    80.025    75.027    55.973    15.62    52.393    87.321    40.311    85.615    20.518    84.095    75.664    22.672    85.493    72.111    31.828    83.57    23.601    0         22.627    32.558    89.889    85.094    35.384    
39    58.078    11.402    4.243    44.553    59.228    58.873    30.414    7.28    2.828    15.297    6.325    48.795    1.0    50.448    31.0    2.828    5.0    11.18    45.277    31.145    65.513    61.685    37.054    7.211    35.228    66.761    17.692    65.253    31.064    63.246    53.038    1.414    64.846    57.271    9.22    63.561    3.606    22.627    0         10.0    69.857    65.307    12.806    
40    50.09    21.213    14.213    34.713    50.359    54.203    27.295    4.123    12.806    7.616    8.246    38.949    10.63    40.804    37.855    7.211    5.0    2.236    44.654    37.336    59.464    56.365    31.575    17.205    31.385    57.489    7.81    56.089    38.328    53.852    43.139    9.899    55.543    51.264    1.0    54.589    10.44    32.558    10.0    0         60.828    56.436    4.0    
41    16.401    79.057    73.498    40.311    10.77    39.217    74.33    62.586    72.277    54.571    64.56    38.949    70.093    42.72    82.662    67.469    65.307    59.034    58.6    80.212    30.265    35.171    69.26    76.655    74.465    5.0    55.145    5.099    84.315    8.944    36.62    69.123    6.708    30.463    61.814    6.325    71.197    89.889    69.857    60.828    0         5.0    60.299    
42    11.662    74.33    68.884    38.079    6.083    35.171    71.063    58.052    67.683    50.01    59.908    37.202    65.513    41.231    77.666    62.968    60.828    54.589    53.824    75.213    27.0    31.401    66.483    72.035    71.47    6.0    51.01    4.123    79.322    8.062    35.384    64.537    6.325    26.249    57.428    2.236    66.753    85.094    65.307    56.436    5.0    0         56.08    
43    50.488    24.207    17.029    31.828    50.04    56.303    23.854    8.062    15.62    9.899    12.166    36.069    13.601    37.643    41.773    10.0    8.062    5.385    48.021    41.304    60.926    58.181    27.659    19.799    27.731    56.719    5.385    55.444    42.202    52.953    40.361    13.038    54.745    52.802    4.123    54.148    12.207    35.384    12.806    4.0    60.299    56.08    0         


Demandas:
1: 0.0
2: 25.0
3: 19.0
4: 8.0
5: 10.0
6: 1.0
7: 14.0
8: 11.0
9: 20.0
10: 23.0
11: 3.0
12: 4.0
13: 6.0
14: 23.0
15: 7.0
16: 15.0
17: 13.0
18: 3.0
19: 11.0
20: 24.0
21: 8.0
22: 14.0
23: 8.0
24: 9.0
25: 24.0
26: 10.0
27: 19.0
28: 10.0
29: 5.0
30: 7.0
31: 23.0
32: 11.0
33: 12.0
34: 4.0
35: 11.0
36: 16.0
37: 22.0
38: 24.0
39: 12.0
40: 5.0
41: 11.0
42: 7.0
43: 9.0
+-+-+-+-+-+-+-+-+-+-+-+-+-+-+-+ SOLUCION INICIAL +-+-+-+-+-+-+-+-+-+-+-+-+-+-+-+-

Ruta #1: [1, 5, 36, 42, 28, 26, 33, 30, 41, 21]
Costo asociado: 83.53999999999999      Capacidad: 91.0

Ruta #2: [1, 34, 22, 6, 19, 20, 15, 29, 38]
Costo asociado: 182.925      Capacidad: 90.0

Ruta #3: [1, 31, 12, 4, 14, 23, 25]
Costo asociado: 161.395      Capacidad: 90.0

Ruta #4: [1, 10, 18, 40, 35, 8, 17, 16, 39]
Costo asociado: 121.925      Capacidad: 93.0

Ruta #5: [1, 27, 43, 11, 32, 13, 9, 3]
Costo asociado: 134.485      Capacidad: 87.0

Ruta #6: [1, 37, 24, 2, 7]
Costo asociado: 180.75400000000002      Capacidad: 70.0

--> Costo total: 865.024          Capacidad total: 521.0

+-+-+-+-+-+-+-+-+-+-+-+-+-+-+-+-+-+-+- Iteracion 11  +-+-+-+-+-+-+-+-+-+-+-+-+-+-+-+-+-+-+-


Ruta #1: [1, 5, 36, 42, 28, 26, 33, 30, 41, 21]
Costo asociado: 83.53999999999999      Capacidad: 91.0

Ruta #2: [1, 34, 22, 6, 19, 20, 15, 29, 38]
Costo asociado: 182.925      Capacidad: 90.0

Ruta #3: [1, 31, 12, 4, 14, 23, 25]
Costo asociado: 161.395      Capacidad: 90.0

Ruta #4: [1, 10, 18, 40, 35, 8, 17, 16, 39]
Costo asociado: 121.925      Capacidad: 93.0

Ruta #5: [1, 27, 43, 11, 32, 13, 9, 3]
Costo asociado: 134.485      Capacidad: 87.0

Ruta #6: [1, 37, 24, 2, 7]
Costo asociado: 180.75400000000002      Capacidad: 70.0

--> Costo total: 863.74          Capacidad total: 521.0

+-+-+-+-+-+-+-+-+-+-+-+-+-+-+-+-+-+-+- Iteracion 11  +-+-+-+-+-+-+-+-+-+-+-+-+-+-+-+-+-+-+-

La solución anterior duró 0min 0seg    -------> Nuevo optimo local. Costo: 863.74
Lista tabu: [((27,43,5.385),1), ((32,13,1.0),1), ((42,28,4.123),2), ((41,21,30.265),2), ((41,42,5.0),1), ((11,32,5.099),3), ((37,24,8.062),3), ((11,24,12.166),2), ((40,35,1.0),4), ((17,16,2.236),4), ((17,40,5.0),3), ((40,35,1.0),5), ((16,39,2.828),5), ((16,40,7.211),4), ((5,36,4.472),6), ((42,28,4.123),6), ((5,42,6.083),5), ((2,7,39.051),7), ((17,16,2.236),7), ((2,16,14.213),6)]

+-+-+-+-+-+-+-+-+-+-+-+-+-+-+-+-+-+-+- Iteracion 15  +-+-+-+-+-+-+-+-+-+-+-+-+-+-+-+-+-+-+-


Ruta #1: [1, 5, 36, 42, 28, 26, 33, 30, 41, 21]
Costo asociado: 83.53999999999999      Capacidad: 91.0

Ruta #2: [1, 34, 22, 6, 19, 20, 15, 29, 38]
Costo asociado: 182.925      Capacidad: 90.0

Ruta #3: [1, 31, 12, 4, 14, 23, 25]
Costo asociado: 161.395      Capacidad: 90.0

Ruta #4: [1, 10, 18, 40, 35, 8, 17, 16, 39]
Costo asociado: 121.925      Capacidad: 93.0

Ruta #5: [1, 27, 43, 11, 32, 13, 7]
Costo asociado: 169.48399999999998      Capacidad: 62.0

Ruta #6: [1, 37, 24, 2, 9, 3]
Costo asociado: 144.471      Capacidad: 95.0

--> Costo total: 860.597          Capacidad total: 521.0

+-+-+-+-+-+-+-+-+-+-+-+-+-+-+-+-+-+-+- Iteracion 15  +-+-+-+-+-+-+-+-+-+-+-+-+-+-+-+-+-+-+-

La solución anterior duró 0min 0seg    -------> Nuevo optimo local. Costo: 860.597
Lista tabu: [((40,35,1.0),1), ((16,39,2.828),1), ((5,36,4.472),2), ((42,28,4.123),2), ((5,42,6.083),1), ((2,7,39.051),3), ((17,16,2.236),3), ((2,16,14.213),2), ((2,7,39.051),8), ((13,9,2.236),8), ((2,9,8.602),7), ((42,28,4.123),5), ((41,21,30.265),5), ((41,42,5.0),4), ((5,36,4.472),6), ((28,26,2.236),6), ((5,28,7.071),5), ((27,43,5.385),7), ((32,13,1.0),7), ((27,32,17.692),6)]

+-+-+-+-+-+-+-+-+-+-+-+-+-+-+-+-+-+-+- Iteracion 16  +-+-+-+-+-+-+-+-+-+-+-+-+-+-+-+-+-+-+-


Ruta #1: [1, 5, 36, 42, 28, 26, 33, 30, 41, 21]
Costo asociado: 83.53999999999999      Capacidad: 91.0

Ruta #2: [1, 34, 22, 6, 19, 20, 15, 29, 38]
Costo asociado: 182.925      Capacidad: 90.0

Ruta #3: [1, 31, 12, 4, 14, 23, 25]
Costo asociado: 161.395      Capacidad: 90.0

Ruta #4: [1, 10, 18, 40, 35, 8, 11, 32, 13, 7]
Costo asociado: 165.786      Capacidad: 87.0

Ruta #5: [1, 27, 43, 17, 16, 39]
Costo asociado: 122.47999999999999      Capacidad: 68.0

Ruta #6: [1, 37, 24, 2, 9, 3]
Costo asociado: 144.471      Capacidad: 95.0

--> Costo total: 859.283          Capacidad total: 521.0

+-+-+-+-+-+-+-+-+-+-+-+-+-+-+-+-+-+-+- Iteracion 16  +-+-+-+-+-+-+-+-+-+-+-+-+-+-+-+-+-+-+-

La solución anterior duró 0min 0seg    -------> Nuevo optimo local. Costo: 859.283
Lista tabu: [((5,36,4.472),1), ((42,28,4.123),1), ((2,7,39.051),2), ((17,16,2.236),2), ((2,16,14.213),1), ((2,7,39.051),7), ((13,9,2.236),7), ((2,9,8.602),6), ((42,28,4.123),4), ((41,21,30.265),4), ((41,42,5.0),3), ((5,36,4.472),5), ((28,26,2.236),5), ((5,28,7.071),4), ((27,43,5.385),6), ((32,13,1.0),6), ((27,32,17.692),5), ((8,17,3.162),11), ((43,11,12.166),11), ((8,11,4.123),10)]

+-+-+-+-+-+-+-+-+-+-+-+-+-+-+-+-+-+-+- Iteracion 54  +-+-+-+-+-+-+-+-+-+-+-+-+-+-+-+-+-+-+-


Ruta #1: [1, 5, 36, 42, 28, 26, 33, 30, 41, 21]
Costo asociado: 83.53999999999999      Capacidad: 91.0

Ruta #2: [1, 34, 22, 6, 19, 20, 15, 29, 38]
Costo asociado: 182.925      Capacidad: 90.0

Ruta #3: [1, 31, 12, 4, 14, 23, 25]
Costo asociado: 161.395      Capacidad: 90.0

Ruta #4: [1, 10, 18, 40, 35, 8, 11, 32, 13, 7]
Costo asociado: 165.786      Capacidad: 87.0

Ruta #5: [1, 27, 43, 17, 16, 39]
Costo asociado: 122.47999999999999      Capacidad: 68.0

Ruta #6: [1, 37, 9, 2, 24, 3]
Costo asociado: 143.157      Capacidad: 95.0

--> Costo total: 859.202          Capacidad total: 521.0

+-+-+-+-+-+-+-+-+-+-+-+-+-+-+-+-+-+-+- Iteracion 54  +-+-+-+-+-+-+-+-+-+-+-+-+-+-+-+-+-+-+-

La solución anterior duró 0min 0seg    -------> Nuevo optimo local. Costo: 859.202
Lista tabu: [((37,9,5.0),1), ((2,24,5.099),1), ((18,40,2.236),2), ((35,8,4.0),2), ((18,35,3.162),1), ((27,43,5.385),3), ((18,40,2.236),3), ((27,40,7.81),2), ((16,39,2.828),4), ((11,32,5.099),4), ((16,32,3.162),3), ((18,40,2.236),5), ((13,7,31.401),5), ((13,18,11.662),4), ((33,30,2.236),6), ((41,21,30.265),6), ((33,41,6.708),5), ((17,16,2.236),7), ((39,1,58.078),7), ((17,39,5.0),6)]

+-+-+-+-+-+-+-+-+-+-+-+-+-+-+-+-+-+-+- Iteracion 55  +-+-+-+-+-+-+-+-+-+-+-+-+-+-+-+-+-+-+-


Ruta #1: [1, 5, 36, 42, 28, 26, 33, 30, 41, 21]
Costo asociado: 83.53999999999999      Capacidad: 91.0

Ruta #2: [1, 34, 22, 6, 19, 20, 15, 29, 38]
Costo asociado: 182.925      Capacidad: 90.0

Ruta #3: [1, 31, 12, 4, 14, 23, 25]
Costo asociado: 161.395      Capacidad: 90.0

Ruta #4: [1, 10, 18, 40, 35, 8, 11, 32, 13, 7]
Costo asociado: 165.786      Capacidad: 87.0

Ruta #5: [1, 27, 43, 17, 16, 39]
Costo asociado: 122.47999999999999      Capacidad: 68.0

Ruta #6: [1, 37, 9, 24, 2, 3]
Costo asociado: 143.076      Capacidad: 95.0

--> Costo total: 859.0889999999999          Capacidad total: 521.0

+-+-+-+-+-+-+-+-+-+-+-+-+-+-+-+-+-+-+- Iteracion 55  +-+-+-+-+-+-+-+-+-+-+-+-+-+-+-+-+-+-+-

La solución anterior duró 0min 0seg    -------> Nuevo optimo local. Costo: 859.0889999999999
Lista tabu: [((18,40,2.236),1), ((35,8,4.0),1), ((27,43,5.385),2), ((18,40,2.236),2), ((27,40,7.81),1), ((16,39,2.828),3), ((11,32,5.099),3), ((16,32,3.162),2), ((18,40,2.236),4), ((13,7,31.401),4), ((13,18,11.662),3), ((33,30,2.236),5), ((41,21,30.265),5), ((33,41,6.708),4), ((17,16,2.236),6), ((39,1,58.078),6), ((17,39,5.0),5), ((9,2,8.602),11), ((24,3,3.162),11), ((9,24,4.472),10)]

+-+-+-+-+-+-+-+-+-+-+-+-+-+-+-+-+-+-+- Iteracion 81  +-+-+-+-+-+-+-+-+-+-+-+-+-+-+-+-+-+-+-


Ruta #1: [1, 5, 36, 42, 28, 26, 30, 33, 41, 21]
Costo asociado: 83.42699999999999      Capacidad: 91.0

Ruta #2: [1, 34, 22, 6, 19, 20, 15, 29, 38]
Costo asociado: 182.925      Capacidad: 90.0

Ruta #3: [1, 31, 12, 4, 14, 23, 25]
Costo asociado: 161.395      Capacidad: 90.0

Ruta #4: [1, 10, 18, 40, 35, 8, 11, 32, 13, 7]
Costo asociado: 165.786      Capacidad: 87.0

Ruta #5: [1, 27, 43, 17, 16, 39]
Costo asociado: 122.47999999999999      Capacidad: 68.0

Ruta #6: [1, 37, 9, 24, 2, 3]
Costo asociado: 143.076      Capacidad: 95.0

--> Costo total: 858.6790000000001          Capacidad total: 521.0

+-+-+-+-+-+-+-+-+-+-+-+-+-+-+-+-+-+-+- Iteracion 81  +-+-+-+-+-+-+-+-+-+-+-+-+-+-+-+-+-+-+-

La solución anterior duró 0min 0seg    -------> Nuevo optimo local. Costo: 858.6790000000001
Lista tabu: [((40,35,1.0),1), ((27,43,5.385),1), ((42,28,4.123),2), ((30,33,2.236),2), ((30,42,8.062),1), ((9,24,4.472),3), ((27,43,5.385),3), ((9,43,15.62),2), ((16,39,2.828),4), ((11,32,5.099),4), ((16,32,3.162),3), ((9,24,4.472),5), ((17,16,2.236),5), ((9,16,5.657),4), ((5,36,4.472),6), ((41,21,30.265),6), ((5,41,10.77),5), ((9,24,4.472),7), ((17,16,2.236),7), ((9,16,5.657),6)]

+-+-+-+-+-+-+-+-+-+-+-+-+-+-+-+-+-+-+- Iteracion 102  +-+-+-+-+-+-+-+-+-+-+-+-+-+-+-+-+-+-+-


Ruta #1: [1, 5, 36, 42, 28, 26, 30, 33, 41, 21]
Costo asociado: 83.42699999999999      Capacidad: 91.0

Ruta #2: [1, 34, 22, 6, 19, 20, 15, 29, 38]
Costo asociado: 182.925      Capacidad: 90.0

Ruta #3: [1, 31, 12, 14, 4, 23, 25]
Costo asociado: 160.985      Capacidad: 90.0

Ruta #4: [1, 10, 18, 40, 35, 8, 11, 32, 13, 7]
Costo asociado: 165.786      Capacidad: 87.0

Ruta #5: [1, 27, 43, 17, 16, 39]
Costo asociado: 122.47999999999999      Capacidad: 68.0

Ruta #6: [1, 37, 9, 24, 2, 3]
Costo asociado: 143.076      Capacidad: 95.0

--> Costo total: 858.676          Capacidad total: 521.0

+-+-+-+-+-+-+-+-+-+-+-+-+-+-+-+-+-+-+- Iteracion 102  +-+-+-+-+-+-+-+-+-+-+-+-+-+-+-+-+-+-+-

La solución anterior duró 0min 0seg    -------> Nuevo optimo local. Costo: 858.676
Lista tabu: [((42,28,4.123),1), ((30,33,2.236),1), ((5,36,4.472),2), ((41,21,30.265),2), ((5,41,10.77),1), ((18,40,2.236),3), ((1,27,45.891),3), ((18,27,7.616),2), ((2,3,7.211),4), ((32,13,1.0),4), ((2,13,10.63),3), ((18,40,2.236),5), ((11,32,5.099),5), ((11,18,8.062),4), ((9,24,4.472),6), ((2,3,7.211),6), ((2,9,8.602),5), ((43,17,8.062),7), ((39,1,58.078),7), ((39,43,12.806),6)]

+-+-+-+-+-+-+-+-+-+-+-+-+-+-+-+-+-+-+- Iteracion 122  +-+-+-+-+-+-+-+-+-+-+-+-+-+-+-+-+-+-+-


Ruta #1: [1, 5, 36, 42, 28, 26, 30, 33, 41, 21]
Costo asociado: 83.42699999999999      Capacidad: 91.0

Ruta #2: [1, 34, 22, 6, 19, 20, 15, 29, 38]
Costo asociado: 182.925      Capacidad: 90.0

Ruta #3: [1, 31, 12, 14, 4, 23, 25]
Costo asociado: 160.985      Capacidad: 90.0

Ruta #4: [1, 10, 18, 40, 35, 8, 11, 32, 13, 7]
Costo asociado: 165.786      Capacidad: 87.0

Ruta #5: [1, 27, 43, 17, 16, 39]
Costo asociado: 122.47999999999999      Capacidad: 68.0

Ruta #6: [1, 37, 3, 2, 24, 9]
Costo asociado: 143.07299999999998      Capacidad: 95.0

--> Costo total: 856.968          Capacidad total: 521.0

+-+-+-+-+-+-+-+-+-+-+-+-+-+-+-+-+-+-+- Iteracion 122  +-+-+-+-+-+-+-+-+-+-+-+-+-+-+-+-+-+-+-

La solución anterior duró 0min 0seg    -------> Nuevo optimo local. Costo: 856.968
Lista tabu: [((5,36,4.472),1), ((26,30,4.123),1), ((36,42,2.236),2), ((33,41,6.708),2), ((33,36,5.0),1), ((36,42,2.236),3), ((33,41,6.708),3), ((33,36,5.0),2), ((2,24,5.099),4), ((11,32,5.099),4), ((2,32,11.314),3), ((8,11,4.123),5), ((2,24,5.099),5), ((8,24,14.318),4), ((35,8,4.0),6), ((11,32,5.099),6), ((11,35,8.062),5), ((42,28,4.123),7), ((41,21,30.265),7), ((41,42,5.0),6)]

+-+-+-+-+-+-+-+-+-+-+-+-+-+-+-+-+-+-+- Iteracion 185  +-+-+-+-+-+-+-+-+-+-+-+-+-+-+-+-+-+-+-


Ruta #1: [1, 5, 36, 42, 28, 33, 30, 26, 41, 21]
Costo asociado: 81.719      Capacidad: 91.0

Ruta #2: [1, 34, 22, 6, 19, 20, 15, 29, 38]
Costo asociado: 182.925      Capacidad: 90.0

Ruta #3: [1, 31, 12, 14, 4, 23, 25]
Costo asociado: 160.985      Capacidad: 90.0

Ruta #4: [1, 10, 18, 40, 35, 8, 11, 32, 13, 7]
Costo asociado: 165.786      Capacidad: 87.0

Ruta #5: [1, 27, 43, 17, 16, 39]
Costo asociado: 122.47999999999999      Capacidad: 68.0

Ruta #6: [1, 37, 3, 2, 24, 9]
Costo asociado: 143.07299999999998      Capacidad: 95.0

--> Costo total: 833.0169999999999          Capacidad total: 521.0

+-+-+-+-+-+-+-+-+-+-+-+-+-+-+-+-+-+-+- Iteracion 185  +-+-+-+-+-+-+-+-+-+-+-+-+-+-+-+-+-+-+-

La solución anterior duró 0min 1seg    -------> Nuevo optimo local. Costo: 833.0169999999999
Lista tabu: [((5,36,4.472),1), ((28,33,2.236),1), ((42,28,4.123),1), ((43,17,8.062),2), ((17,16,2.236),2), ((18,40,2.236),2), ((17,40,5.0),1), ((34,22,6.708),3), ((6,19,24.166),3), ((6,34,9.055),2), ((18,40,2.236),4), ((11,32,5.099),4), ((8,11,4.123),4), ((11,18,8.062),3), ((37,3,6.083),5), ((9,1,60.208),5), ((24,9,4.472),5), ((9,37,5.0),4), ((2,24,5.099),6), ((24,9,4.472),6), ((40,35,1.0),6), ((24,35,16.401),5), ((2,24,5.099),7), ((24,9,4.472),7), ((40,35,1.0),7), ((24,35,16.401),6)]

+-+-+-+-+-+-+-+-+-+-+-+-+-+-+-+-+-+-+- Iteracion 291  +-+-+-+-+-+-+-+-+-+-+-+-+-+-+-+-+-+-+-


Ruta #1: [1, 5, 36, 42, 28, 33, 30, 26, 41]
Costo asociado: 49.827      Capacidad: 83.0

Ruta #2: [1, 34, 21, 22, 6, 19, 20, 15, 29, 38]
Costo asociado: 190.86599999999999      Capacidad: 98.0

Ruta #3: [1, 31, 12, 14, 4, 23, 25]
Costo asociado: 160.985      Capacidad: 90.0

Ruta #4: [1, 10, 18, 40, 35, 8, 11, 32, 13, 7]
Costo asociado: 165.786      Capacidad: 87.0

Ruta #5: [1, 27, 43, 17, 16, 39]
Costo asociado: 122.47999999999999      Capacidad: 68.0

Ruta #6: [1, 37, 3, 2, 24, 9]
Costo asociado: 143.07299999999998      Capacidad: 95.0

--> Costo total: 832.359          Capacidad total: 521.0

+-+-+-+-+-+-+-+-+-+-+-+-+-+-+-+-+-+-+- Iteracion 291  +-+-+-+-+-+-+-+-+-+-+-+-+-+-+-+-+-+-+-

La solución anterior duró 0min 1seg    -------> Nuevo optimo local. Costo: 832.359
Lista tabu: [((3,2,7.211),1), ((9,1,60.208),1), ((5,36,4.472),2), ((28,33,2.236),2), ((5,28,7.071),1), ((33,30,2.236),3), ((41,1,16.401),3), ((33,41,6.708),2), ((10,18,5.385),4), ((43,17,8.062),4), ((10,17,11.0),3), ((33,30,2.236),5), ((41,1,16.401),5), ((33,41,6.708),4), ((24,9,4.472),6), ((16,39,2.828),6), ((24,39,7.211),5), ((42,28,4.123),7), ((33,30,2.236),7), ((33,42,6.325),6)]

+-+-+-+-+-+-+-+-+-+-+-+-+-+-+-+-+-+-+- Iteracion 330  +-+-+-+-+-+-+-+-+-+-+-+-+-+-+-+-+-+-+-


Ruta #1: [1, 5, 36, 42, 41, 26, 30, 33, 28]
Costo asociado: 49.169      Capacidad: 83.0

Ruta #2: [1, 34, 21, 22, 6, 19, 20, 15, 29, 38]
Costo asociado: 190.86599999999999      Capacidad: 98.0

Ruta #3: [1, 31, 12, 14, 4, 23, 25]
Costo asociado: 160.985      Capacidad: 90.0

Ruta #4: [1, 10, 18, 40, 35, 8, 11, 32, 13, 7]
Costo asociado: 165.786      Capacidad: 87.0

Ruta #5: [1, 27, 43, 17, 16, 39]
Costo asociado: 122.47999999999999      Capacidad: 68.0

Ruta #6: [1, 37, 3, 2, 24, 9]
Costo asociado: 143.07299999999998      Capacidad: 95.0

--> Costo total: 827.9920000000001          Capacidad total: 521.0

+-+-+-+-+-+-+-+-+-+-+-+-+-+-+-+-+-+-+- Iteracion 330  +-+-+-+-+-+-+-+-+-+-+-+-+-+-+-+-+-+-+-

La solución anterior duró 0min 0seg    -------> Nuevo optimo local. Costo: 827.9920000000001
Lista tabu: [((11,32,5.099),1), ((17,16,2.236),1), ((18,40,2.236),2), ((8,11,4.123),2), ((8,18,4.243),1), ((10,18,5.385),3), ((11,32,5.099),3), ((10,11,10.296),2), ((10,18,5.385),4), ((40,35,1.0),4), ((10,40,7.616),3), ((18,40,2.236),5), ((35,8,4.0),5), ((18,35,3.162),4), ((42,41,5.0),6), ((28,1,14.866),6), ((28,42,4.123),5), ((36,42,2.236),7), ((30,33,2.236),7), ((30,36,6.325),6)]

+-+-+-+-+-+-+-+-+-+-+-+-+-+-+-+-+-+-+- Iteracion 355  +-+-+-+-+-+-+-+-+-+-+-+-+-+-+-+-+-+-+-


Ruta #1: [1, 5, 36, 42, 41, 26, 30, 33, 28]
Costo asociado: 49.169      Capacidad: 83.0

Ruta #2: [1, 34, 21, 22, 6, 19, 20, 15, 29, 38]
Costo asociado: 190.86599999999999      Capacidad: 98.0

Ruta #3: [1, 31, 12, 14, 4, 23, 25]
Costo asociado: 160.985      Capacidad: 90.0

Ruta #4: [1, 10, 18, 40, 35, 8, 11, 32, 13, 39]
Costo asociado: 124.92099999999999      Capacidad: 85.0

Ruta #5: [1, 27, 43, 17, 16, 7]
Costo asociado: 158.978      Capacidad: 70.0

Ruta #6: [1, 37, 3, 2, 24, 9]
Costo asociado: 143.07299999999998      Capacidad: 95.0

--> Costo total: 825.311          Capacidad total: 521.0

+-+-+-+-+-+-+-+-+-+-+-+-+-+-+-+-+-+-+- Iteracion 355  +-+-+-+-+-+-+-+-+-+-+-+-+-+-+-+-+-+-+-

La solución anterior duró 0min 0seg    -------> Nuevo optimo local. Costo: 825.311
Lista tabu: [((37,3,6.083),1), ((2,24,5.099),1), ((37,3,6.083),2), ((2,24,5.099),2), ((2,37,13.0),1), ((3,2,7.211),3), ((9,1,60.208),3), ((3,9,1.414),2), ((35,8,4.0),4), ((13,39,1.0),4), ((13,35,9.899),3), ((40,35,1.0),5), ((13,39,1.0),5), ((13,40,10.63),4), ((37,3,6.083),6), ((18,40,2.236),6), ((37,40,10.44),5), ((42,41,5.0),7), ((30,33,2.236),7), ((30,42,8.062),6)]

+-+-+-+-+-+-+-+-+-+-+-+-+-+-+-+-+-+-+- Iteracion 376  +-+-+-+-+-+-+-+-+-+-+-+-+-+-+-+-+-+-+-


Ruta #1: [1, 5, 36, 42, 41, 26, 30, 33, 28]
Costo asociado: 49.169      Capacidad: 83.0

Ruta #2: [1, 34, 21, 22, 6, 19, 20, 15, 29, 38]
Costo asociado: 190.86599999999999      Capacidad: 98.0

Ruta #3: [1, 31, 12, 14, 4, 23, 25]
Costo asociado: 160.985      Capacidad: 90.0

Ruta #4: [1, 10, 18, 40, 35, 8, 39, 13, 32, 11]
Costo asociado: 122.24000000000001      Capacidad: 85.0

Ruta #5: [1, 27, 43, 17, 16, 7]
Costo asociado: 158.978      Capacidad: 70.0

Ruta #6: [1, 37, 3, 2, 24, 9]
Costo asociado: 143.07299999999998      Capacidad: 95.0

--> Costo total: 824.3359999999999          Capacidad total: 521.0

+-+-+-+-+-+-+-+-+-+-+-+-+-+-+-+-+-+-+- Iteracion 376  +-+-+-+-+-+-+-+-+-+-+-+-+-+-+-+-+-+-+-

La solución anterior duró 0min 0seg    -------> Nuevo optimo local. Costo: 824.3359999999999
Lista tabu: [((40,35,1.0),1), ((11,1,52.24),1), ((5,36,4.472),2), ((42,41,5.0),2), ((5,42,6.083),1), ((8,39,7.28),3), ((2,24,5.099),3), ((8,24,14.318),2), ((40,35,1.0),4), ((11,1,52.24),4), ((11,40,8.246),3), ((8,39,7.28),5), ((32,11,5.099),5), ((8,32,6.708),4), ((13,32,1.0),6), ((17,16,2.236),6), ((13,16,3.606),5), ((24,9,4.472),7), ((13,32,1.0),7), ((24,32,7.616),6)]

+-+-+-+-+-+-+-+-+-+-+-+-+-+-+-+-+-+-+- Iteracion 378  +-+-+-+-+-+-+-+-+-+-+-+-+-+-+-+-+-+-+-


Ruta #1: [1, 5, 36, 42, 41, 26, 30, 33, 28]
Costo asociado: 49.169      Capacidad: 83.0

Ruta #2: [1, 34, 21, 22, 6, 19, 20, 15, 29, 38]
Costo asociado: 190.86599999999999      Capacidad: 98.0

Ruta #3: [1, 31, 14, 12, 4, 23, 25]
Costo asociado: 160.01      Capacidad: 90.0

Ruta #4: [1, 10, 18, 40, 35, 8, 39, 13, 32, 11]
Costo asociado: 122.24000000000001      Capacidad: 85.0

Ruta #5: [1, 27, 43, 17, 16, 7]
Costo asociado: 158.978      Capacidad: 70.0

Ruta #6: [1, 37, 3, 2, 24, 9]
Costo asociado: 143.07299999999998      Capacidad: 95.0

--> Costo total: 823.774          Capacidad total: 521.0

+-+-+-+-+-+-+-+-+-+-+-+-+-+-+-+-+-+-+- Iteracion 378  +-+-+-+-+-+-+-+-+-+-+-+-+-+-+-+-+-+-+-

La solución anterior duró 0min 0seg    -------> Nuevo optimo local. Costo: 823.774
Lista tabu: [((8,39,7.28),1), ((2,24,5.099),1), ((40,35,1.0),2), ((11,1,52.24),2), ((11,40,8.246),1), ((8,39,7.28),3), ((32,11,5.099),3), ((8,32,6.708),2), ((13,32,1.0),4), ((17,16,2.236),4), ((13,16,3.606),3), ((24,9,4.472),5), ((13,32,1.0),5), ((24,32,7.616),4), ((31,12,4.472),10), ((14,4,7.071),10), ((14,31,6.325),9), ((42,41,5.0),7), ((33,28,2.236),7), ((33,42,6.325),6)]

+-+-+-+-+-+-+-+-+-+-+-+-+-+-+-+-+-+-+- Iteracion 383  +-+-+-+-+-+-+-+-+-+-+-+-+-+-+-+-+-+-+-


Ruta #1: [1, 5, 28, 33, 30, 26, 41, 42, 36]
Costo asociado: 48.60699999999999      Capacidad: 83.0

Ruta #2: [1, 34, 21, 22, 6, 19, 20, 15, 29, 38]
Costo asociado: 190.86599999999999      Capacidad: 98.0

Ruta #3: [1, 31, 14, 12, 4, 23, 25]
Costo asociado: 160.01      Capacidad: 90.0

Ruta #4: [1, 10, 18, 40, 35, 8, 39, 13, 32, 11]
Costo asociado: 122.24000000000001      Capacidad: 85.0

Ruta #5: [1, 27, 43, 17, 16, 7]
Costo asociado: 158.978      Capacidad: 70.0

Ruta #6: [1, 37, 3, 2, 24, 9]
Costo asociado: 143.07299999999998      Capacidad: 95.0

--> Costo total: 819.5189999999999          Capacidad total: 521.0

+-+-+-+-+-+-+-+-+-+-+-+-+-+-+-+-+-+-+- Iteracion 383  +-+-+-+-+-+-+-+-+-+-+-+-+-+-+-+-+-+-+-

La solución anterior duró 0min 0seg    -------> Nuevo optimo local. Costo: 819.5189999999999
Lista tabu: [((31,12,4.472),5), ((14,4,7.071),5), ((14,31,6.325),4), ((42,41,5.0),2), ((33,28,2.236),2), ((33,42,6.325),1), ((5,36,4.472),7), ((28,1,14.866),7), ((5,28,7.071),6), ((30,26,4.123),4), ((42,36,2.236),4), ((30,42,8.062),3), ((28,33,2.236),5), ((42,36,2.236),5), ((28,42,4.123),4), ((8,39,7.28),6), ((17,16,2.236),6), ((8,16,5.0),5), ((10,18,5.385),7), ((1,27,45.891),7), ((10,27,9.22),6)]

+-+-+-+-+-+-+-+-+-+-+-+-+-+-+-+-+-+-+- Iteracion 414  +-+-+-+-+-+-+-+-+-+-+-+-+-+-+-+-+-+-+-


Ruta #1: [1, 5, 28, 33, 30, 26, 41, 42, 36]
Costo asociado: 48.60699999999999      Capacidad: 83.0

Ruta #2: [1, 34, 21, 22, 6, 19, 20, 15, 29, 38]
Costo asociado: 190.86599999999999      Capacidad: 98.0

Ruta #3: [1, 31, 14, 12, 4, 23]
Costo asociado: 149.42700000000002      Capacidad: 66.0

Ruta #4: [1, 10, 18, 40, 35, 8, 39, 13, 32, 11]
Costo asociado: 122.24000000000001      Capacidad: 85.0

Ruta #5: [1, 27, 43, 17, 16, 7, 25]
Costo asociado: 165.30599999999998      Capacidad: 94.0

Ruta #6: [1, 37, 3, 2, 24, 9]
Costo asociado: 143.07299999999998      Capacidad: 95.0

--> Costo total: 818.4399999999999          Capacidad total: 521.0

+-+-+-+-+-+-+-+-+-+-+-+-+-+-+-+-+-+-+- Iteracion 414  +-+-+-+-+-+-+-+-+-+-+-+-+-+-+-+-+-+-+-

La solución anterior duró 0min 0seg    -------> Nuevo optimo local. Costo: 818.4399999999999
