+-+-+-+-+-+-+-+-+-+-+-+-+-+-+ GRAFO CARGADO +-+-+-+-+-+-+-+-+-+-+-+-+-+-+-
        1         2         3         4         5         6         7         8         9         10        11        12        13        14        15        16        17        18        19        20        21        22        23        24        25        26        27        28        29        30        31        32        33        34        35        36        37        38        39        40        41        42        43        44        45        46        47        48        49        50        51        52        53        54
1     0         53.666    68.118    88.814    10.0    27.857    36.056    31.623    88.589    82.389    38.833    63.151    71.218    58.241    62.482    33.526    19.698    60.166    28.071    87.658    25.612    93.145    89.822    24.413    71.021    54.037    67.052    64.405    22.361    34.0    12.166    96.664    37.736    86.579    31.048    29.12    51.614    80.0    70.114    37.202    95.415    48.083    62.769    6.0    78.026    68.352    51.884    60.531    98.407    35.384    39.446    62.61    11.662    80.623    
2     53.666    0         68.118    53.814    44.944    38.053    38.626    30.067    72.498    37.577    18.868    38.626    68.469    40.792    64.0    21.26    43.863    12.806    46.174    70.682    29.12    42.0    58.0    29.732    84.593    90.554    16.492    62.129    38.21    19.698    61.612    75.472    46.819    40.497    67.201    25.612    8.485    73.756    29.732    26.683    82.462    77.82    79.624    48.374    39.699    16.0    74.0    93.038    89.196    22.0    29.732    82.462    54.037    46.69    
3     68.118    68.118    0         48.166    69.426    81.633    36.715    77.82    26.077    60.033    53.852    33.526    4.0    28.284    5.657    57.585    49.518    60.299    87.658    26.306    68.0    77.897    44.407    66.242    21.26    50.99    65.115    6.0    76.551    63.906    62.769    36.222    31.241    63.812    46.174    57.271    74.673    12.649    51.264    79.85    29.12    38.053    22.361    63.655    49.396    69.051    28.071    46.819    30.529    72.801    84.309    26.833    57.201    44.045    
4     88.814    53.814    48.166    0         84.404    86.764    54.0    79.649    31.623    20.881    53.852    26.0    45.255    32.249    48.826    60.166    70.114    41.037    94.847    29.732    73.539    36.056    6.0    72.801    69.311    95.708    40.0    44.407    84.309    64.405    90.0    28.0    56.569    22.091    82.0    63.246    62.29    43.267    24.083    78.23    40.792    81.437    70.0    82.873    14.142    43.267    72.471    93.295    49.031    71.694    82.098    74.404    82.024    8.246    
5     10.0    44.944    69.426    84.404    0         18.439    34.409    21.633    87.658    76.0    32.0    59.464    72.139    55.462    63.781    26.077    20.0    52.612    20.396    86.533    16.125    85.51    86.023    15.232    75.153    62.129    59.228    65.054    12.649    25.298    21.541    95.016    38.21    80.025    38.053    22.0    42.19    80.623    64.125    27.203    95.268    54.589    67.231    8.0    72.691    60.166    56.921    68.029    99.035    25.612    29.53    67.676    18.0    76.158    
6     27.857    38.053    81.633    86.764    18.439    0         44.944    8.0    96.167    74.216    33.287    64.405    83.762    62.29    76.158    27.203    34.928    49.031    8.246    94.763    14.142    80.025    89.554    15.62    90.443    80.399    54.332    76.551    6.0    22.361    39.85    102.176    50.99    77.666    56.036    25.456    32.249    91.608    63.906    12.649    104.805    72.111    82.97    26.306    73.539    54.037    73.348    86.023    109.636    16.125    12.806    83.952    36.222    78.715    
7     36.056    38.626    36.715    54.0    34.409    44.944    0         41.231    53.254    52.0    20.396    28.0    38.833    22.361    31.305    22.091    16.492    36.878    51.225    52.154    31.305    66.573    54.332    29.53    48.166    52.802    43.863    31.623    40.0    28.284    36.0    60.828    8.246    56.462    31.623    20.881    42.755    46.861    39.395    43.681    60.959    39.446    42.048    30.463    45.122    46.861    35.44    54.589    65.115    36.878    48.083    44.407    28.071    46.043    
8     31.623    30.067    77.82    79.649    21.633    8.0    41.231    0         90.686    66.483    26.907    58.138    79.649    56.639    72.498    21.26    34.0    41.231    16.125    89.196    10.198    72.028    82.68    12.166    88.295    81.584    46.39    72.471    10.0    15.62    42.942    96.208    48.083    69.857    56.886    20.591    24.331    87.132    56.462    5.657    99.639    72.111    81.216    28.636    66.212    46.043    72.25    86.579    104.862    8.246    8.246    82.608    37.947    71.694    
9     88.589    72.498    26.077    31.623    87.658    96.167    53.254    90.686    0         50.16    64.031    34.0    22.091    34.059    30.067    69.426    68.964    61.351    103.325    2.0    82.024    67.082    26.0    80.623    43.863    76.942    63.561    26.306    92.022    75.286    85.44    10.198    50.99    52.612    71.021    70.711    80.498    15.232    46.69    91.214    10.198    64.125    47.539    83.355    40.0    67.469    54.148    72.277    18.0    84.024    95.603    51.923    78.791    32.062    
10    82.389    37.577    60.033    20.881    76.0    74.216    52.0    66.483    50.16    0         44.0    28.284    58.138    35.384    58.822    50.04    65.97    25.298    82.462    48.166    62.514    17.889    26.683    62.29    80.994    101.213    21.633    54.918    72.993    52.612    86.348    48.374    57.306    4.472    83.187    54.0    45.651    58.822    12.649    63.906    60.033    86.833    79.649    76.42    10.77    24.083    79.246    100.499    68.118    58.241    67.231    83.738    78.102    18.111    
11    38.833    18.868    53.852    53.852    32.0    33.287    20.396    26.907    64.031    44.0    0         31.241    55.027    30.0    49.031    6.325    25.612    21.541    41.183    62.482    19.698    54.406    56.356    18.974    68.0    71.694    28.636    48.083    30.463    11.314    44.721    69.311    28.636    48.042    48.415    10.0    22.361    61.741    32.249    27.203    73.239    59.093    62.29    32.985    41.231    30.529    55.785    74.324    78.892    20.0    31.623    64.777    36.715    45.695    
12    63.151    38.626    33.526    26.0    59.464    64.405    28.0    58.138    34.0    28.284    31.241    0         32.558    7.211    31.305    37.202    44.181    28.284    72.111    32.249    50.478    45.607    26.683    49.396    53.666    73.239    32.062    27.857    61.057    42.521    64.0    38.21    31.048    32.558    56.921    39.446    46.519    36.056    17.889    58.0    43.863    58.822    51.614    57.271    18.868    36.056    50.99    72.25    50.596    50.912    62.29    55.606    56.036    18.111    
13    71.218    68.469    4.0    45.255    72.139    83.762    38.833    79.649    22.091    58.138    55.027    32.558    0         28.0    8.944    59.093    52.345    60.033    90.0    22.361    69.971    76.026    41.231    68.264    24.083    54.918    64.498    7.211    78.816    65.391    66.242    32.249    33.941    61.774    50.0    59.059    75.313    8.944    50.0    81.437    25.298    42.048    26.0    66.603    47.413    68.469    32.062    50.596    27.203    74.324    85.907    30.463    60.465    41.617    
14    58.241    40.792    28.284    32.249    55.462    62.29    22.361    56.639    34.059    35.384    30.0    7.211    28.0    0         25.298    35.384    38.833    32.062    69.656    32.558    48.166    52.498    32.062    46.861    47.539    66.03    36.878    22.361    58.412    41.231    58.138    40.0    24.331    39.699    50.0    36.878    48.083    32.985    24.413    57.201    43.267    51.614    44.944    52.498    26.077    40.792    43.863    65.115    49.193    50.0    61.612    48.826    50.359    24.739    
15    62.482    64.0    5.657    48.826    63.781    76.158    31.305    72.498    30.067    58.822    49.031    31.305    8.944    25.298    0         52.498    43.863    56.886    82.098    30.0    62.61    76.551    45.651    60.828    22.361    48.083    62.097    4.472    71.021    58.822    57.306    40.0    25.612    62.801    41.231    52.0    70.257    17.889    49.193    74.673    34.176    34.525    21.26    58.0    48.415    65.97    24.739    44.721    36.056    67.676    79.12    25.612    51.614    43.863    
16    33.526    21.26    57.585    60.166    26.077    27.203    22.091    21.26    69.426    50.04    6.325    37.202    59.093    35.384    52.498    0         22.804    26.683    34.986    67.941    13.416    59.666    62.61    12.649    70.257    70.682    33.526    52.0    24.166    6.325    40.497    75.073    30.0    54.0    46.648    4.472    22.361    66.242    38.471    22.361    78.409    58.822    64.0    27.857    47.539    34.928    56.569    74.0    83.762    15.232    26.833    66.121    32.802    52.0    
17    19.698    43.863    49.518    70.114    20.0    34.928    16.492    34.0    68.964    65.97    25.612    44.181    52.345    38.833    43.863    22.804    0         46.648    39.395    68.0    24.083    78.791    70.711    22.091    55.714    48.703    53.852    45.343    29.12    26.833    20.396    76.968    18.439    70.342    24.166    18.868    44.944    60.959    53.367    38.21    76.026    38.21    48.083    14.422    60.299    56.036    38.471    52.953    79.398    32.985    42.048    49.031    12.166    62.032    
18    60.166    12.806    60.299    41.037    52.612    49.031    36.878    41.231    61.351    25.298    21.541    28.284    60.033    32.062    56.886    26.683    46.648    0         57.271    59.464    38.0    32.985    45.343    38.053    78.588    89.644    7.211    54.332    48.166    28.0    66.212    63.53    44.407    28.636    67.941    31.048    21.26    64.281    16.971    38.626    71.47    76.026    74.673    54.406    26.907    10.0    70.711    90.973    78.588    32.985    42.048    78.0    58.138    34.059    
19    28.071    46.174    87.658    94.847    20.396    8.246    51.225    16.125    103.325    82.462    41.183    72.111    90.0    69.656    82.098    34.986    39.395    57.271    0         101.98    21.633    88.091    97.529    22.804    95.079    82.0    62.514    82.801    11.314    30.463    40.2    109.636    56.604    85.907    58.31    32.802    40.05    98.082    72.111    20.1    111.732    74.967    87.316    28.284    81.707    62.129    77.201    88.204    116.276    24.331    18.974    87.932    38.21    86.764    
20    87.658    70.682    26.306    29.732    86.533    94.763    52.154    89.196    2.0    48.166    62.482    32.249    22.361    32.558    30.0    67.941    68.0    59.464    101.98    0         80.623    65.115    24.166    79.246    44.721    77.279    61.612    26.077    90.686    73.756    84.758    10.0    50.16    50.636    70.711    69.311    78.715    16.125    44.721    89.644    12.166    64.281    48.083    82.365    38.0    65.513    54.332    72.801    20.0    82.462    94.021    52.498    78.0    30.067    
21    25.612    29.12    68.0    73.539    16.125    14.142    31.305    10.198    82.024    62.514    19.698    50.478    69.971    48.166    62.61    13.416    24.083    38.0    21.633    80.623    0         70.456    76.026    2.0    78.102    72.277    44.181    62.769    10.77    10.0    35.609    88.091    37.947    66.272    47.539    11.314    26.077    77.666    51.42    14.142    90.686    62.29    71.021    21.26    60.729    44.721    62.129    76.942    95.603    10.0    18.0    72.443    29.53    65.391    
22    93.145    42.0    77.897    36.056    85.51    80.025    66.573    72.028    67.082    17.889    54.406    45.607    76.026    52.498    76.551    59.666    78.791    32.985    88.091    65.115    70.456    0         42.048    70.711    98.793    117.593    26.306    72.719    80.1    60.531    98.793    64.031    72.801    14.56    98.184    64.031    48.374    76.551    28.284    68.264    76.655    103.325    97.201    87.361    28.636    26.0    96.208    117.388    84.853    64.0    70.711    101.213    90.62    35.44    
23    89.822    58.0    44.407    6.0    86.023    89.554    54.332    82.68    26.0    26.683    56.356    26.683    41.231    32.062    45.651    62.61    70.711    45.343    97.529    24.166    76.026    42.048    0         75.153    65.299    93.231    44.944    41.183    86.764    67.231    90.2    22.0    56.036    28.071    80.895    65.391    66.483    38.419    28.425    81.609    34.928    79.12    66.573    83.952    18.868    48.374    69.857    90.355    43.174    74.887    85.604    71.021    82.389    11.314    
24    24.413    29.732    66.242    72.801    15.232    15.62    29.53    12.166    80.623    62.29    18.974    49.396    68.264    46.861    60.828    12.649    22.091    38.053    22.804    79.246    2.0    70.711    75.153    0         76.158    70.342    44.407    61.057    11.662    10.198    34.059    86.833    36.056    66.121    45.607    10.0    27.203    76.026    50.99    16.125    89.196    60.299    69.051    19.799    60.166    45.122    60.133    74.967    94.021    11.662    20.0    70.456    27.785    64.622    
25    71.021    84.593    21.26    69.311    75.153    90.443    48.166    88.295    43.863    80.994    68.0    53.666    24.083    47.539    22.361    70.257    55.714    78.588    95.079    44.721    78.102    98.793    65.299    76.158    0         36.497    84.119    26.077    84.758    76.42    62.482    53.852    40.447    84.876    42.426    68.731    90.089    28.636    71.554    91.411    42.755    27.785    8.485    68.0    70.456    87.932    19.799    30.0    40.0    84.853    95.708    10.77    59.363    65.299    
26    54.037    90.554    50.99    95.708    62.129    80.399    52.802    81.584    76.942    101.213    71.694    73.239    54.918    66.03    48.083    70.682    48.703    89.644    82.0    77.279    72.277    117.593    93.231    70.342    36.497    0         96.54    52.498    74.431    75.392    42.19    87.132    45.343    105.603    24.739    67.231    93.038    62.29    89.376    86.348    78.026    14.422    30.0    54.148    92.087    99.639    23.409    8.485    76.236    81.609    89.822    26.077    44.181    89.554    
27    67.052    16.492    65.115    40.0    59.228    54.332    43.863    46.39    63.561    21.633    28.636    32.062    64.498    36.878    62.097    33.526    53.852    7.211    62.514    61.612    44.181    26.306    44.944    44.407    84.119    96.54    0         59.228    54.0    34.234    73.348    64.622    51.225    24.166    75.073    37.947    24.166    68.0    17.088    43.174    73.756    82.801    80.623    61.351    26.077    4.0    77.175    97.652    81.216    38.21    46.174    84.095    65.299    34.0    
28    64.405    62.129    6.0    44.407    65.054    76.551    31.623    72.471    26.306    54.918    48.083    27.857    7.211    22.361    4.472    52.0    45.343    54.332    82.801    26.077    62.769    72.719    41.183    61.057    26.077    52.498    59.228    0         71.61    58.31    59.933    36.056    26.907    58.822    44.721    51.884    68.731    15.62    45.695    74.324    31.305    38.833    25.612    59.666    44.407    63.151    29.12    49.193    34.059    67.231    78.791    30.0    53.852    39.598    
29    22.361    38.21    76.551    84.309    12.649    6.0    40.0    10.0    92.022    72.993    30.463    61.057    78.816    58.412    71.021    24.166    29.12    48.166    11.314    90.686    10.77    80.1    86.764    11.662    84.758    74.431    54.0    71.61    0         20.396    34.176    98.407    45.651    76.655    50.04    21.633    33.526    86.833    62.097    15.62    100.419    66.121    77.201    20.396    71.47    54.148    67.469    80.025    104.995    16.492    17.205    78.102    30.265    76.158    
30    34.0    19.698    63.906    64.405    25.298    22.361    28.284    15.62    75.286    52.612    11.314    42.521    65.391    41.231    58.822    6.325    26.833    28.0    30.463    73.756    10.0    60.531    67.231    10.198    76.42    75.392    34.234    58.31    20.396    0         42.521    80.623    36.056    56.321    50.99    8.246    18.439    72.471    41.761    16.125    84.404    64.031    70.029    28.844    51.264    34.928    62.29    79.12    89.889    8.944    20.591    72.028    35.384    56.356    
31    12.166    61.612    62.769    90.0    21.541    39.85    36.0    42.942    85.44    86.348    44.721    64.0    66.242    58.138    57.306    40.497    20.396    66.212    40.2    84.758    35.609    98.793    90.2    34.059    62.482    42.19    73.348    59.933    34.176    42.521    0         94.255    34.928    90.708    20.591    36.056    60.828    75.18    73.756    48.374    91.236    37.577    54.037    14.422    80.623    75.18    42.802    49.031    93.295    45.607    50.99    53.254    8.246    82.024    
32    96.664    75.472    36.222    28.0    95.016    102.176    60.828    96.208    10.198    48.374    69.311    38.21    32.249    40.0    40.0    75.073    76.968    63.53    109.636    10.0    88.091    64.031    22.0    86.833    53.852    87.132    64.622    36.056    98.407    80.623    94.255    0         59.464    50.04    80.623    76.837    83.762    25.298    47.539    96.208    14.422    74.243    57.723    91.236    39.294    68.352    64.281    82.462    22.361    89.107    100.499    62.097    87.316    31.048    
33    37.736    46.819    31.241    56.569    38.21    50.99    8.246    48.083    50.99    57.306    28.636    31.048    33.941    24.331    25.612    30.0    18.439    44.407    56.604    50.16    37.947    72.801    56.036    36.056    40.447    45.343    51.225    26.907    45.651    36.056    34.928    59.464    0         61.774    26.0    28.284    50.99    42.521    44.944    50.99    57.689    31.623    34.0    32.802    49.396    54.406    27.203    46.648    60.959    44.407    55.317    36.222    27.857    49.031    
34    86.579    40.497    63.812    22.091    80.025    77.666    56.462    69.857    52.612    4.472    48.042    32.558    61.774    39.699    62.801    54.0    70.342    28.636    85.907    50.636    66.272    14.56    28.071    66.121    84.876    105.603    24.166    58.822    76.655    56.321    90.708    50.04    61.774    0         87.658    58.034    48.332    62.032    17.088    67.052    62.29    91.214    83.738    80.623    14.422    26.077    83.546    104.805    70.456    61.612    70.228    87.864    82.462    20.881    
35    31.048    67.201    46.174    82.0    38.053    56.036    31.623    56.886    71.021    83.187    48.415    56.921    50.0    50.0    41.231    46.648    24.166    67.941    58.31    70.711    47.539    98.184    80.895    45.607    42.426    24.739    75.073    44.721    50.04    50.99    20.591    80.623    26.0    87.658    0         42.942    68.964    58.822    70.711    61.612    75.286    17.088    33.941    30.067    75.392    77.795    22.627    30.0    76.158    56.921    65.115    32.802    20.1    74.726    
36    29.12    25.612    57.271    63.246    22.0    25.456    20.881    20.591    70.711    54.0    10.0    39.446    59.059    36.878    52.0    4.472    18.868    31.048    32.802    69.311    11.314    64.031    65.391    10.0    68.731    67.231    37.947    51.884    21.633    8.246    36.056    76.837    28.284    58.034    42.942    0         26.077    66.573    42.19    22.804    79.398    55.785    62.129    23.409    50.99    39.395    54.148    70.88    84.404    16.125    27.203    64.0    28.425    55.027    
37    51.614    8.485    74.673    62.29    42.19    32.249    42.755    24.331    80.498    45.651    22.361    46.519    75.313    48.083    70.257    22.361    44.944    21.26    40.05    78.715    26.077    48.374    66.483    27.203    90.089    93.038    24.166    68.731    33.526    18.439    60.828    83.762    50.99    48.332    68.964    26.077    0         81.043    38.21    20.0    90.377    80.994    84.593    46.861    48.166    22.804    78.102    96.208    96.933    17.088    22.361    87.132    53.814    55.172    
38    80.0    73.756    12.649    43.267    80.623    91.608    46.861    87.132    15.232    58.822    61.741    36.056    8.944    32.985    17.889    66.242    60.959    64.281    98.082    16.125    77.666    76.551    38.419    76.026    28.636    62.29    68.0    15.62    86.833    72.471    75.18    25.298    42.521    62.032    58.822    66.573    81.043    0         52.345    88.589    16.492    50.04    32.558    75.286    48.083    72.0    40.05    57.271    18.439    81.413    93.059    36.878    69.34    41.231    
39    70.114    29.732    51.264    24.083    64.125    63.906    39.395    56.462    46.69    12.649    32.249    17.889    50.0    24.413    49.193    38.471    53.367    16.971    72.111    44.721    51.42    28.284    28.425    50.99    71.554    89.376    17.088    45.695    62.097    41.761    73.756    47.539    44.944    17.088    70.711    42.19    38.21    52.345    0         54.589    56.886    75.073    69.34    64.125    10.0    20.881    67.941    89.107    64.498    48.332    58.31    73.239    65.513    17.205    
40    37.202    26.683    79.85    78.23    27.203    12.649    43.681    5.657    91.214    63.906    27.203    58.0    81.437    57.201    74.673    22.361    38.21    38.626    20.1    89.644    14.142    68.264    81.609    16.125    91.411    86.348    43.174    74.324    15.62    16.125    48.374    96.208    50.99    67.052    61.612    22.804    20.0    88.589    54.589    0         100.439    76.42    84.593    34.0    64.498    42.426    76.026    91.082    106.0    7.211    4.472    86.209    43.081    70.456    
41    95.415    82.462    29.12    40.792    95.268    104.805    60.959    99.639    10.198    60.033    73.239    43.863    25.298    43.267    34.176    78.409    76.026    71.47    111.732    12.166    90.686    76.655    34.928    89.196    42.755    78.026    73.756    31.305    100.419    84.404    91.236    14.422    57.689    62.29    75.286    79.398    90.377    16.492    56.886    100.439    0         66.272    48.042    90.443    50.04    77.666    56.321    72.443    8.246    93.231    104.862    52.154    85.088    42.0    
42    48.083    77.82    38.053    81.437    54.589    72.111    39.446    72.111    64.125    86.833    59.093    58.822    42.048    51.614    34.525    58.822    38.21    76.026    74.967    64.281    62.29    103.325    79.12    60.299    27.785    14.422    82.801    38.833    66.121    64.031    37.577    74.243    31.623    91.214    17.088    55.785    80.994    50.04    75.073    76.42    66.272    0         19.698    46.69    77.666    86.023    10.0    15.232    65.513    71.021    80.225    17.205    36.878    75.18    
43    62.769    79.624    22.361    70.0    67.231    82.97    42.048    81.216    47.539    79.649    62.29    51.614    26.0    44.944    21.26    64.0    48.083    74.673    87.316    48.083    71.021    97.201    66.573    69.051    8.485    30.0    80.623    25.612    77.201    70.029    54.037    57.723    34.0    83.738    33.941    62.129    84.593    32.558    69.34    84.593    48.042    19.698    0         59.933    69.426    84.309    11.314    24.739    46.39    78.23    88.814    4.472    51.108    65.115    
44    6.0    48.374    63.655    82.873    8.0    26.306    30.463    28.636    83.355    76.42    32.985    57.271    66.603    52.498    58.0    27.857    14.422    54.406    28.284    82.365    21.26    87.361    83.952    19.799    68.0    54.148    61.351    59.666    20.396    28.844    14.422    91.236    32.802    80.623    30.067    23.409    46.861    75.286    64.125    34.0    90.443    46.69    59.933    0         72.028    62.769    49.396    60.033    93.723    31.241    36.77    60.166    10.0    74.673    
45    78.026    39.699    49.396    14.142    72.691    73.539    45.122    66.212    40.0    10.77    41.231    18.868    47.413    26.077    48.415    47.539    60.299    26.907    81.707    38.0    60.729    28.636    18.868    60.166    70.456    92.087    26.077    44.407    71.47    51.264    80.623    39.294    49.396    14.422    75.392    50.99    48.166    48.083    10.0    64.498    50.04    77.666    69.426    72.028    0         29.53    69.656    90.907    58.0    58.138    68.264    73.593    72.443    8.246    
46    68.352    16.0    69.051    43.267    60.166    54.037    46.861    46.043    67.469    24.083    30.529    36.056    68.469    40.792    65.97    34.928    56.036    10.0    62.129    65.513    44.721    26.0    48.374    45.122    87.932    99.639    4.0    63.151    54.148    34.928    75.18    68.352    54.406    26.077    77.795    39.395    22.804    72.0    20.881    42.426    77.666    86.023    84.309    62.769    29.53    0         80.623    100.955    85.159    38.0    45.122    87.727    67.231    37.577    
47    51.884    74.0    28.071    72.471    56.921    73.348    35.44    72.25    54.148    79.246    55.785    50.99    32.062    43.863    24.739    56.569    38.471    70.711    77.201    54.332    62.129    96.208    69.857    60.133    19.799    23.409    77.175    29.12    67.469    62.29    42.802    64.281    27.203    83.546    22.627    54.148    78.102    40.05    67.941    76.026    56.321    10.0    11.314    49.396    69.656    80.623    0         21.26    55.785    70.029    80.1    10.77    40.249    66.573    
48    60.531    93.038    46.819    93.295    68.029    86.023    54.589    86.579    72.277    100.499    74.324    72.25    50.596    65.115    44.721    74.0    52.953    90.973    88.204    72.801    76.942    117.388    90.355    74.967    30.0    8.485    97.652    49.193    80.025    79.12    49.031    82.462    46.648    104.805    30.0    70.88    96.208    57.271    89.107    91.082    72.443    15.232    24.739    60.033    90.907    100.955    21.26    0         70.0    85.907    94.763    20.396    50.04    87.658    
49    98.407    89.196    30.529    49.031    99.035    109.636    65.115    104.862    18.0    68.118    78.892    50.596    27.203    49.193    36.056    83.762    79.398    78.588    116.276    20.0    95.603    84.853    43.174    94.021    40.0    76.236    81.216    34.059    104.995    89.889    93.295    22.361    60.959    70.456    76.158    84.404    96.933    18.439    64.498    106.0    8.246    65.513    46.39    93.723    58.0    85.159    55.785    70.0    0         98.793    110.454    50.16    87.658    50.04    
50    35.384    22.0    72.801    71.694    25.612    16.125    36.878    8.246    84.024    58.241    20.0    50.912    74.324    50.0    67.676    15.232    32.985    32.985    24.331    82.462    10.0    64.0    74.887    11.662    84.853    81.609    38.21    67.231    16.492    8.944    45.607    89.107    44.407    61.612    56.921    16.125    17.088    81.413    48.332    7.211    93.231    71.021    78.23    31.241    58.138    38.0    70.029    85.907    98.793    0         11.662    80.025    39.446    63.812    
51    39.446    29.732    84.309    82.098    29.53    12.806    48.083    8.246    95.603    67.231    31.623    62.29    85.907    61.612    79.12    26.833    42.048    42.048    18.974    94.021    18.0    70.711    85.604    20.0    95.708    89.822    46.174    78.791    17.205    20.591    50.99    100.499    55.317    70.228    65.115    27.203    22.361    93.059    58.31    4.472    104.862    80.225    88.814    36.77    68.264    45.122    80.1    94.763    110.454    11.662    0         90.355    46.174    74.404    
52    62.61    82.462    26.833    74.404    67.676    83.952    44.407    82.608    51.923    83.738    64.777    55.606    30.463    48.826    25.612    66.121    49.031    78.0    87.932    52.498    72.443    101.213    71.021    70.456    10.77    26.077    84.095    30.0    78.102    72.028    53.254    62.097    36.222    87.864    32.802    64.0    87.132    36.878    73.239    86.209    52.154    17.205    4.472    60.166    73.593    87.727    10.77    20.396    50.16    80.025    90.355    0         50.99    69.426    
53    11.662    54.037    57.201    82.024    18.0    36.222    28.071    37.947    78.791    78.102    36.715    56.036    60.465    50.359    51.614    32.802    12.166    58.138    38.21    78.0    29.53    90.62    82.389    27.785    59.363    44.181    65.299    53.852    30.265    35.384    8.246    87.316    27.857    82.462    20.1    28.425    53.814    69.34    65.513    43.081    85.088    36.878    51.108    10.0    72.443    67.231    40.249    50.04    87.658    39.446    46.174    50.99    0         74.0    
54    80.623    46.69    44.045    8.246    76.158    78.715    46.043    71.694    32.062    18.111    45.695    18.111    41.617    24.739    43.863    52.0    62.032    34.059    86.764    30.067    65.391    35.44    11.314    64.622    65.299    89.554    34.0    39.598    76.158    56.356    82.024    31.048    49.031    20.881    74.726    55.027    55.172    41.231    17.205    70.456    42.0    75.18    65.115    74.673    8.246    37.577    66.573    87.658    50.04    63.812    74.404    69.426    74.0    0         


Demandas:
1: 0.0
2: 24.0
3: 9.0
4: 15.0
5: 17.0
6: 2.0
7: 19.0
8: 10.0
9: 17.0
10: 20.0
11: 16.0
12: 8.0
13: 12.0
14: 3.0
15: 23.0
16: 4.0
17: 23.0
18: 20.0
19: 2.0
20: 19.0
21: 2.0
22: 23.0
23: 23.0
24: 5.0
25: 12.0
26: 15.0
27: 9.0
28: 13.0
29: 18.0
30: 16.0
31: 7.0
32: 6.0
33: 2.0
34: 8.0
35: 2.0
36: 2.0
37: 4.0
38: 13.0
39: 18.0
40: 9.0
41: 19.0
42: 3.0
43: 14.0
44: 19.0
45: 21.0
46: 4.0
47: 6.0
48: 22.0
49: 13.0
50: 10.0
51: 18.0
52: 5.0
53: 9.0
54: 36.0
+-+-+-+-+-+-+-+-+-+-+-+-+-+-+-+ SOLUCION INICIAL +-+-+-+-+-+-+-+-+-+-+-+-+-+-+-+-

Ruta #1: [1, 2, 24, 21, 50, 30, 37, 18, 11]
Costo asociado: 204.415      Capacidad: 97.0

Ruta #2: [1, 3, 33, 15, 28, 25, 52, 43, 47, 53]
Costo asociado: 233.987      Capacidad: 93.0

Ruta #3: [1, 4, 45, 54, 23, 14]
Costo asociado: 212.81899999999996      Capacidad: 98.0

Ruta #4: [1, 7, 17, 26, 48, 42, 35, 31]
Costo asociado: 174.81300000000002      Capacidad: 91.0

Ruta #5: [1, 16, 36, 22, 27, 46, 34, 10, 39, 12]
Costo asociado: 256.57300000000004      Capacidad: 96.0

Ruta #6: [1, 5, 44, 8, 29, 40, 51, 6, 19]
Costo asociado: 125.85099999999998      Capacidad: 95.0

Ruta #7: [1, 9, 20, 32, 41, 49, 38, 13]
Costo asociado: 221.858      Capacidad: 99.0

--> Costo total: 1430.3159999999998          Capacidad total: 669.0

+-+-+-+-+-+-+-+-+-+-+-+-+-+-+-+-+-+-+-+-+-+-+-+-+- Iteracion 1  +-+-+-+-+-+-+-+-+-+-+-+-+-+-+-+-+-+-+-+-+-+-+-+-+-


Ruta #1: [1, 2, 24, 21, 50, 30, 37, 18, 11]
Costo asociado: 204.415      Capacidad: 97.0

Ruta #2: [1, 3, 33, 15, 28, 25, 52, 43, 47, 53]
Costo asociado: 233.987      Capacidad: 93.0

Ruta #3: [1, 4, 45, 54, 23, 14]
Costo asociado: 212.81899999999996      Capacidad: 98.0

Ruta #4: [1, 7, 17, 26, 48, 42, 35, 31]
Costo asociado: 174.81300000000002      Capacidad: 91.0

Ruta #5: [1, 16, 36, 22, 27, 46, 34, 10, 39, 12]
Costo asociado: 256.57300000000004      Capacidad: 96.0

Ruta #6: [1, 5, 44, 29, 8, 40, 51, 6, 19]
Costo asociado: 107.648      Capacidad: 95.0

Ruta #7: [1, 9, 20, 32, 41, 49, 38, 13]
Costo asociado: 221.858      Capacidad: 99.0

--> Costo total: 1412.1129999999998          Capacidad total: 669.0

La solución anterior duró 0min 0seg    -------> Nuevo optimo local. Costo: 1412.113       ==> Optimo: 1167.0  Desvio: 21.0%
Lista tabu: []

+-+-+-+-+-+-+-+-+-+-+-+-+-+-+-+-+-+-+-+-+-+-+-+-+- Iteracion 2  +-+-+-+-+-+-+-+-+-+-+-+-+-+-+-+-+-+-+-+-+-+-+-+-+-


Ruta #1: [1, 2, 24, 21, 50, 30, 37, 18, 11]
Costo asociado: 204.415      Capacidad: 97.0

Ruta #2: [1, 3, 33, 15, 28, 25, 52, 43, 47, 53]
Costo asociado: 233.987      Capacidad: 93.0

Ruta #3: [1, 4, 45, 54, 23, 14]
Costo asociado: 212.81899999999996      Capacidad: 98.0

Ruta #4: [1, 17, 7, 26, 48, 42, 35, 31]
Costo asociado: 162.554      Capacidad: 91.0

Ruta #5: [1, 16, 36, 22, 27, 46, 34, 10, 39, 12]
Costo asociado: 256.57300000000004      Capacidad: 96.0

Ruta #6: [1, 5, 44, 29, 8, 40, 51, 6, 19]
Costo asociado: 107.648      Capacidad: 95.0

Ruta #7: [1, 9, 20, 32, 41, 49, 38, 13]
Costo asociado: 221.858      Capacidad: 99.0

--> Costo total: 1399.8539999999998          Capacidad total: 669.0

La solución anterior duró 0min 0seg    -------> Nuevo optimo local. Costo: 1399.854       ==> Optimo: 1167.0  Desvio: 20.0%
Lista tabu: [((44,8,28.636),13), ((29,40,15.62),13), ((29,44,20.396),11)]

+-+-+-+-+-+-+-+-+-+-+-+-+-+-+-+-+-+-+-+-+-+-+-+-+- Iteracion 7  +-+-+-+-+-+-+-+-+-+-+-+-+-+-+-+-+-+-+-+-+-+-+-+-+-


Ruta #1: [1, 2, 11, 18, 37, 30, 50, 21, 24]
Costo asociado: 179.131      Capacidad: 97.0

Ruta #2: [1, 3, 33, 15, 28, 25, 52, 43, 47, 53]
Costo asociado: 233.987      Capacidad: 93.0

Ruta #3: [1, 4, 45, 54, 23, 14]
Costo asociado: 212.81899999999996      Capacidad: 98.0

Ruta #4: [1, 17, 7, 26, 48, 42, 35, 31]
Costo asociado: 162.554      Capacidad: 91.0

Ruta #5: [1, 16, 36, 22, 27, 46, 34, 10, 39, 12]
Costo asociado: 256.57300000000004      Capacidad: 96.0

Ruta #6: [1, 5, 44, 29, 8, 40, 51, 6, 19]
Costo asociado: 107.648      Capacidad: 95.0

Ruta #7: [1, 9, 20, 32, 41, 49, 38, 13]
Costo asociado: 221.858      Capacidad: 99.0

--> Costo total: 1374.5699999999997          Capacidad total: 669.0

La solución anterior duró 0min 0seg    -------> Nuevo optimo local. Costo: 1374.57       ==> Optimo: 1167.0  Desvio: 17.8%
Lista tabu: [((44,8,28.636),8), ((29,40,15.62),8), ((29,44,20.396),6), ((1,7,36.056),9), ((17,26,48.703),9), ((1,17,19.698),7), ((21,50,10.0),5), ((2,24,29.732),5), ((24,50,11.662),4), ((5,44,8.0),6), ((6,19,8.246),6), ((5,6,18.439),5), ((43,47,11.314),7), ((48,42,15.232),7), ((42,43,19.698),6), ((47,53,40.249),8), ((42,35,17.088),8), ((35,47,22.627),7)]

+-+-+-+-+-+-+-+-+-+-+-+-+-+-+-+-+-+-+-+-+-+-+-+-+- Iteracion 8  +-+-+-+-+-+-+-+-+-+-+-+-+-+-+-+-+-+-+-+-+-+-+-+-+-


Ruta #1: [1, 2, 11, 18, 37, 30, 50, 21, 24]
Costo asociado: 179.131      Capacidad: 97.0

Ruta #2: [1, 3, 33, 15, 28, 25, 52, 43, 47, 53]
Costo asociado: 233.987      Capacidad: 93.0

Ruta #3: [1, 4, 45, 54, 23, 14]
Costo asociado: 212.81899999999996      Capacidad: 98.0

Ruta #4: [1, 17, 7, 26, 48, 42, 35, 31]
Costo asociado: 162.554      Capacidad: 91.0

Ruta #5: [1, 12, 39, 10, 34, 22, 27, 46, 36, 16]
Costo asociado: 220.42000000000004      Capacidad: 96.0

Ruta #6: [1, 5, 44, 29, 8, 40, 51, 6, 19]
Costo asociado: 107.648      Capacidad: 95.0

Ruta #7: [1, 9, 20, 32, 41, 49, 38, 13]
Costo asociado: 221.858      Capacidad: 99.0

--> Costo total: 1338.417          Capacidad total: 669.0

La solución anterior duró 0min 0seg    -------> Nuevo optimo local. Costo: 1338.417       ==> Optimo: 1167.0  Desvio: 14.7%
Lista tabu: [((44,8,28.636),7), ((29,40,15.62),7), ((29,44,20.396),5), ((1,7,36.056),8), ((17,26,48.703),8), ((1,17,19.698),6), ((21,50,10.0),4), ((2,24,29.732),4), ((24,50,11.662),3), ((5,44,8.0),5), ((6,19,8.246),5), ((5,6,18.439),4), ((43,47,11.314),6), ((48,42,15.232),6), ((42,43,19.698),5), ((47,53,40.249),7), ((42,35,17.088),7), ((35,47,22.627),6), ((2,24,29.732),13), ((11,1,38.833),13), ((2,11,18.868),11)]

+-+-+-+-+-+-+-+-+-+-+-+-+-+-+-+-+-+-+-+-+-+-+-+-+- Iteracion 9  +-+-+-+-+-+-+-+-+-+-+-+-+-+-+-+-+-+-+-+-+-+-+-+-+-


Ruta #1: [1, 2, 11, 18, 37, 30, 50, 21, 24]
Costo asociado: 179.131      Capacidad: 97.0

Ruta #2: [1, 3, 33, 15, 28, 25, 52, 43, 47, 53]
Costo asociado: 233.987      Capacidad: 93.0

Ruta #3: [1, 4, 23, 54, 45, 14]
Costo asociado: 198.692      Capacidad: 98.0

Ruta #4: [1, 17, 7, 26, 48, 42, 35, 31]
Costo asociado: 162.554      Capacidad: 91.0

Ruta #5: [1, 12, 39, 10, 34, 22, 27, 46, 36, 16]
Costo asociado: 220.42000000000004      Capacidad: 96.0

Ruta #6: [1, 5, 44, 29, 8, 40, 51, 6, 19]
Costo asociado: 107.648      Capacidad: 95.0

Ruta #7: [1, 9, 20, 32, 41, 49, 38, 13]
Costo asociado: 221.858      Capacidad: 99.0

--> Costo total: 1324.29          Capacidad total: 669.0

La solución anterior duró 0min 0seg    -------> Nuevo optimo local. Costo: 1324.29       ==> Optimo: 1167.0  Desvio: 13.5%
Lista tabu: [((44,8,28.636),6), ((29,40,15.62),6), ((29,44,20.396),4), ((1,7,36.056),7), ((17,26,48.703),7), ((1,17,19.698),5), ((21,50,10.0),3), ((2,24,29.732),3), ((24,50,11.662),2), ((5,44,8.0),4), ((6,19,8.246),4), ((5,6,18.439),3), ((43,47,11.314),5), ((48,42,15.232),5), ((42,43,19.698),4), ((47,53,40.249),6), ((42,35,17.088),6), ((35,47,22.627),5), ((2,24,29.732),12), ((11,1,38.833),12), ((2,11,18.868),10), ((46,34,26.077),13), ((36,22,64.031),13), ((34,22,14.56),11)]

+-+-+-+-+-+-+-+-+-+-+-+-+-+-+-+-+-+-+-+-+-+-+-+-+- Iteracion 21  +-+-+-+-+-+-+-+-+-+-+-+-+-+-+-+-+-+-+-+-+-+-+-+-+-


Ruta #1: [1, 2, 11, 18, 37, 30, 50, 21, 24]
Costo asociado: 179.131      Capacidad: 97.0

Ruta #2: [1, 3, 33, 15, 28, 25, 52, 43, 47, 53]
Costo asociado: 233.987      Capacidad: 93.0

Ruta #3: [1, 4, 23, 54, 45, 14]
Costo asociado: 198.692      Capacidad: 98.0

Ruta #4: [1, 17, 7, 26, 48, 42, 35, 31]
Costo asociado: 162.554      Capacidad: 91.0

Ruta #5: [1, 12, 39, 10, 34, 22, 27, 46, 36, 16]
Costo asociado: 220.42000000000004      Capacidad: 96.0

Ruta #6: [1, 5, 19, 6, 51, 40, 8, 29, 44]
Costo asociado: 97.973      Capacidad: 95.0

Ruta #7: [1, 9, 20, 32, 41, 49, 38, 13]
Costo asociado: 221.858      Capacidad: 99.0

--> Costo total: 1314.615          Capacidad total: 669.0

La solución anterior duró 0min 0seg    -------> Nuevo optimo local. Costo: 1314.615       ==> Optimo: 1167.0  Desvio: 12.6%
Lista tabu: [((46,34,26.077),1), ((36,22,64.031),1), ((4,45,14.142),2), ((23,14,32.062),2), ((29,8,10.0),1), ((6,19,8.246),1), ((6,19,8.246),2), ((29,8,10.0),2), ((8,19,16.125),1), ((20,32,10.0),3), ((49,38,18.439),3), ((20,49,20.0),2), ((51,6,12.806),4), ((19,1,28.071),4), ((19,51,18.974),3), ((50,21,10.0),5), ((24,1,24.413),5), ((24,50,11.662),4), ((20,32,10.0),6), ((49,38,18.439),6), ((20,49,20.0),5), ((50,21,10.0),7), ((2,11,18.868),7), ((11,21,19.698),6), ((9,20,2.0),8), ((49,38,18.439),8), ((9,49,18.0),7)]

+-+-+-+-+-+-+-+-+-+-+-+-+-+-+-+-+-+-+-+-+-+-+-+-+- Iteracion 28  +-+-+-+-+-+-+-+-+-+-+-+-+-+-+-+-+-+-+-+-+-+-+-+-+-


Ruta #1: [1, 24, 21, 50, 30, 2, 11, 18, 37]
Costo asociado: 178.338      Capacidad: 97.0

Ruta #2: [1, 3, 33, 15, 28, 25, 52, 43, 47, 53]
Costo asociado: 233.987      Capacidad: 93.0

Ruta #3: [1, 4, 23, 54, 45, 14]
Costo asociado: 198.692      Capacidad: 98.0

Ruta #4: [1, 17, 7, 26, 48, 42, 35, 31]
Costo asociado: 162.554      Capacidad: 91.0

Ruta #5: [1, 12, 39, 10, 34, 22, 27, 46, 36, 16]
Costo asociado: 220.42000000000004      Capacidad: 96.0

Ruta #6: [1, 5, 19, 6, 51, 40, 8, 29, 44]
Costo asociado: 97.973      Capacidad: 95.0

Ruta #7: [1, 9, 20, 32, 41, 49, 38, 13]
Costo asociado: 221.858      Capacidad: 99.0

--> Costo total: 1313.8220000000001          Capacidad total: 669.0

La solución anterior duró 0min 0seg    -------> Nuevo optimo local. Costo: 1313.822       ==> Optimo: 1167.0  Desvio: 12.6%
Lista tabu: [((9,20,2.0),1), ((49,38,18.439),1), ((5,44,8.0),7), ((19,1,28.071),7), ((5,19,20.396),5), ((34,22,14.56),3), ((39,10,12.649),3), ((10,22,17.889),2), ((49,38,18.439),4), ((1,9,88.589),4), ((9,38,15.232),3), ((52,43,4.472),5), ((26,48,8.485),5), ((48,52,20.396),4), ((47,53,40.249),6), ((48,42,15.232),6), ((42,47,10.0),5), ((8,29,10.0),7), ((51,40,4.472),7), ((29,40,15.62),6), ((21,24,2.0),8), ((2,11,18.868),8), ((11,24,18.974),7)]

+-+-+-+-+-+-+-+-+-+-+-+-+-+-+-+-+-+-+-+-+-+-+-+-+- Iteracion 29  +-+-+-+-+-+-+-+-+-+-+-+-+-+-+-+-+-+-+-+-+-+-+-+-+-


Ruta #1: [1, 24, 21, 50, 30, 2, 11, 18, 37]
Costo asociado: 178.338      Capacidad: 97.0

Ruta #2: [1, 53, 47, 52, 43, 25, 28, 15, 33, 3]
Costo asociado: 231.15799999999996      Capacidad: 93.0

Ruta #3: [1, 4, 23, 54, 45, 14]
Costo asociado: 198.692      Capacidad: 98.0
