+-+-+-+-+-+-+-+-+-+-+-+-+-+-+ GRAFO CARGADO +-+-+-+-+-+-+-+-+-+-+-+-+-+-+-
        1         2         3         4         5         6         7         8         9         10        11        12        13        14        15        16        17        18        19        20        21        22
1     0         49.366    48.083    41.785    40.719    36.715    31.016    31.385    24.187    27.659    17.263    23.345    11.18    16.031    7.071    20.248    9.849    22.091    29.069    30.529    31.623    33.541    
2     49.366    0         8.544    23.259    25.942    20.809    18.682    24.166    26.571    30.463    32.14    40.224    47.265    54.626    56.223    57.489    58.856    71.113    72.18    78.16    79.101    82.873    
3     48.083    8.544    0         29.833    32.28    14.56    19.849    19.105    27.803    25.318    31.016    43.139    44.102    55.758    54.571    53.235    57.871    69.051    68.184    78.0    76.105    81.492    
4     41.785    23.259    29.833    0         2.828    33.734    17.889    33.242    19.209    37.59    28.425    23.087    45.222    40.012    48.703    57.201    49.244    63.325    69.836    65.008    73.389    72.56    
5     40.719    25.942    32.28    2.828    0         35.355    18.974    34.482    19.105    38.484    28.284    21.0    44.822    38.013    47.539    56.851    47.802    61.984    69.116    63.008    72.236    70.859    
6     36.715    20.809    14.56    33.734    35.355    0         17.029    5.385    22.472    11.0    21.213    38.484    30.806    47.381    42.544    39.013    46.53    56.321    54.009    67.231    62.514    69.289    
7     31.016    18.682    19.849    17.889    18.974    17.029    0         15.524    8.062    19.723    14.142    23.431    30.676    36.235    38.0    42.048    40.311    53.009    55.973    59.481    61.66    64.382    
8     31.385    24.166    19.105    33.242    34.482    5.385    15.524    0         19.235    6.325    16.401    34.785    25.495    42.521    37.162    34.132    41.183    50.961    49.092    61.911    57.315    63.906    
9     24.187    26.571    27.803    19.209    19.105    22.472    8.062    19.235    0         21.213    9.22    16.125    26.077    28.178    31.257    38.013    33.015    46.271    50.99    51.662    55.543    57.079    
10    27.659    30.463    25.318    37.59    38.484    11.0    19.723    6.325    21.213    0         15.524    35.355    20.248    40.497    32.757    28.018    37.202    45.88    43.012    58.009    51.624    59.093    
11    17.263    32.14    31.016    28.425    28.284    21.213    14.142    16.401    9.22    15.524    0         20.025    17.0    26.173    24.083    28.844    26.926    39.013    42.154    47.011    47.518    50.804    
12    23.345    40.224    43.139    23.087    21.0    38.484    23.431    34.785    16.125    35.355    20.025    0         31.305    17.029    29.206    42.72    28.178    42.485    52.345    42.012    53.339    50.22    
13    11.18    47.265    44.102    45.222    44.822    30.806    30.676    25.495    26.077    20.248    17.0    31.305    0         27.166    13.454    12.042    18.601    25.632    25.298    38.897    32.016    38.91    
14    16.031    54.626    55.758    40.012    38.013    47.381    36.235    42.521    28.178    40.497    26.173    17.029    27.166    0         18.028    35.511    14.422    27.659    40.817    25.0    38.949    33.526    
15    7.071    56.223    54.571    48.703    47.539    42.544    38.0    37.162    31.257    32.757    24.083    29.206    13.454    18.028    0         18.0    5.385    15.033    23.431    25.495    24.698    26.926    
16    20.248    57.489    53.235    57.201    56.851    39.013    42.048    34.132    38.013    28.018    28.844    42.72    12.042    35.511    18.0    0         23.087    22.672    15.0    39.825    24.698    36.069    
17    9.849    58.856    57.871    49.244    47.802    46.53    40.311    41.183    33.015    37.202    26.926    28.178    18.601    14.422    5.385    23.087    0         14.318    26.42    20.809    25.239    24.083    
18    22.091    71.113    69.051    63.325    61.984    56.321    53.009    50.961    46.271    45.88    39.013    42.485    25.632    27.659    15.033    22.672    14.318    0         17.0    18.439    11.314    13.601    
19    29.069    72.18    68.184    69.836    69.116    54.009    55.973    49.092    50.99    43.012    42.154    52.345    25.298    40.817    23.431    15.0    26.42    17.0    0         35.228    12.042    27.313    
20    30.529    78.16    78.0    65.008    63.008    67.231    59.481    61.911    51.662    58.009    47.011    42.012    38.897    25.0    25.495    39.825    20.809    18.439    35.228    0         26.306    12.207    
21    31.623    79.101    76.105    73.389    72.236    62.514    61.66    57.315    55.543    51.624    47.518    53.339    32.016    38.949    24.698    24.698    25.239    11.314    12.042    26.306    0         16.279    
22    33.541    82.873    81.492    72.56    70.859    69.289    64.382    63.906    57.079    59.093    50.804    50.22    38.91    33.526    26.926    36.069    24.083    13.601    27.313    12.207    16.279    0         


Demandas:
1: 0.0
2: 1100.0
3: 700.0
4: 800.0
5: 1400.0
6: 2100.0
7: 400.0
8: 800.0
9: 100.0
10: 500.0
11: 600.0
12: 1200.0
13: 1300.0
14: 1300.0
15: 300.0
16: 900.0
17: 2100.0
18: 1000.0
19: 900.0
20: 2500.0
21: 1800.0
22: 700.0
+-+-+-+-+-+-+-+-+-+-+-+-+-+-+-+ SOLUCION INICIAL +-+-+-+-+-+-+-+-+-+-+-+-+-+-+-+-

Ruta #1: [1, 2, 9, 7, 3, 6, 8, 10]
[(1,2,49.366), (2,9,26.571), (9,7,8.062), (7,3,19.849), (3,6,14.56), (6,8,5.385), (8,10,6.325), (10,1,27.659)]
Costo asociado: 157.777      Capacidad: 5700.0

Ruta #2: [1, 4, 11, 5, 12, 14]
[(1,4,41.785), (4,11,28.425), (11,5,28.284), (5,12,21.0), (12,14,17.029), (14,1,16.031)]
Costo asociado: 152.554      Capacidad: 5300.0

Ruta #3: [1, 13, 16, 18, 17, 15]
[(1,13,11.18), (13,16,12.042), (16,18,22.672), (18,17,14.318), (17,15,5.385), (15,1,7.071)]
Costo asociado: 72.668      Capacidad: 5600.0

Ruta #4: [1, 20, 22, 21, 19]
[(1,20,30.529), (20,22,12.207), (22,21,16.279), (21,19,12.042), (19,1,29.069)]
Costo asociado: 100.126      Capacidad: 5900.0

--> Costo total: 483.125          Capacidad total: 22500.0

+-+-+-+-+-+-+-+-+-+-+-+-+-+-+-+-+-+-+-+-+-+-+-+-+- Iteracion 1  +-+-+-+-+-+-+-+-+-+-+-+-+-+-+-+-+-+-+-+-+-+-+-+-+-


Ruta #1: [1, 2, 7, 3, 6, 8, 10]
[(1,2,49.366), (2,7,18.682), (7,3,19.849), (3,6,14.56), (6,8,5.385), (8,10,6.325), (10,1,27.659)]
Costo asociado: 141.82600000000002      Capacidad: 5600.0

Ruta #2: [1, 4, 9, 11, 5, 12, 14]
[(1,4,41.785), (4,9,19.209), (9,11,9.22), (11,5,28.284), (5,12,21.0), (12,14,17.029), (14,1,16.031)]
Costo asociado: 152.558      Capacidad: 5400.0

Ruta #3: [1, 13, 16, 18, 17, 15]
[(1,13,11.18), (13,16,12.042), (16,18,22.672), (18,17,14.318), (17,15,5.385), (15,1,7.071)]
Costo asociado: 72.668      Capacidad: 5600.0

Ruta #4: [1, 20, 22, 21, 19]
[(1,20,30.529), (20,22,12.207), (22,21,16.279), (21,19,12.042), (19,1,29.069)]
Costo asociado: 100.126      Capacidad: 5900.0

--> Costo total: 467.178          Capacidad total: 22500.0

+-+-+-+-+-+-+-+-+-+-+-+-+-+-+-+-+-+-+-+-+-+-+-+-+- Iteracion 1  +-+-+-+-+-+-+-+-+-+-+-+-+-+-+-+-+-+-+-+-+-+-+-+-+-

La solución anterior duró 0min 0seg    -------> Nuevo optimo local. Costo: 467.17799999999994       ==> Optimo: 375.0  Desvio: 24.6%
Lista tabu: []

+-+-+-+-+-+-+-+-+-+-+-+-+-+-+-+-+-+-+-+-+-+-+-+-+- Iteracion 6  +-+-+-+-+-+-+-+-+-+-+-+-+-+-+-+-+-+-+-+-+-+-+-+-+-


Ruta #1: [1, 2, 3, 6, 7, 8, 10]
[(1,2,49.366), (2,3,8.544), (3,6,14.56), (6,7,17.029), (7,8,15.524), (8,10,6.325), (10,1,27.659)]
Costo asociado: 139.007      Capacidad: 5600.0

Ruta #2: [1, 4, 9, 11, 5, 12, 14]
[(1,4,41.785), (4,9,19.209), (9,11,9.22), (11,5,28.284), (5,12,21.0), (12,14,17.029), (14,1,16.031)]
Costo asociado: 152.558      Capacidad: 5400.0

Ruta #3: [1, 13, 16, 18, 17, 15]
[(1,13,11.18), (13,16,12.042), (16,18,22.672), (18,17,14.318), (17,15,5.385), (15,1,7.071)]
Costo asociado: 72.668      Capacidad: 5600.0

Ruta #4: [1, 20, 22, 21, 19]
[(1,20,30.529), (20,22,12.207), (22,21,16.279), (21,19,12.042), (19,1,29.069)]
Costo asociado: 100.126      Capacidad: 5900.0

--> Costo total: 464.35900000000004          Capacidad total: 22500.0

+-+-+-+-+-+-+-+-+-+-+-+-+-+-+-+-+-+-+-+-+-+-+-+-+- Iteracion 6  +-+-+-+-+-+-+-+-+-+-+-+-+-+-+-+-+-+-+-+-+-+-+-+-+-

La solución anterior duró 0min 0seg    -------> Nuevo optimo local. Costo: 464.359       ==> Optimo: 375.0  Desvio: 23.799999999999997%
Lista tabu: [((2,9,26.571),4), ((9,7,8.062),4), ((4,11,28.425),4), ((4,9,19.209),2), ((14,1,16.031),2), ((17,15,5.385),2), ((14,15,18.028),1), ((18,17,14.318),3), ((22,21,16.279),3), ((18,21,11.314),2), ((13,16,12.042),4), ((9,11,9.22),4), ((11,13,17.0),3), ((8,10,6.325),5), ((10,1,27.659),5), ((11,5,28.284),5), ((10,11,15.524),4)]

+-+-+-+-+-+-+-+-+-+-+-+-+-+-+-+-+-+-+-+-+-+-+-+-+- Iteracion 8  +-+-+-+-+-+-+-+-+-+-+-+-+-+-+-+-+-+-+-+-+-+-+-+-+-


Ruta #1: [1, 2, 3, 6, 7, 8, 10]
[(1,2,49.366), (2,3,8.544), (3,6,14.56), (6,7,17.029), (7,8,15.524), (8,10,6.325), (10,1,27.659)]
Costo asociado: 139.007      Capacidad: 5600.0

Ruta #2: [1, 14, 12, 9, 11, 5, 4]
[(1,14,16.031), (14,12,17.029), (12,9,16.125), (9,11,9.22), (11,5,28.284), (5,4,2.828), (4,1,41.785)]
Costo asociado: 131.302      Capacidad: 5400.0

Ruta #3: [1, 13, 16, 18, 17, 15]
[(1,13,11.18), (13,16,12.042), (16,18,22.672), (18,17,14.318), (17,15,5.385), (15,1,7.071)]
Costo asociado: 72.668      Capacidad: 5600.0

Ruta #4: [1, 20, 22, 21, 19]
[(1,20,30.529), (20,22,12.207), (22,21,16.279), (21,19,12.042), (19,1,29.069)]
Costo asociado: 100.126      Capacidad: 5900.0

--> Costo total: 443.10299999999995          Capacidad total: 22500.0

+-+-+-+-+-+-+-+-+-+-+-+-+-+-+-+-+-+-+-+-+-+-+-+-+- Iteracion 8  +-+-+-+-+-+-+-+-+-+-+-+-+-+-+-+-+-+-+-+-+-+-+-+-+-

La solución anterior duró 0min 0seg    -------> Nuevo optimo local. Costo: 443.103       ==> Optimo: 375.0  Desvio: 18.2%
Lista tabu: [((2,9,26.571),2), ((9,7,8.062),2), ((4,11,28.425),2), ((18,17,14.318),1), ((22,21,16.279),1), ((13,16,12.042),2), ((9,11,9.22),2), ((11,13,17.0),1), ((8,10,6.325),3), ((10,1,27.659),3), ((11,5,28.284),3), ((10,11,15.524),2), ((6,8,5.385),7), ((7,3,19.849),7), ((2,7,18.682),7), ((7,8,15.524),5), ((17,15,5.385),5), ((1,13,11.18),5), ((13,15,13.454),4)]

+-+-+-+-+-+-+-+-+-+-+-+-+-+-+-+-+-+-+-+-+-+-+-+-+- Iteracion 9  +-+-+-+-+-+-+-+-+-+-+-+-+-+-+-+-+-+-+-+-+-+-+-+-+-


Ruta #1: [1, 2, 3, 6, 8, 10]
[(1,2,49.366), (2,3,8.544), (3,6,14.56), (6,8,5.385), (8,10,6.325), (10,1,27.659)]
Costo asociado: 111.839      Capacidad: 5200.0

Ruta #2: [1, 14, 12, 9, 7, 11, 5, 4]
[(1,14,16.031), (14,12,17.029), (12,9,16.125), (9,7,8.062), (7,11,14.142), (11,5,28.284), (5,4,2.828), (4,1,41.785)]
Costo asociado: 144.286      Capacidad: 5800.0

Ruta #3: [1, 13, 16, 18, 17, 15]
[(1,13,11.18), (13,16,12.042), (16,18,22.672), (18,17,14.318), (17,15,5.385), (15,1,7.071)]
Costo asociado: 72.668      Capacidad: 5600.0

Ruta #4: [1, 20, 22, 21, 19]
[(1,20,30.529), (20,22,12.207), (22,21,16.279), (21,19,12.042), (19,1,29.069)]
Costo asociado: 100.126      Capacidad: 5900.0

--> Costo total: 428.919          Capacidad total: 22500.0

+-+-+-+-+-+-+-+-+-+-+-+-+-+-+-+-+-+-+-+-+-+-+-+-+- Iteracion 9  +-+-+-+-+-+-+-+-+-+-+-+-+-+-+-+-+-+-+-+-+-+-+-+-+-

La solución anterior duró 0min 0seg    -------> Nuevo optimo local. Costo: 428.9189999999999       ==> Optimo: 375.0  Desvio: 14.399999999999999%
Lista tabu: [((2,9,26.571),1), ((9,7,8.062),1), ((4,11,28.425),1), ((13,16,12.042),1), ((9,11,9.22),1), ((8,10,6.325),2), ((10,1,27.659),2), ((11,5,28.284),2), ((10,11,15.524),1), ((6,8,5.385),6), ((7,3,19.849),6), ((2,7,18.682),6), ((7,8,15.524),4), ((17,15,5.385),4), ((1,13,11.18),4), ((13,15,13.454),3), ((5,12,21.0),8), ((4,9,19.209),8), ((12,9,16.125),6)]

+-+-+-+-+-+-+-+-+-+-+-+-+-+-+-+-+-+-+-+-+-+-+-+-+- Iteracion 11  +-+-+-+-+-+-+-+-+-+-+-+-+-+-+-+-+-+-+-+-+-+-+-+-+-


Ruta #1: [1, 2, 3, 6, 8, 10]
[(1,2,49.366), (2,3,8.544), (3,6,14.56), (6,8,5.385), (8,10,6.325), (10,1,27.659)]
Costo asociado: 111.839      Capacidad: 5200.0

Ruta #2: [1, 14, 12, 9, 11, 7, 5, 4]
[(1,14,16.031), (14,12,17.029), (12,9,16.125), (9,11,9.22), (11,7,14.142), (7,5,18.974), (5,4,2.828), (4,1,41.785)]
Costo asociado: 136.13400000000001      Capacidad: 5800.0

Ruta #3: [1, 13, 16, 18, 17, 15]
[(1,13,11.18), (13,16,12.042), (16,18,22.672), (18,17,14.318), (17,15,5.385), (15,1,7.071)]
Costo asociado: 72.668      Capacidad: 5600.0

Ruta #4: [1, 20, 22, 21, 19]
[(1,20,30.529), (20,22,12.207), (22,21,16.279), (21,19,12.042), (19,1,29.069)]
Costo asociado: 100.126      Capacidad: 5900.0

--> Costo total: 420.76700000000005          Capacidad total: 22500.0

+-+-+-+-+-+-+-+-+-+-+-+-+-+-+-+-+-+-+-+-+-+-+-+-+- Iteracion 11  +-+-+-+-+-+-+-+-+-+-+-+-+-+-+-+-+-+-+-+-+-+-+-+-+-

La solución anterior duró 0min 0seg    -------> Nuevo optimo local. Costo: 420.767       ==> Optimo: 375.0  Desvio: 12.2%
Lista tabu: [((6,8,5.385),4), ((7,3,19.849),4), ((2,7,18.682),4), ((7,8,15.524),2), ((17,15,5.385),2), ((1,13,11.18),2), ((13,15,13.454),1), ((5,12,21.0),6), ((4,9,19.209),6), ((12,9,16.125),4), ((6,7,17.029),7), ((7,8,15.524),7), ((9,11,9.22),7), ((9,7,8.062),5), ((8,10,6.325),5), ((3,6,14.56),5), ((6,10,11.0),4)]

+-+-+-+-+-+-+-+-+-+-+-+-+-+-+-+-+-+-+-+-+-+-+-+-+- Iteracion 14  +-+-+-+-+-+-+-+-+-+-+-+-+-+-+-+-+-+-+-+-+-+-+-+-+-


Ruta #1: [1, 2, 3, 6, 8, 10, 11]
[(1,2,49.366), (2,3,8.544), (3,6,14.56), (6,8,5.385), (8,10,6.325), (10,11,15.524), (11,1,17.263)]
Costo asociado: 116.96700000000001      Capacidad: 5800.0

Ruta #2: [1, 14, 12, 9, 7, 5, 4]
[(1,14,16.031), (14,12,17.029), (12,9,16.125), (9,7,8.062), (7,5,18.974), (5,4,2.828), (4,1,41.785)]
Costo asociado: 120.834      Capacidad: 5200.0

Ruta #3: [1, 13, 16, 18, 17, 15]
[(1,13,11.18), (13,16,12.042), (16,18,22.672), (18,17,14.318), (17,15,5.385), (15,1,7.071)]
Costo asociado: 72.668      Capacidad: 5600.0

Ruta #4: [1, 20, 22, 21, 19]
[(1,20,30.529), (20,22,12.207), (22,21,16.279), (21,19,12.042), (19,1,29.069)]
Costo asociado: 100.126      Capacidad: 5900.0

--> Costo total: 410.595          Capacidad total: 22500.0

+-+-+-+-+-+-+-+-+-+-+-+-+-+-+-+-+-+-+-+-+-+-+-+-+- Iteracion 14  +-+-+-+-+-+-+-+-+-+-+-+-+-+-+-+-+-+-+-+-+-+-+-+-+-

La solución anterior duró 0min 0seg    -------> Nuevo optimo local. Costo: 410.595       ==> Optimo: 375.0  Desvio: 9.5%
Lista tabu: [((6,8,5.385),1), ((7,3,19.849),1), ((2,7,18.682),1), ((5,12,21.0),3), ((4,9,19.209),3), ((12,9,16.125),1), ((6,7,17.029),4), ((7,8,15.524),4), ((9,11,9.22),4), ((9,7,8.062),2), ((8,10,6.325),2), ((3,6,14.56),2), ((6,10,11.0),1), ((9,7,8.062),6), ((11,5,28.284),6), ((9,11,9.22),4), ((18,17,14.318),4), ((22,21,16.279),4), ((18,21,11.314),3), ((9,11,9.22),5), ((11,7,14.142),5), ((8,10,6.325),5), ((8,11,16.401),4)]

+-+-+-+-+-+-+-+-+-+-+-+-+-+-+-+-+-+-+-+-+-+-+-+-+- Iteracion 221  +-+-+-+-+-+-+-+-+-+-+-+-+-+-+-+-+-+-+-+-+-+-+-+-+-


Ruta #1: [1, 2, 3, 6, 8, 10, 11]
[(1,2,49.366), (2,3,8.544), (3,6,14.56), (6,8,5.385), (8,10,6.325), (10,11,15.524), (11,1,17.263)]
Costo asociado: 116.96700000000001      Capacidad: 5800.0

Ruta #2: [1, 14, 12, 9, 7, 4, 5]
[(1,14,16.031), (14,12,17.029), (12,9,16.125), (9,7,8.062), (7,4,17.889), (4,5,2.828), (5,1,40.719)]
Costo asociado: 118.68299999999999      Capacidad: 5200.0

Ruta #3: [1, 13, 16, 18, 17, 15]
[(1,13,11.18), (13,16,12.042), (16,18,22.672), (18,17,14.318), (17,15,5.385), (15,1,7.071)]
Costo asociado: 72.668      Capacidad: 5600.0

Ruta #4: [1, 20, 22, 21, 19]
[(1,20,30.529), (20,22,12.207), (22,21,16.279), (21,19,12.042), (19,1,29.069)]
Costo asociado: 100.126      Capacidad: 5900.0

--> Costo total: 408.44399999999996          Capacidad total: 22500.0

+-+-+-+-+-+-+-+-+-+-+-+-+-+-+-+-+-+-+-+-+-+-+-+-+- Iteracion 221  +-+-+-+-+-+-+-+-+-+-+-+-+-+-+-+-+-+-+-+-+-+-+-+-+-

La solución anterior duró 0min 0seg    -------> Nuevo optimo local. Costo: 408.4440000000001       ==> Optimo: 375.0  Desvio: 8.9%
Lista tabu: [((20,22,12.207),1), ((16,18,22.672),1), ((1,13,11.18),2), ((17,15,5.385),2), ((18,17,14.318),2), ((13,17,18.601),1), ((16,18,22.672),3), ((15,1,7.071),3), ((17,15,5.385),3), ((15,16,18.0),2), ((9,7,8.062),4), ((4,1,41.785),4), ((4,9,19.209),3), ((1,13,11.18),5), ((17,15,5.385),5), ((18,17,14.318),5), ((13,17,18.601),4)]

Ruta #1: [1, 2, 3, 6, 8, 10, 11]
[(1,2,49.366), (2,3,8.544), (3,6,14.56), (6,8,5.385), (8,10,6.325), (10,11,15.524), (11,1,17.263)]
Costo asociado: 116.96700000000001      Capacidad: 5800.0

Ruta #2: [1, 14, 12, 9, 7, 5, 4]
[(1,14,16.031), (14,12,17.029), (12,9,16.125), (9,7,8.062), (7,5,18.974), (5,4,2.828), (4,1,41.785)]
Costo asociado: 120.834      Capacidad: 5200.0

Ruta #3: [1, 13, 16, 18, 17, 15]
[(1,13,11.18), (13,16,12.042), (16,18,22.672), (18,17,14.318), (17,15,5.385), (15,1,7.071)]
Costo asociado: 72.668      Capacidad: 5600.0

Ruta #4: [1, 20, 22, 21, 19]
[(1,20,30.529), (20,22,12.207), (22,21,16.279), (21,19,12.042), (19,1,29.069)]
Costo asociado: 100.126      Capacidad: 5900.0

--> Costo total: 410.595          Capacidad total: 22500.0

+-+-+-+-+-+-+-+-+-+-+-+-+-+-+-+-+-+-+-+-+-+-+-+-+- Iteracion 526  +-+-+-+-+-+-+-+-+-+-+-+-+-+-+-+-+-+-+-+-+-+-+-+-+-


Ruta #1: [1, 2, 3, 6, 8, 10, 11]
[(1,2,49.366), (2,3,8.544), (3,6,14.56), (6,8,5.385), (8,10,6.325), (10,11,15.524), (11,1,17.263)]
Costo asociado: 116.96700000000001      Capacidad: 5800.0

Ruta #2: [1, 14, 12, 9, 7, 4, 5]
[(1,14,16.031), (14,12,17.029), (12,9,16.125), (9,7,8.062), (7,4,17.889), (4,5,2.828), (5,1,40.719)]
Costo asociado: 118.68299999999999      Capacidad: 5200.0

Ruta #3: [1, 13, 16, 18, 17, 15]
[(1,13,11.18), (13,16,12.042), (16,18,22.672), (18,17,14.318), (17,15,5.385), (15,1,7.071)]
Costo asociado: 72.668      Capacidad: 5600.0

Ruta #4: [1, 20, 22, 21, 19]
[(1,20,30.529), (20,22,12.207), (22,21,16.279), (21,19,12.042), (19,1,29.069)]
Costo asociado: 100.126      Capacidad: 5900.0

--> Costo total: 408.44399999999996          Capacidad total: 22500.0

+-+-+-+-+-+-+-+-+-+-+-+-+-+-+-+-+-+-+-+-+-+-+-+-+- Iteracion 526  +-+-+-+-+-+-+-+-+-+-+-+-+-+-+-+-+-+-+-+-+-+-+-+-+-

Nuevo optimo. Costo: 408.44399999999996
Lista tabu: [((10,11,15.524),1), ((6,8,5.385),1), ((3,6,14.56),2), ((8,10,6.325),2), ((3,8,19.105),1), ((17,15,5.385),3), ((15,1,7.071),3), ((1,14,16.031),3), ((14,15,18.028),2), ((10,11,15.524),4), ((11,1,17.263),4), ((12,9,16.125),4), ((9,11,9.22),3), ((6,8,5.385),5), ((10,11,15.524),5), ((6,10,11.0),4)]

Ruta #1: [1, 2, 3, 6, 8, 10]
[(1,2,49.366), (2,3,8.544), (3,6,14.56), (6,8,5.385), (8,10,6.325), (10,1,27.659)]
Costo asociado: 111.839      Capacidad: 5200.0

Ruta #2: [1, 14, 12, 9, 11, 7, 5, 4]
[(1,14,16.031), (14,12,17.029), (12,9,16.125), (9,11,9.22), (11,7,14.142), (7,5,18.974), (5,4,2.828), (4,1,41.785)]
Costo asociado: 136.13400000000001      Capacidad: 5800.0

Ruta #3: [1, 13, 16, 18, 17, 15]
[(1,13,11.18), (13,16,12.042), (16,18,22.672), (18,17,14.318), (17,15,5.385), (15,1,7.071)]
Costo asociado: 72.668      Capacidad: 5600.0

Ruta #4: [1, 20, 22, 21, 19]
[(1,20,30.529), (20,22,12.207), (22,21,16.279), (21,19,12.042), (19,1,29.069)]
Costo asociado: 100.126      Capacidad: 5900.0

--> Costo total: 420.76700000000005          Capacidad total: 22500.0

+-+-+-+-+-+-+-+-+-+-+-+-+-+-+-+-+-+-+-+-+-+-+-+-+- Iteracion 731  +-+-+-+-+-+-+-+-+-+-+-+-+-+-+-+-+-+-+-+-+-+-+-+-+-


Ruta #1: [1, 2, 3, 6, 8, 10]
[(1,2,49.366), (2,3,8.544), (3,6,14.56), (6,8,5.385), (8,10,6.325), (10,1,27.659)]
Costo asociado: 111.839      Capacidad: 5200.0

Ruta #2: [1, 14, 12, 9, 11, 7, 4, 5]
[(1,14,16.031), (14,12,17.029), (12,9,16.125), (9,11,9.22), (11,7,14.142), (7,4,17.889), (4,5,2.828), (5,1,40.719)]
Costo asociado: 133.983      Capacidad: 5800.0

Ruta #3: [1, 13, 16, 18, 17, 15]
[(1,13,11.18), (13,16,12.042), (16,18,22.672), (18,17,14.318), (17,15,5.385), (15,1,7.071)]
Costo asociado: 72.668      Capacidad: 5600.0

Ruta #4: [1, 20, 22, 21, 19]
[(1,20,30.529), (20,22,12.207), (22,21,16.279), (21,19,12.042), (19,1,29.069)]
Costo asociado: 100.126      Capacidad: 5900.0

--> Costo total: 418.616          Capacidad total: 22500.0

+-+-+-+-+-+-+-+-+-+-+-+-+-+-+-+-+-+-+-+-+-+-+-+-+- Iteracion 731  +-+-+-+-+-+-+-+-+-+-+-+-+-+-+-+-+-+-+-+-+-+-+-+-+-

Nuevo optimo. Costo: 418.616
Lista tabu: [((16,18,22.672),1), ((15,1,7.071),1), ((17,15,5.385),1), ((16,18,22.672),2), ((15,1,7.071),2), ((17,15,5.385),2), ((15,16,18.0),1), ((18,17,14.318),3), ((15,1,7.071),3), ((15,18,15.033),2), ((11,7,14.142),4), ((7,5,18.974),4), ((3,6,14.56),4), ((6,7,17.029),3), ((8,10,6.325),5), ((3,6,14.56),5), ((6,10,11.0),4)]

+-+-+-+-+-+-+-+-+-+-+-+-+-+-+-+-+-+-+-+-+-+-+-+-+- Iteracion 732  +-+-+-+-+-+-+-+-+-+-+-+-+-+-+-+-+-+-+-+-+-+-+-+-+-


Ruta #1: [1, 7, 2, 3, 6, 8, 10]
[(1,7,31.016), (7,2,18.682), (2,3,8.544), (3,6,14.56), (6,8,5.385), (8,10,6.325), (10,1,27.659)]
Costo asociado: 112.17099999999999      Capacidad: 5600.0

Ruta #2: [1, 14, 12, 9, 11, 4, 5]
[(1,14,16.031), (14,12,17.029), (12,9,16.125), (9,11,9.22), (11,4,28.425), (4,5,2.828), (5,1,40.719)]
Costo asociado: 130.377      Capacidad: 5400.0

Ruta #3: [1, 13, 16, 18, 17, 15]
[(1,13,11.18), (13,16,12.042), (16,18,22.672), (18,17,14.318), (17,15,5.385), (15,1,7.071)]
Costo asociado: 72.668      Capacidad: 5600.0

Ruta #4: [1, 20, 22, 21, 19]
[(1,20,30.529), (20,22,12.207), (22,21,16.279), (21,19,12.042), (19,1,29.069)]
Costo asociado: 100.126      Capacidad: 5900.0

--> Costo total: 415.342          Capacidad total: 22500.0

+-+-+-+-+-+-+-+-+-+-+-+-+-+-+-+-+-+-+-+-+-+-+-+-+- Iteracion 732  +-+-+-+-+-+-+-+-+-+-+-+-+-+-+-+-+-+-+-+-+-+-+-+-+-

Nuevo optimo. Costo: 415.342
Lista tabu: [((16,18,22.672),1), ((15,1,7.071),1), ((17,15,5.385),1), ((18,17,14.318),2), ((15,1,7.071),2), ((15,18,15.033),1), ((11,7,14.142),3), ((7,5,18.974),3), ((3,6,14.56),3), ((6,7,17.029),2), ((8,10,6.325),4), ((3,6,14.56),4), ((6,10,11.0),3), ((7,5,18.974),8), ((4,1,41.785),8), ((4,7,17.889),6)]

+-+-+-+-+-+-+-+-+-+-+-+-+-+-+-+-+-+-+-+-+-+-+-+-+- Iteracion 745  +-+-+-+-+-+-+-+-+-+-+-+-+-+-+-+-+-+-+-+-+-+-+-+-+-


Ruta #1: [1, 7, 2, 3, 6, 8, 10]
[(1,7,31.016), (7,2,18.682), (2,3,8.544), (3,6,14.56), (6,8,5.385), (8,10,6.325), (10,1,27.659)]
Costo asociado: 112.17099999999999      Capacidad: 5600.0

Ruta #2: [1, 14, 12, 9, 5, 4, 11]
[(1,14,16.031), (14,12,17.029), (12,9,16.125), (9,5,19.105), (5,4,2.828), (4,11,28.425), (11,1,17.263)]
Costo asociado: 116.80600000000001      Capacidad: 5400.0

Ruta #3: [1, 13, 16, 18, 17, 15]
[(1,13,11.18), (13,16,12.042), (16,18,22.672), (18,17,14.318), (17,15,5.385), (15,1,7.071)]
Costo asociado: 72.668      Capacidad: 5600.0

Ruta #4: [1, 20, 22, 21, 19]
[(1,20,30.529), (20,22,12.207), (22,21,16.279), (21,19,12.042), (19,1,29.069)]
Costo asociado: 100.126      Capacidad: 5900.0

--> Costo total: 401.77099999999996          Capacidad total: 22500.0

+-+-+-+-+-+-+-+-+-+-+-+-+-+-+-+-+-+-+-+-+-+-+-+-+- Iteracion 745  +-+-+-+-+-+-+-+-+-+-+-+-+-+-+-+-+-+-+-+-+-+-+-+-+-

La solución anterior duró 0min 1seg    -------> Nuevo optimo local. Costo: 401.77099999999996       ==> Optimo: 375.0  Desvio: 7.1%
Lista tabu: [((18,17,14.318),1), ((22,21,16.279),1), ((18,17,14.318),2), ((15,1,7.071),2), ((15,18,15.033),1), ((8,10,6.325),3), ((10,1,27.659),3), ((11,4,28.425),3), ((10,11,15.524),2), ((1,14,16.031),4), ((11,4,28.425),4), ((9,11,9.22),4), ((1,11,17.263),3), ((12,9,16.125),5), ((9,11,9.22),5), ((8,10,6.325),5), ((8,9,19.235),4)]

+-+-+-+-+-+-+-+-+-+-+-+-+-+-+-+-+-+-+-+-+-+-+-+-+- Iteracion 748  +-+-+-+-+-+-+-+-+-+-+-+-+-+-+-+-+-+-+-+-+-+-+-+-+-


Ruta #1: [1, 9, 7, 2, 3, 6, 8, 10]
[(1,9,24.187), (9,7,8.062), (7,2,18.682), (2,3,8.544), (3,6,14.56), (6,8,5.385), (8,10,6.325), (10,1,27.659)]
Costo asociado: 113.404      Capacidad: 5700.0

Ruta #2: [1, 14, 12, 5, 4, 11]
[(1,14,16.031), (14,12,17.029), (12,5,21.0), (5,4,2.828), (4,11,28.425), (11,1,17.263)]
Costo asociado: 102.57600000000001      Capacidad: 5300.0

Ruta #3: [1, 13, 16, 18, 17, 15]
[(1,13,11.18), (13,16,12.042), (16,18,22.672), (18,17,14.318), (17,15,5.385), (15,1,7.071)]
Costo asociado: 72.668      Capacidad: 5600.0

Ruta #4: [1, 20, 22, 21, 19]
[(1,20,30.529), (20,22,12.207), (22,21,16.279), (21,19,12.042), (19,1,29.069)]
Costo asociado: 100.126      Capacidad: 5900.0

--> Costo total: 388.774          Capacidad total: 22500.0

+-+-+-+-+-+-+-+-+-+-+-+-+-+-+-+-+-+-+-+-+-+-+-+-+- Iteracion 748  +-+-+-+-+-+-+-+-+-+-+-+-+-+-+-+-+-+-+-+-+-+-+-+-+-

La solución anterior duró 0min 0seg    -------> Nuevo optimo local. Costo: 388.77399999999994       ==> Optimo: 375.0  Desvio: 3.6999999999999997%
Lista tabu: [((1,14,16.031),1), ((11,4,28.425),1), ((9,11,9.22),1), ((12,9,16.125),2), ((9,11,9.22),2), ((8,10,6.325),2), ((8,9,19.235),1), ((9,11,9.22),6), ((5,1,40.719),6), ((5,9,19.105),4), ((18,17,14.318),4), ((15,1,7.071),4), ((15,18,15.033),3), ((18,17,14.318),5), ((22,21,16.279),5), ((18,21,11.314),4)]

+-+-+-+-+-+-+-+-+-+-+-+-+-+-+-+-+-+- Solucion Optima +-+-+-+-+-+-+-+-+-+-+-+-+-+-+-+-+-+-

Ruta #1: [1, 9, 7, 2, 3, 6, 8, 10]
Costo asociado: 113.404      Capacidad: 5700.0

Ruta #2: [1, 14, 12, 5, 4, 11]
Costo asociado: 102.57600000000001      Capacidad: 5300.0

Ruta #3: [1, 13, 16, 18, 17, 15]
Costo asociado: 72.668      Capacidad: 5600.0

Ruta #4: [1, 20, 22, 21, 19]
Costo asociado: 100.126      Capacidad: 5900.0


Costo total:  388.774        Optimo real:  375.0      Desviación: 3.6999999999999997%

Cantidad de iteraciones: 749
Nro de vehiculos: 4
Capacidad Maxima/Vehiculo: 6000.0
Tiempo total: 0min 1seg
Tiempo de estancamiento: 0min 0seg
