+-+-+-+-+-+-+-+-+-+-+-+-+-+-+ GRAFO CARGADO +-+-+-+-+-+-+-+-+-+-+-+-+-+-+-
        1         2         3         4         5         6         7         8         9         10        11        12        13        14        15        16        17        18        19        20        21        22
1     0         49.366    48.083    41.785    40.719    36.715    31.016    31.385    24.187    27.659    17.263    23.345    11.18    16.031    7.071    20.248    9.849    22.091    29.069    30.529    31.623    33.541    
2     49.366    0         8.544    23.259    25.942    20.809    18.682    24.166    26.571    30.463    32.14    40.224    47.265    54.626    56.223    57.489    58.856    71.113    72.18    78.16    79.101    82.873    
3     48.083    8.544    0         29.833    32.28    14.56    19.849    19.105    27.803    25.318    31.016    43.139    44.102    55.758    54.571    53.235    57.871    69.051    68.184    78.0    76.105    81.492    
4     41.785    23.259    29.833    0         2.828    33.734    17.889    33.242    19.209    37.59    28.425    23.087    45.222    40.012    48.703    57.201    49.244    63.325    69.836    65.008    73.389    72.56    
5     40.719    25.942    32.28    2.828    0         35.355    18.974    34.482    19.105    38.484    28.284    21.0    44.822    38.013    47.539    56.851    47.802    61.984    69.116    63.008    72.236    70.859    
6     36.715    20.809    14.56    33.734    35.355    0         17.029    5.385    22.472    11.0    21.213    38.484    30.806    47.381    42.544    39.013    46.53    56.321    54.009    67.231    62.514    69.289    
7     31.016    18.682    19.849    17.889    18.974    17.029    0         15.524    8.062    19.723    14.142    23.431    30.676    36.235    38.0    42.048    40.311    53.009    55.973    59.481    61.66    64.382    
8     31.385    24.166    19.105    33.242    34.482    5.385    15.524    0         19.235    6.325    16.401    34.785    25.495    42.521    37.162    34.132    41.183    50.961    49.092    61.911    57.315    63.906    
9     24.187    26.571    27.803    19.209    19.105    22.472    8.062    19.235    0         21.213    9.22    16.125    26.077    28.178    31.257    38.013    33.015    46.271    50.99    51.662    55.543    57.079    
10    27.659    30.463    25.318    37.59    38.484    11.0    19.723    6.325    21.213    0         15.524    35.355    20.248    40.497    32.757    28.018    37.202    45.88    43.012    58.009    51.624    59.093    
11    17.263    32.14    31.016    28.425    28.284    21.213    14.142    16.401    9.22    15.524    0         20.025    17.0    26.173    24.083    28.844    26.926    39.013    42.154    47.011    47.518    50.804    
12    23.345    40.224    43.139    23.087    21.0    38.484    23.431    34.785    16.125    35.355    20.025    0         31.305    17.029    29.206    42.72    28.178    42.485    52.345    42.012    53.339    50.22    
13    11.18    47.265    44.102    45.222    44.822    30.806    30.676    25.495    26.077    20.248    17.0    31.305    0         27.166    13.454    12.042    18.601    25.632    25.298    38.897    32.016    38.91    
14    16.031    54.626    55.758    40.012    38.013    47.381    36.235    42.521    28.178    40.497    26.173    17.029    27.166    0         18.028    35.511    14.422    27.659    40.817    25.0    38.949    33.526    
15    7.071    56.223    54.571    48.703    47.539    42.544    38.0    37.162    31.257    32.757    24.083    29.206    13.454    18.028    0         18.0    5.385    15.033    23.431    25.495    24.698    26.926    
16    20.248    57.489    53.235    57.201    56.851    39.013    42.048    34.132    38.013    28.018    28.844    42.72    12.042    35.511    18.0    0         23.087    22.672    15.0    39.825    24.698    36.069    
17    9.849    58.856    57.871    49.244    47.802    46.53    40.311    41.183    33.015    37.202    26.926    28.178    18.601    14.422    5.385    23.087    0         14.318    26.42    20.809    25.239    24.083    
18    22.091    71.113    69.051    63.325    61.984    56.321    53.009    50.961    46.271    45.88    39.013    42.485    25.632    27.659    15.033    22.672    14.318    0         17.0    18.439    11.314    13.601    
19    29.069    72.18    68.184    69.836    69.116    54.009    55.973    49.092    50.99    43.012    42.154    52.345    25.298    40.817    23.431    15.0    26.42    17.0    0         35.228    12.042    27.313    
20    30.529    78.16    78.0    65.008    63.008    67.231    59.481    61.911    51.662    58.009    47.011    42.012    38.897    25.0    25.495    39.825    20.809    18.439    35.228    0         26.306    12.207    
21    31.623    79.101    76.105    73.389    72.236    62.514    61.66    57.315    55.543    51.624    47.518    53.339    32.016    38.949    24.698    24.698    25.239    11.314    12.042    26.306    0         16.279    
22    33.541    82.873    81.492    72.56    70.859    69.289    64.382    63.906    57.079    59.093    50.804    50.22    38.91    33.526    26.926    36.069    24.083    13.601    27.313    12.207    16.279    0         


Demandas:
1: 0.0
2: 1100.0
3: 700.0
4: 800.0
5: 1400.0
6: 2100.0
7: 400.0
8: 800.0
9: 100.0
10: 500.0
11: 600.0
12: 1200.0
13: 1300.0
14: 1300.0
15: 300.0
16: 900.0
17: 2100.0
18: 1000.0
19: 900.0
20: 2500.0
21: 1800.0
22: 700.0
+-+-+-+-+-+-+-+-+-+-+-+-+-+-+-+ SOLUCION INICIAL +-+-+-+-+-+-+-+-+-+-+-+-+-+-+-+-

Ruta #1: [1, 2, 9, 7, 3, 6, 8, 10]
Costo asociado: 157.777      Capacidad: 5700.0

Ruta #2: [1, 4, 11, 5, 12, 14]
Costo asociado: 152.554      Capacidad: 5300.0

Ruta #3: [1, 13, 16, 18, 17, 15]
Costo asociado: 72.668      Capacidad: 5600.0

Ruta #4: [1, 20, 22, 21, 19]
Costo asociado: 100.126      Capacidad: 5900.0

--> Costo total: 483.125          Capacidad total: 22500.0

+-+-+-+-+-+-+-+-+-+-+-+-+-+-+-+-+-+-+-+-+-+-+-+-+- Iteracion 2  +-+-+-+-+-+-+-+-+-+-+-+-+-+-+-+-+-+-+-+-+-+-+-+-+-


Ruta #1: [1, 2, 9, 7, 3, 6, 8, 10]
Costo asociado: 157.777      Capacidad: 5700.0

Ruta #2: [1, 4, 5, 11, 12, 14]
Costo asociado: 125.982      Capacidad: 5300.0

Ruta #3: [1, 13, 16, 18, 17, 15]
Costo asociado: 72.668      Capacidad: 5600.0

Ruta #4: [1, 20, 22, 21, 19]
Costo asociado: 100.126      Capacidad: 5900.0

--> Costo total: 456.553          Capacidad total: 22500.0

+-+-+-+-+-+-+-+-+-+-+-+-+-+-+-+-+-+-+-+-+-+-+-+-+- Iteracion 2  +-+-+-+-+-+-+-+-+-+-+-+-+-+-+-+-+-+-+-+-+-+-+-+-+-

La solución anterior duró 0min 0seg    -------> Nuevo optimo local. Costo: 456.55299999999994       ==> Optimo: 375.0  Desvio: 21.7%
Lista tabu: [((1,13,11.18),5), ((15,1,7.071),5), ((17,15,5.385),5), ((13,15,13.454),4)]

+-+-+-+-+-+-+-+-+-+-+-+-+-+-+-+-+-+-+-+-+-+-+-+-+- Iteracion 5  +-+-+-+-+-+-+-+-+-+-+-+-+-+-+-+-+-+-+-+-+-+-+-+-+-


Ruta #1: [1, 2, 7, 3, 6, 8, 10]
Costo asociado: 141.82600000000002      Capacidad: 5600.0

Ruta #2: [1, 4, 5, 9, 11, 12, 14]
Costo asociado: 126.023      Capacidad: 5400.0

Ruta #3: [1, 13, 16, 18, 17, 15]
Costo asociado: 72.668      Capacidad: 5600.0

Ruta #4: [1, 20, 22, 21, 19]
Costo asociado: 100.126      Capacidad: 5900.0

--> Costo total: 440.64300000000003          Capacidad total: 22500.0

+-+-+-+-+-+-+-+-+-+-+-+-+-+-+-+-+-+-+-+-+-+-+-+-+- Iteracion 5  +-+-+-+-+-+-+-+-+-+-+-+-+-+-+-+-+-+-+-+-+-+-+-+-+-

La solución anterior duró 0min 0seg    -------> Nuevo optimo local. Costo: 440.64300000000003       ==> Optimo: 375.0  Desvio: 17.5%
Lista tabu: [((1,13,11.18),2), ((15,1,7.071),2), ((17,15,5.385),2), ((13,15,13.454),1), ((4,5,2.828),4), ((8,10,6.325),4), ((10,1,27.659),4), ((5,11,28.284),4), ((10,11,15.524),3), ((1,13,11.18),5), ((17,15,5.385),5), ((18,17,14.318),5), ((1,17,9.849),4)]

+-+-+-+-+-+-+-+-+-+-+-+-+-+-+-+-+-+-+-+-+-+-+-+-+- Iteracion 6  +-+-+-+-+-+-+-+-+-+-+-+-+-+-+-+-+-+-+-+-+-+-+-+-+-


Ruta #1: [1, 2, 3, 6, 7, 8, 10]
Costo asociado: 139.007      Capacidad: 5600.0

Ruta #2: [1, 4, 5, 9, 11, 12, 14]
Costo asociado: 126.023      Capacidad: 5400.0

Ruta #3: [1, 13, 16, 18, 17, 15]
Costo asociado: 72.668      Capacidad: 5600.0

Ruta #4: [1, 20, 22, 21, 19]
Costo asociado: 100.126      Capacidad: 5900.0

--> Costo total: 437.82399999999996          Capacidad total: 22500.0

+-+-+-+-+-+-+-+-+-+-+-+-+-+-+-+-+-+-+-+-+-+-+-+-+- Iteracion 6  +-+-+-+-+-+-+-+-+-+-+-+-+-+-+-+-+-+-+-+-+-+-+-+-+-

La solución anterior duró 0min 0seg    -------> Nuevo optimo local. Costo: 437.824       ==> Optimo: 375.0  Desvio: 16.8%
Lista tabu: [((1,13,11.18),1), ((15,1,7.071),1), ((17,15,5.385),1), ((4,5,2.828),3), ((8,10,6.325),3), ((10,1,27.659),3), ((5,11,28.284),3), ((10,11,15.524),2), ((1,13,11.18),4), ((17,15,5.385),4), ((18,17,14.318),4), ((1,17,9.849),3), ((2,9,26.571),8), ((9,7,8.062),8), ((5,11,28.284),8), ((9,11,9.22),6)]

+-+-+-+-+-+-+-+-+-+-+-+-+-+-+-+-+-+-+-+-+-+-+-+-+- Iteracion 7  +-+-+-+-+-+-+-+-+-+-+-+-+-+-+-+-+-+-+-+-+-+-+-+-+-


Ruta #1: [1, 2, 3, 6, 10, 8, 7]
Costo asociado: 136.335      Capacidad: 5600.0

Ruta #2: [1, 4, 5, 9, 11, 12, 14]
Costo asociado: 126.023      Capacidad: 5400.0

Ruta #3: [1, 13, 16, 18, 17, 15]
Costo asociado: 72.668      Capacidad: 5600.0

Ruta #4: [1, 20, 22, 21, 19]
Costo asociado: 100.126      Capacidad: 5900.0

--> Costo total: 435.15200000000004          Capacidad total: 22500.0

+-+-+-+-+-+-+-+-+-+-+-+-+-+-+-+-+-+-+-+-+-+-+-+-+- Iteracion 7  +-+-+-+-+-+-+-+-+-+-+-+-+-+-+-+-+-+-+-+-+-+-+-+-+-

La solución anterior duró 0min 0seg    -------> Nuevo optimo local. Costo: 435.152       ==> Optimo: 375.0  Desvio: 16.0%
Lista tabu: [((4,5,2.828),2), ((8,10,6.325),2), ((10,1,27.659),2), ((5,11,28.284),2), ((10,11,15.524),1), ((1,13,11.18),3), ((17,15,5.385),3), ((18,17,14.318),3), ((1,17,9.849),2), ((2,9,26.571),7), ((9,7,8.062),7), ((5,11,28.284),7), ((9,11,9.22),5), ((6,8,5.385),8), ((7,3,19.849),8), ((2,7,18.682),8), ((7,8,15.524),6)]

+-+-+-+-+-+-+-+-+-+-+-+-+-+-+-+-+-+-+-+-+-+-+-+-+- Iteracion 8  +-+-+-+-+-+-+-+-+-+-+-+-+-+-+-+-+-+-+-+-+-+-+-+-+-


Ruta #1: [1, 2, 3, 6, 10, 8]
Costo asociado: 121.18      Capacidad: 5200.0

Ruta #2: [1, 4, 5, 7, 9, 11, 12, 14]
Costo asociado: 133.954      Capacidad: 5800.0

Ruta #3: [1, 13, 16, 18, 17, 15]
Costo asociado: 72.668      Capacidad: 5600.0

Ruta #4: [1, 20, 22, 21, 19]
Costo asociado: 100.126      Capacidad: 5900.0

--> Costo total: 427.928          Capacidad total: 22500.0

+-+-+-+-+-+-+-+-+-+-+-+-+-+-+-+-+-+-+-+-+-+-+-+-+- Iteracion 8  +-+-+-+-+-+-+-+-+-+-+-+-+-+-+-+-+-+-+-+-+-+-+-+-+-

La solución anterior duró 0min 0seg    -------> Nuevo optimo local. Costo: 427.928       ==> Optimo: 375.0  Desvio: 14.099999999999998%
Lista tabu: [((4,5,2.828),1), ((8,10,6.325),1), ((10,1,27.659),1), ((5,11,28.284),1), ((1,13,11.18),2), ((17,15,5.385),2), ((18,17,14.318),2), ((1,17,9.849),1), ((2,9,26.571),6), ((9,7,8.062),6), ((5,11,28.284),6), ((9,11,9.22),4), ((6,8,5.385),7), ((7,3,19.849),7), ((2,7,18.682),7), ((7,8,15.524),5), ((8,10,6.325),8), ((6,7,17.029),8), ((3,6,14.56),8), ((6,10,11.0),6)]

+-+-+-+-+-+-+-+-+-+-+-+-+-+-+-+-+-+-+-+-+-+-+-+-+- Iteracion 25  +-+-+-+-+-+-+-+-+-+-+-+-+-+-+-+-+-+-+-+-+-+-+-+-+-


Ruta #1: [1, 2, 3, 6, 10, 8, 11]
Costo asociado: 123.459      Capacidad: 5800.0

Ruta #2: [1, 4, 5, 7, 9, 12, 14]
Costo asociado: 120.834      Capacidad: 5200.0

Ruta #3: [1, 13, 16, 18, 17, 15]
Costo asociado: 72.668      Capacidad: 5600.0

Ruta #4: [1, 20, 22, 21, 19]
Costo asociado: 100.126      Capacidad: 5900.0

--> Costo total: 417.087          Capacidad total: 22500.0

+-+-+-+-+-+-+-+-+-+-+-+-+-+-+-+-+-+-+-+-+-+-+-+-+- Iteracion 25  +-+-+-+-+-+-+-+-+-+-+-+-+-+-+-+-+-+-+-+-+-+-+-+-+-

La solución anterior duró 0min 0seg    -------> Nuevo optimo local. Costo: 415.348       ==> Optimo: 375.0  Desvio: 10.8%
Lista tabu: [((5,7,18.974),2), ((7,9,8.062),2), ((8,1,31.385),2), ((7,8,15.524),1), ((9,12,16.125),2), ((1,13,11.18),4), ((17,15,5.385),4), ((18,17,14.318),4), ((1,17,9.849),3), ((5,7,18.974),5), ((7,9,8.062),5), ((8,1,31.385),5), ((7,8,15.524),4)]

+-+-+-+-+-+-+-+-+-+-+-+-+-+-+-+-+-+-+-+-+-+-+-+-+- Iteracion 26  +-+-+-+-+-+-+-+-+-+-+-+-+-+-+-+-+-+-+-+-+-+-+-+-+-


Ruta #1: [1, 2, 3, 6, 8, 10, 11]
Costo asociado: 116.96700000000001      Capacidad: 5800.0

Ruta #2: [1, 4, 5, 7, 9, 12, 14]
Costo asociado: 120.834      Capacidad: 5200.0

Ruta #3: [1, 13, 16, 18, 17, 15]
Costo asociado: 72.668      Capacidad: 5600.0

Ruta #4: [1, 20, 22, 21, 19]
Costo asociado: 100.126      Capacidad: 5900.0

--> Costo total: 410.595          Capacidad total: 22500.0

+-+-+-+-+-+-+-+-+-+-+-+-+-+-+-+-+-+-+-+-+-+-+-+-+- Iteracion 26  +-+-+-+-+-+-+-+-+-+-+-+-+-+-+-+-+-+-+-+-+-+-+-+-+-

La solución anterior duró 0min 0seg    -------> Nuevo optimo local. Costo: 410.59499999999997       ==> Optimo: 375.0  Desvio: 9.5%
Lista tabu: [((5,7,18.974),1), ((7,9,8.062),1), ((8,1,31.385),1), ((9,12,16.125),1), ((1,13,11.18),3), ((17,15,5.385),3), ((18,17,14.318),3), ((1,17,9.849),2), ((5,7,18.974),4), ((7,9,8.062),4), ((8,1,31.385),4), ((7,8,15.524),3), ((9,11,9.22),8), ((11,12,20.025),8), ((8,1,31.385),8), ((8,11,16.401),6)]

Ruta #1: [1, 11, 8, 10, 6, 3, 2]
Costo asociado: 123.459      Capacidad: 5800.0

Ruta #2: [1, 4, 5, 7, 9, 12, 14]
Costo asociado: 120.834      Capacidad: 5200.0

Ruta #3: [1, 13, 16, 18, 17, 15]
Costo asociado: 72.668      Capacidad: 5600.0

Ruta #4: [1, 20, 22, 21, 19]
Costo asociado: 100.126      Capacidad: 5900.0

--> Costo total: 417.087          Capacidad total: 22500.0

+-+-+-+-+-+-+-+-+-+-+-+-+-+-+-+-+-+-+-+-+-+-+-+-+- Iteracion 113  +-+-+-+-+-+-+-+-+-+-+-+-+-+-+-+-+-+-+-+-+-+-+-+-+-


Ruta #1: [1, 2, 3, 6, 10, 11, 8]
Costo asociado: 146.78      Capacidad: 5800.0

Ruta #2: [1, 4, 5, 7, 9, 12, 14]
Costo asociado: 120.834      Capacidad: 5200.0

Ruta #3: [1, 13, 16, 18, 17, 15]
Costo asociado: 72.668      Capacidad: 5600.0

Ruta #4: [1, 20, 22, 21, 19]
Costo asociado: 100.126      Capacidad: 5900.0

--> Costo total: 440.408          Capacidad total: 22500.0

+-+-+-+-+-+-+-+-+-+-+-+-+-+-+-+-+-+-+-+-+-+-+-+-+- Iteracion 113  +-+-+-+-+-+-+-+-+-+-+-+-+-+-+-+-+-+-+-+-+-+-+-+-+-

La solución anterior duró 0min 0seg    -------> Nuevo optimo local. Costo: 400.07       ==> Optimo: 375.0  Desvio: 6.7%
Lista tabu: [((1,11,17.263),1), ((11,8,16.401),1), ((9,12,16.125),1), ((18,21,11.314),1), ((15,18,15.033),2), ((1,11,17.263),4), ((11,8,16.401),4), ((9,12,16.125),4), ((9,11,9.22),3), ((1,11,17.263),5), ((11,8,16.401),5), ((9,12,16.125),5), ((9,11,9.22),4)]

+-+-+-+-+-+-+-+-+-+-+-+-+-+-+-+-+-+-+-+-+-+-+-+-+- Iteracion 114  +-+-+-+-+-+-+-+-+-+-+-+-+-+-+-+-+-+-+-+-+-+-+-+-+-


Ruta #1: [1, 2, 3, 6, 10, 8]
Costo asociado: 121.18      Capacidad: 5200.0

Ruta #2: [1, 4, 5, 7, 9, 11, 12, 14]
Costo asociado: 133.954      Capacidad: 5800.0

Ruta #3: [1, 13, 16, 18, 17, 15]
Costo asociado: 72.668      Capacidad: 5600.0

Ruta #4: [1, 20, 22, 21, 19]
Costo asociado: 100.126      Capacidad: 5900.0

--> Costo total: 427.928          Capacidad total: 22500.0

+-+-+-+-+-+-+-+-+-+-+-+-+-+-+-+-+-+-+-+-+-+-+-+-+- Iteracion 114  +-+-+-+-+-+-+-+-+-+-+-+-+-+-+-+-+-+-+-+-+-+-+-+-+-

La solución anterior duró 0min 0seg    -------> Nuevo optimo local. Costo: 422.045       ==> Optimo: 375.0  Desvio: 12.5%
Lista tabu: [((15,18,15.033),1), ((1,11,17.263),3), ((11,8,16.401),3), ((9,12,16.125),3), ((9,11,9.22),2), ((1,11,17.263),4), ((11,8,16.401),4), ((9,12,16.125),4), ((9,11,9.22),3), ((11,10,15.524),6)]

+-+-+-+-+-+-+-+-+-+-+-+-+-+-+-+-+-+-+-+-+-+-+-+-+- Iteracion 117  +-+-+-+-+-+-+-+-+-+-+-+-+-+-+-+-+-+-+-+-+-+-+-+-+-


Ruta #1: [1, 2, 3, 6, 10, 8, 11]
Costo asociado: 123.459      Capacidad: 5800.0

Ruta #2: [1, 4, 5, 7, 9, 12, 14]
Costo asociado: 120.834      Capacidad: 5200.0

Ruta #3: [1, 13, 16, 18, 17, 15]
Costo asociado: 72.668      Capacidad: 5600.0

Ruta #4: [1, 20, 22, 21, 19]
Costo asociado: 100.126      Capacidad: 5900.0

--> Costo total: 417.087          Capacidad total: 22500.0

+-+-+-+-+-+-+-+-+-+-+-+-+-+-+-+-+-+-+-+-+-+-+-+-+- Iteracion 117  +-+-+-+-+-+-+-+-+-+-+-+-+-+-+-+-+-+-+-+-+-+-+-+-+-

La solución anterior duró 0min 0seg    -------> Nuevo optimo local. Costo: 417.087       ==> Optimo: 375.0  Desvio: 11.200000000000001%
Lista tabu: [((1,11,17.263),1), ((11,8,16.401),1), ((9,12,16.125),1), ((11,10,15.524),3), ((10,11,15.524),6), ((11,8,16.401),6), ((9,12,16.125),6), ((9,11,9.22),4), ((1,13,11.18),4), ((17,15,5.385),4), ((18,17,14.318),4), ((1,17,9.849),3), ((9,12,16.125),4)]

+-+-+-+-+-+-+-+-+-+-+-+-+-+-+-+-+-+-+-+-+-+-+-+-+- Iteracion 125  +-+-+-+-+-+-+-+-+-+-+-+-+-+-+-+-+-+-+-+-+-+-+-+-+-


Ruta #1: [1, 2, 3, 6, 8, 10, 11]
Costo asociado: 116.96700000000001      Capacidad: 5800.0

Ruta #2: [1, 4, 5, 7, 9, 12, 14]
Costo asociado: 120.834      Capacidad: 5200.0

Ruta #3: [1, 13, 16, 18, 17, 15]
Costo asociado: 72.668      Capacidad: 5600.0

Ruta #4: [1, 20, 22, 21, 19]
Costo asociado: 100.126      Capacidad: 5900.0

--> Costo total: 410.595          Capacidad total: 22500.0

+-+-+-+-+-+-+-+-+-+-+-+-+-+-+-+-+-+-+-+-+-+-+-+-+- Iteracion 125  +-+-+-+-+-+-+-+-+-+-+-+-+-+-+-+-+-+-+-+-+-+-+-+-+-

La solución anterior duró 0min 0seg    -------> Nuevo optimo local. Costo: 410.59499999999997       ==> Optimo: 375.0  Desvio: 9.5%
Lista tabu: [((9,11,9.22),1), ((11,12,20.025),1), ((8,1,31.385),1), ((8,11,16.401),1), ((11,1,17.263),1), ((5,7,18.974),1), ((1,13,11.18),2), ((17,15,5.385),2), ((18,17,14.318),2), ((1,17,9.849),1), ((7,9,8.062),3), ((9,12,16.125),3), ((8,11,16.401),3), ((9,11,9.22),2), ((1,13,11.18),4), ((17,15,5.385),4), ((18,17,14.318),4), ((1,17,9.849),3), ((10,8,6.325),5), ((8,11,16.401),5), ((5,7,18.974),5), ((7,8,15.524),4)]

Ruta #1: [1, 11, 8, 10, 6, 3, 2]
Costo asociado: 123.459      Capacidad: 5800.0

Ruta #2: [1, 4, 5, 7, 9, 12, 14]
Costo asociado: 120.834      Capacidad: 5200.0

Ruta #3: [1, 13, 16, 18, 17, 15]
Costo asociado: 72.668      Capacidad: 5600.0

Ruta #4: [1, 20, 22, 21, 19]
Costo asociado: 100.126      Capacidad: 5900.0

--> Costo total: 417.087          Capacidad total: 22500.0

+-+-+-+-+-+-+-+-+-+-+-+-+-+-+-+-+-+-+-+-+-+-+-+-+- Iteracion 182  +-+-+-+-+-+-+-+-+-+-+-+-+-+-+-+-+-+-+-+-+-+-+-+-+-


Ruta #1: [1, 2, 3, 6, 10, 11, 8]
Costo asociado: 146.78      Capacidad: 5800.0

Ruta #2: [1, 4, 5, 7, 9, 12, 14]
Costo asociado: 120.834      Capacidad: 5200.0

Ruta #3: [1, 13, 16, 18, 17, 15]
Costo asociado: 72.668      Capacidad: 5600.0

Ruta #4: [1, 20, 22, 21, 19]
Costo asociado: 100.126      Capacidad: 5900.0

--> Costo total: 440.408          Capacidad total: 22500.0

+-+-+-+-+-+-+-+-+-+-+-+-+-+-+-+-+-+-+-+-+-+-+-+-+- Iteracion 182  +-+-+-+-+-+-+-+-+-+-+-+-+-+-+-+-+-+-+-+-+-+-+-+-+-

La solución anterior duró 0min 0seg    -------> Nuevo optimo local. Costo: 400.07       ==> Optimo: 375.0  Desvio: 6.7%
Lista tabu: [((1,11,17.263),1), ((11,8,16.401),1), ((9,12,16.125),1), ((1,13,11.18),2), ((15,1,7.071),2), ((17,15,5.385),2), ((13,15,13.454),1), ((1,11,17.263),3), ((11,8,16.401),3), ((9,12,16.125),3), ((9,11,9.22),2), ((11,8,16.401),4), ((8,10,6.325),4), ((5,7,18.974),4), ((7,8,15.524),3), ((1,13,11.18),5), ((15,1,7.071),5), ((17,15,5.385),5), ((13,15,13.454),4)]

+-+-+-+-+-+-+-+-+-+-+-+-+-+-+-+-+-+-+-+-+-+-+-+-+- Iteracion 185  +-+-+-+-+-+-+-+-+-+-+-+-+-+-+-+-+-+-+-+-+-+-+-+-+-


Ruta #1: [1, 2, 3, 6, 10, 8]
Costo asociado: 121.18      Capacidad: 5200.0

Ruta #2: [1, 4, 5, 7, 9, 11, 12, 14]
Costo asociado: 133.954      Capacidad: 5800.0

Ruta #3: [1, 13, 16, 18, 17, 15]
Costo asociado: 72.668      Capacidad: 5600.0

Ruta #4: [1, 20, 22, 21, 19]
Costo asociado: 100.126      Capacidad: 5900.0

--> Costo total: 427.928          Capacidad total: 22500.0

+-+-+-+-+-+-+-+-+-+-+-+-+-+-+-+-+-+-+-+-+-+-+-+-+- Iteracion 185  +-+-+-+-+-+-+-+-+-+-+-+-+-+-+-+-+-+-+-+-+-+-+-+-+-

La solución anterior duró 0min 0seg    -------> Nuevo optimo local. Costo: 422.045       ==> Optimo: 375.0  Desvio: 12.5%
Lista tabu: [((11,8,16.401),1), ((8,10,6.325),1), ((5,7,18.974),1), ((1,13,11.18),2), ((15,1,7.071),2), ((17,15,5.385),2), ((13,15,13.454),1), ((10,11,15.524),4), ((15,18,15.033),3), ((1,13,11.18),5), ((15,1,7.071),5), ((17,15,5.385),5), ((13,15,13.454),4)]

+-+-+-+-+-+-+-+-+-+-+-+-+-+-+-+-+-+-+-+-+-+-+-+-+- Iteracion 187  +-+-+-+-+-+-+-+-+-+-+-+-+-+-+-+-+-+-+-+-+-+-+-+-+-


Ruta #1: [1, 2, 3, 6, 10, 8, 11]
Costo asociado: 123.459      Capacidad: 5800.0

Ruta #2: [1, 4, 5, 7, 9, 12, 14]
Costo asociado: 120.834      Capacidad: 5200.0

Ruta #3: [1, 13, 16, 18, 17, 15]
Costo asociado: 72.668      Capacidad: 5600.0

Ruta #4: [1, 20, 22, 21, 19]
Costo asociado: 100.126      Capacidad: 5900.0

--> Costo total: 417.087          Capacidad total: 22500.0

+-+-+-+-+-+-+-+-+-+-+-+-+-+-+-+-+-+-+-+-+-+-+-+-+- Iteracion 187  +-+-+-+-+-+-+-+-+-+-+-+-+-+-+-+-+-+-+-+-+-+-+-+-+-

La solución anterior duró 0min 0seg    -------> Nuevo optimo local. Costo: 417.087       ==> Optimo: 375.0  Desvio: 11.200000000000001%
Lista tabu: [((10,11,15.524),2), ((15,18,15.033),1), ((1,13,11.18),3), ((15,1,7.071),3), ((17,15,5.385),3), ((13,15,13.454),2), ((10,11,15.524),7), ((11,8,16.401),7), ((9,12,16.125),7), ((9,11,9.22),5), ((9,12,16.125),4)]

+-+-+-+-+-+-+-+-+-+-+-+-+-+-+-+-+-+-+-+-+-+-+-+-+- Iteracion 193  +-+-+-+-+-+-+-+-+-+-+-+-+-+-+-+-+-+-+-+-+-+-+-+-+-


Ruta #1: [1, 2, 3, 6, 8, 10, 11]
Costo asociado: 116.96700000000001      Capacidad: 5800.0

Ruta #2: [1, 4, 5, 7, 9, 12, 14]
Costo asociado: 120.834      Capacidad: 5200.0

Ruta #3: [1, 13, 16, 18, 17, 15]
Costo asociado: 72.668      Capacidad: 5600.0

Ruta #4: [1, 20, 22, 21, 19]
Costo asociado: 100.126      Capacidad: 5900.0

--> Costo total: 410.595          Capacidad total: 22500.0

+-+-+-+-+-+-+-+-+-+-+-+-+-+-+-+-+-+-+-+-+-+-+-+-+- Iteracion 193  +-+-+-+-+-+-+-+-+-+-+-+-+-+-+-+-+-+-+-+-+-+-+-+-+-

La solución anterior duró 0min 0seg    -------> Nuevo optimo local. Costo: 410.59499999999997       ==> Optimo: 375.0  Desvio: 9.5%
Lista tabu: [((10,11,15.524),1), ((11,8,16.401),1), ((9,12,16.125),1), ((9,11,9.22),3), ((11,12,20.025),3), ((8,1,31.385),3), ((8,11,16.401),1), ((10,8,6.325),1), ((8,11,16.401),1), ((5,7,18.974),1), ((8,11,16.401),2), ((11,1,17.263),2), ((5,7,18.974),2), ((7,11,14.142),1), ((10,11,15.524),2), ((8,11,16.401),4), ((11,1,17.263),4), ((5,7,18.974),4), ((7,11,14.142),3), ((7,9,8.062),5), ((9,12,16.125),5), ((8,11,16.401),5), ((9,11,9.22),4)]

Ruta #1: [1, 2, 3, 6, 8, 10, 11]
Costo asociado: 116.96700000000001      Capacidad: 5800.0

Ruta #2: [1, 4, 5, 7, 9, 12, 14]
Costo asociado: 120.834      Capacidad: 5200.0

Ruta #3: [1, 15, 13, 16, 18, 17]
Costo asociado: 79.406      Capacidad: 5600.0

Ruta #4: [1, 20, 22, 21, 19]
Costo asociado: 100.126      Capacidad: 5900.0

--> Costo total: 417.33299999999997          Capacidad total: 22500.0

+-+-+-+-+-+-+-+-+-+-+-+-+-+-+-+-+-+-+-+-+-+-+-+-+- Iteracion 245  +-+-+-+-+-+-+-+-+-+-+-+-+-+-+-+-+-+-+-+-+-+-+-+-+-


Ruta #1: [1, 2, 3, 6, 8, 10, 11]
Costo asociado: 116.96700000000001      Capacidad: 5800.0

Ruta #2: [1, 4, 5, 7, 9, 12, 14]
Costo asociado: 120.834      Capacidad: 5200.0

Ruta #3: [1, 13, 16, 18, 15, 17]
Costo asociado: 76.16100000000002      Capacidad: 5600.0

Ruta #4: [1, 20, 22, 21, 19]
Costo asociado: 100.126      Capacidad: 5900.0

--> Costo total: 414.0880000000001          Capacidad total: 22500.0

+-+-+-+-+-+-+-+-+-+-+-+-+-+-+-+-+-+-+-+-+-+-+-+-+- Iteracion 245  +-+-+-+-+-+-+-+-+-+-+-+-+-+-+-+-+-+-+-+-+-+-+-+-+-

Nuevo optimo. Costo: 414.0880000000001
Lista tabu: [((1,13,11.18),4), ((15,1,7.071),4), ((17,15,5.385),4), ((15,13,13.454),3), ((1,13,11.18),4)]

+-+-+-+-+-+-+-+-+-+-+-+-+-+-+-+-+-+-+-+-+-+-+-+-+- Iteracion 252  +-+-+-+-+-+-+-+-+-+-+-+-+-+-+-+-+-+-+-+-+-+-+-+-+-


Ruta #1: [1, 2, 3, 6, 8, 10, 11]
Costo asociado: 116.96700000000001      Capacidad: 5800.0

Ruta #2: [1, 4, 5, 7, 9, 12, 14]
Costo asociado: 120.834      Capacidad: 5200.0

Ruta #3: [1, 13, 16, 18, 17, 15]
Costo asociado: 72.668      Capacidad: 5600.0

Ruta #4: [1, 20, 22, 21, 19]
Costo asociado: 100.126      Capacidad: 5900.0

--> Costo total: 410.595          Capacidad total: 22500.0

+-+-+-+-+-+-+-+-+-+-+-+-+-+-+-+-+-+-+-+-+-+-+-+-+- Iteracion 252  +-+-+-+-+-+-+-+-+-+-+-+-+-+-+-+-+-+-+-+-+-+-+-+-+-

Nuevo optimo. Costo: 410.595
Lista tabu: [((18,17,14.318),2), ((15,13,13.454),2), ((1,15,7.071),2), ((8,11,16.401),1), ((1,13,11.18),3), ((15,17,5.385),3), ((18,15,15.033),3), ((15,13,13.454),2), ((6,10,11.0),3), ((1,13,11.18),5), ((15,17,5.385),5), ((18,15,15.033),5), ((15,13,13.454),4)]

Ruta #1: [1, 2, 3, 6, 8, 10, 11]
Costo asociado: 116.96700000000001      Capacidad: 5800.0

Ruta #2: [1, 4, 5, 7, 9, 12, 14]
Costo asociado: 120.834      Capacidad: 5200.0

Ruta #3: [1, 17, 18, 16, 13, 15]
Costo asociado: 79.406      Capacidad: 5600.0

Ruta #4: [1, 20, 22, 21, 19]
Costo asociado: 100.126      Capacidad: 5900.0

--> Costo total: 417.33299999999997          Capacidad total: 22500.0

+-+-+-+-+-+-+-+-+-+-+-+-+-+-+-+-+-+-+-+-+-+-+-+-+- Iteracion 304  +-+-+-+-+-+-+-+-+-+-+-+-+-+-+-+-+-+-+-+-+-+-+-+-+-


Ruta #1: [1, 2, 3, 6, 8, 10, 11]
Costo asociado: 116.96700000000001      Capacidad: 5800.0

Ruta #2: [1, 4, 5, 7, 9, 12, 14]
Costo asociado: 120.834      Capacidad: 5200.0

Ruta #3: [1, 15, 17, 18, 16, 13]
Costo asociado: 72.668      Capacidad: 5600.0

Ruta #4: [1, 20, 22, 21, 19]
Costo asociado: 100.126      Capacidad: 5900.0

--> Costo total: 410.595          Capacidad total: 22500.0

+-+-+-+-+-+-+-+-+-+-+-+-+-+-+-+-+-+-+-+-+-+-+-+-+- Iteracion 304  +-+-+-+-+-+-+-+-+-+-+-+-+-+-+-+-+-+-+-+-+-+-+-+-+-

La solución anterior duró 0min 0seg    -------> Nuevo optimo local. Costo: 410.59499999999997       ==> Optimo: 375.0  Desvio: 9.5%
Lista tabu: [((1,13,11.18),4), ((17,15,5.385),4), ((18,17,14.318),4), ((1,17,9.849),3), ((10,11,15.524),5), ((11,1,17.263),5), ((5,7,18.974),5), ((7,11,14.142),4)]

+-+-+-+-+-+-+-+-+-+-+-+-+-+-+-+-+-+-+-+-+-+-+-+-+- Iteracion 314  +-+-+-+-+-+-+-+-+-+-+-+-+-+-+-+-+-+-+-+-+-+-+-+-+-


Ruta #1: [1, 2, 3, 6, 8, 10, 11]
Costo asociado: 116.96700000000001      Capacidad: 5800.0

Ruta #2: [1, 4, 5, 7, 9, 12, 14]
Costo asociado: 120.834      Capacidad: 5200.0

Ruta #3: [1, 13, 16, 18, 15, 17]
Costo asociado: 76.16100000000002      Capacidad: 5600.0

Ruta #4: [1, 20, 22, 21, 19]
Costo asociado: 100.126      Capacidad: 5900.0

--> Costo total: 414.0880000000001          Capacidad total: 22500.0

+-+-+-+-+-+-+-+-+-+-+-+-+-+-+-+-+-+-+-+-+-+-+-+-+- Iteracion 314  +-+-+-+-+-+-+-+-+-+-+-+-+-+-+-+-+-+-+-+-+-+-+-+-+-

La solución anterior duró 0min 0seg    -------> Nuevo optimo local. Costo: 401.625       ==> Optimo: 375.0  Desvio: 7.1%
Lista tabu: [((6,8,5.385),1), ((8,10,6.325),1), ((5,7,18.974),1), ((8,11,16.401),1), ((10,11,15.524),3), ((11,1,17.263),3), ((7,9,8.062),3), ((9,11,9.22),2), ((10,11,15.524),4), ((11,1,17.263),4), ((5,7,18.974),4), ((7,11,14.142),3), ((13,1,11.18),5), ((15,17,5.385),5), ((1,15,7.071),5), ((15,13,13.454),4)]

+-+-+-+-+-+-+-+-+-+-+-+-+-+-+-+-+-+-+-+-+-+-+-+-+- Iteracion 340  +-+-+-+-+-+-+-+-+-+-+-+-+-+-+-+-+-+-+-+-+-+-+-+-+-


Ruta #1: [1, 2, 3, 6, 8, 10, 11]
Costo asociado: 116.96700000000001      Capacidad: 5800.0

Ruta #2: [1, 4, 5, 7, 9, 12, 14]
Costo asociado: 120.834      Capacidad: 5200.0

Ruta #3: [1, 13, 16, 18, 17, 15]
Costo asociado: 72.668      Capacidad: 5600.0

Ruta #4: [1, 20, 22, 21, 19]
Costo asociado: 100.126      Capacidad: 5900.0

--> Costo total: 410.595          Capacidad total: 22500.0

+-+-+-+-+-+-+-+-+-+-+-+-+-+-+-+-+-+-+-+-+-+-+-+-+- Iteracion 340  +-+-+-+-+-+-+-+-+-+-+-+-+-+-+-+-+-+-+-+-+-+-+-+-+-

La solución anterior duró 0min 0seg    -------> Nuevo optimo local. Costo: 410.5950000000001       ==> Optimo: 375.0  Desvio: 9.5%
Lista tabu: [((1,13,11.18),1), ((15,17,5.385),1), ((18,15,15.033),1), ((10,11,15.524),2), ((11,1,17.263),2), ((7,9,8.062),2), ((9,11,9.22),1), ((10,11,15.524),3), ((11,1,17.263),3), ((7,9,8.062),3), ((9,11,9.22),2), ((1,13,11.18),4), ((15,17,5.385),4), ((18,15,15.033),4), ((1,15,7.071),3), ((8,11,16.401),4)]

Ruta #1: [1, 11, 8, 10, 6, 3, 2]
Costo asociado: 123.459      Capacidad: 5800.0

Ruta #2: [1, 4, 5, 7, 9, 12, 14]
Costo asociado: 120.834      Capacidad: 5200.0

Ruta #3: [1, 13, 16, 18, 17, 15]
Costo asociado: 72.668      Capacidad: 5600.0

Ruta #4: [1, 20, 22, 21, 19]
Costo asociado: 100.126      Capacidad: 5900.0

--> Costo total: 417.087          Capacidad total: 22500.0

+-+-+-+-+-+-+-+-+-+-+-+-+-+-+-+-+-+-+-+-+-+-+-+-+- Iteracion 402  +-+-+-+-+-+-+-+-+-+-+-+-+-+-+-+-+-+-+-+-+-+-+-+-+-


Ruta #1: [1, 2, 3, 6, 10, 11, 8]
Costo asociado: 146.78      Capacidad: 5800.0

Ruta #2: [1, 4, 5, 7, 9, 12, 14]
Costo asociado: 120.834      Capacidad: 5200.0

Ruta #3: [1, 13, 16, 18, 17, 15]
Costo asociado: 72.668      Capacidad: 5600.0

Ruta #4: [1, 20, 22, 21, 19]
Costo asociado: 100.126      Capacidad: 5900.0

--> Costo total: 440.408          Capacidad total: 22500.0

+-+-+-+-+-+-+-+-+-+-+-+-+-+-+-+-+-+-+-+-+-+-+-+-+- Iteracion 402  +-+-+-+-+-+-+-+-+-+-+-+-+-+-+-+-+-+-+-+-+-+-+-+-+-

La solución anterior duró 0min 0seg    -------> Nuevo optimo local. Costo: 400.07       ==> Optimo: 375.0  Desvio: 6.7%
Lista tabu: [((1,13,11.18),2), ((17,15,5.385),2), ((18,17,14.318),2), ((1,17,9.849),1), ((18,21,11.314),2), ((1,11,17.263),4), ((11,8,16.401),4), ((5,7,18.974),4), ((7,11,14.142),3), ((18,15,15.033),4)]

+-+-+-+-+-+-+-+-+-+-+-+-+-+-+-+-+-+-+-+-+-+-+-+-+- Iteracion 403  +-+-+-+-+-+-+-+-+-+-+-+-+-+-+-+-+-+-+-+-+-+-+-+-+-


Ruta #1: [1, 11, 2, 3, 6, 10, 8]
Costo asociado: 121.21700000000001      Capacidad: 5800.0

Ruta #2: [1, 4, 5, 7, 9, 12, 14]
Costo asociado: 120.834      Capacidad: 5200.0

Ruta #3: [1, 13, 16, 18, 17, 15]
Costo asociado: 72.668      Capacidad: 5600.0

Ruta #4: [1, 20, 22, 21, 19]
Costo asociado: 100.126      Capacidad: 5900.0

--> Costo total: 414.845          Capacidad total: 22500.0

+-+-+-+-+-+-+-+-+-+-+-+-+-+-+-+-+-+-+-+-+-+-+-+-+- Iteracion 403  +-+-+-+-+-+-+-+-+-+-+-+-+-+-+-+-+-+-+-+-+-+-+-+-+-

La solución anterior duró 0min 0seg    -------> Nuevo optimo local. Costo: 414.84499999999997       ==> Optimo: 375.0  Desvio: 10.6%
Lista tabu: [((1,13,11.18),1), ((17,15,5.385),1), ((18,17,14.318),1), ((18,21,11.314),1), ((1,11,17.263),3), ((11,8,16.401),3), ((5,7,18.974),3), ((7,11,14.142),2), ((18,15,15.033),3), ((11,10,15.524),6)]

+-+-+-+-+-+-+-+-+-+-+-+-+-+-+-+-+-+-+-+-+-+-+-+-+- Iteracion 421  +-+-+-+-+-+-+-+-+-+-+-+-+-+-+-+-+-+-+-+-+-+-+-+-+-


Ruta #1: [1, 8, 6, 10, 3, 2, 11]
Costo asociado: 131.035      Capacidad: 5800.0

Ruta #2: [1, 4, 5, 7, 9, 12, 14]
Costo asociado: 120.834      Capacidad: 5200.0

Ruta #3: [1, 13, 16, 18, 17, 15]
Costo asociado: 72.668      Capacidad: 5600.0

Ruta #4: [1, 20, 22, 21, 19]
Costo asociado: 100.126      Capacidad: 5900.0

--> Costo total: 424.663          Capacidad total: 22500.0

+-+-+-+-+-+-+-+-+-+-+-+-+-+-+-+-+-+-+-+-+-+-+-+-+- Iteracion 421  +-+-+-+-+-+-+-+-+-+-+-+-+-+-+-+-+-+-+-+-+-+-+-+-+-

La solución anterior duró 0min 0seg    -------> Nuevo optimo local. Costo: 398.848       ==> Optimo: 375.0  Desvio: 6.4%
Lista tabu: [((1,13,11.18),2), ((17,15,5.385),2), ((18,17,14.318),2), ((1,17,9.849),1), ((1,11,17.263),3), ((11,2,32.14),3), ((5,7,18.974),3), ((7,11,14.142),2), ((11,2,32.14),4), ((10,8,6.325),4), ((6,10,11.0),4), ((11,10,15.524),3), ((18,15,15.033),4)]

+-+-+-+-+-+-+-+-+-+-+-+-+-+-+-+-+-+-+-+-+-+-+-+-+- Iteracion 423  +-+-+-+-+-+-+-+-+-+-+-+-+-+-+-+-+-+-+-+-+-+-+-+-+-


Ruta #1: [1, 8, 6, 3, 2, 10, 11]
Costo asociado: 123.12400000000002      Capacidad: 5800.0

Ruta #2: [1, 4, 5, 7, 9, 12, 14]
Costo asociado: 120.834      Capacidad: 5200.0

Ruta #3: [1, 13, 16, 18, 17, 15]
Costo asociado: 72.668      Capacidad: 5600.0

Ruta #4: [1, 20, 22, 21, 19]
Costo asociado: 100.126      Capacidad: 5900.0

--> Costo total: 416.75200000000007          Capacidad total: 22500.0

+-+-+-+-+-+-+-+-+-+-+-+-+-+-+-+-+-+-+-+-+-+-+-+-+- Iteracion 423  +-+-+-+-+-+-+-+-+-+-+-+-+-+-+-+-+-+-+-+-+-+-+-+-+-

La solución anterior duró 0min 0seg    -------> Nuevo optimo local. Costo: 416.75200000000007       ==> Optimo: 375.0  Desvio: 11.1%
Lista tabu: [((1,11,17.263),1), ((11,2,32.14),1), ((5,7,18.974),1), ((11,2,32.14),2), ((10,8,6.325),2), ((6,10,11.0),2), ((11,10,15.524),1), ((18,15,15.033),2), ((8,6,5.385),5), ((18,15,15.033),4)]

+-+-+-+-+-+-+-+-+-+-+-+-+-+-+-+-+-+-+-+-+-+-+-+-+- Iteracion 424  +-+-+-+-+-+-+-+-+-+-+-+-+-+-+-+-+-+-+-+-+-+-+-+-+-


Ruta #1: [1, 11, 8, 6, 3, 2, 10]
Costo asociado: 120.275      Capacidad: 5800.0

Ruta #2: [1, 4, 5, 7, 9, 12, 14]
Costo asociado: 120.834      Capacidad: 5200.0

Ruta #3: [1, 13, 16, 18, 17, 15]
Costo asociado: 72.668      Capacidad: 5600.0

Ruta #4: [1, 20, 22, 21, 19]
Costo asociado: 100.126      Capacidad: 5900.0

--> Costo total: 413.903          Capacidad total: 22500.0

+-+-+-+-+-+-+-+-+-+-+-+-+-+-+-+-+-+-+-+-+-+-+-+-+- Iteracion 424  +-+-+-+-+-+-+-+-+-+-+-+-+-+-+-+-+-+-+-+-+-+-+-+-+-

La solución anterior duró 0min 0seg    -------> Nuevo optimo local. Costo: 413.9030000000001       ==> Optimo: 375.0  Desvio: 10.4%
Lista tabu: [((11,2,32.14),1), ((10,8,6.325),1), ((6,10,11.0),1), ((18,15,15.033),1), ((8,6,5.385),4), ((18,15,15.033),3), ((2,11,32.14),8), ((10,3,25.318),8), ((6,10,11.0),8), ((11,10,15.524),6)]

+-+-+-+-+-+-+-+-+-+-+-+-+-+-+-+-+-+-+-+-+-+-+-+-+- Iteracion 426  +-+-+-+-+-+-+-+-+-+-+-+-+-+-+-+-+-+-+-+-+-+-+-+-+-


Ruta #1: [1, 10, 8, 6, 3, 2, 11]
Costo asociado: 111.876      Capacidad: 5800.0

Ruta #2: [1, 4, 5, 7, 9, 12, 14]
Costo asociado: 120.834      Capacidad: 5200.0

Ruta #3: [1, 13, 16, 18, 17, 15]
Costo asociado: 72.668      Capacidad: 5600.0

Ruta #4: [1, 20, 22, 21, 19]
Costo asociado: 100.126      Capacidad: 5900.0

--> Costo total: 405.504          Capacidad total: 22500.0

+-+-+-+-+-+-+-+-+-+-+-+-+-+-+-+-+-+-+-+-+-+-+-+-+- Iteracion 426  +-+-+-+-+-+-+-+-+-+-+-+-+-+-+-+-+-+-+-+-+-+-+-+-+-

La solución anterior duró 0min 0seg    -------> Nuevo optimo local. Costo: 405.50399999999996       ==> Optimo: 375.0  Desvio: 8.1%
Lista tabu: [((8,6,5.385),2), ((18,15,15.033),1), ((2,11,32.14),6), ((10,3,25.318),6), ((6,10,11.0),6), ((11,10,15.524),4), ((1,8,31.385),7), ((11,1,17.263),7), ((10,11,15.524),7), ((11,8,16.401),5), ((18,21,11.314),4)]

Ruta #1: [1, 10, 8, 6, 3, 2, 11]
Costo asociado: 111.876      Capacidad: 5800.0

Ruta #2: [1, 4, 5, 7, 9, 12, 14]
Costo asociado: 120.834      Capacidad: 5200.0

Ruta #3: [1, 15, 13, 16, 18, 17]
Costo asociado: 79.406      Capacidad: 5600.0

Ruta #4: [1, 20, 22, 21, 19]
Costo asociado: 100.126      Capacidad: 5900.0

--> Costo total: 412.24199999999996          Capacidad total: 22500.0

+-+-+-+-+-+-+-+-+-+-+-+-+-+-+-+-+-+-+-+-+-+-+-+-+- Iteracion 487  +-+-+-+-+-+-+-+-+-+-+-+-+-+-+-+-+-+-+-+-+-+-+-+-+-


Ruta #1: [1, 10, 8, 6, 3, 2, 11]
Costo asociado: 111.876      Capacidad: 5800.0

Ruta #2: [1, 4, 5, 7, 9, 12, 14]
Costo asociado: 120.834      Capacidad: 5200.0

Ruta #3: [1, 13, 16, 18, 15, 17]
Costo asociado: 76.16100000000002      Capacidad: 5600.0

Ruta #4: [1, 20, 22, 21, 19]
Costo asociado: 100.126      Capacidad: 5900.0

--> Costo total: 408.99700000000007          Capacidad total: 22500.0

+-+-+-+-+-+-+-+-+-+-+-+-+-+-+-+-+-+-+-+-+-+-+-+-+- Iteracion 487  +-+-+-+-+-+-+-+-+-+-+-+-+-+-+-+-+-+-+-+-+-+-+-+-+-

Nuevo optimo. Costo: 408.99700000000007
Lista tabu: [((2,11,32.14),1), ((11,1,17.263),1), ((5,7,18.974),1), ((1,13,11.18),1), ((6,10,11.0),2), ((6,10,11.0),3), ((1,13,11.18),4)]

+-+-+-+-+-+-+-+-+-+-+-+-+-+-+-+-+-+-+-+-+-+-+-+-+- Iteracion 492  +-+-+-+-+-+-+-+-+-+-+-+-+-+-+-+-+-+-+-+-+-+-+-+-+-


Ruta #1: [1, 10, 8, 6, 3, 2, 11]
Costo asociado: 111.876      Capacidad: 5800.0

Ruta #2: [1, 4, 5, 7, 9, 12, 14]
Costo asociado: 120.834      Capacidad: 5200.0

Ruta #3: [1, 13, 16, 18, 17, 15]
Costo asociado: 72.668      Capacidad: 5600.0

Ruta #4: [1, 20, 22, 21, 19]
Costo asociado: 100.126      Capacidad: 5900.0

--> Costo total: 405.504          Capacidad total: 22500.0

+-+-+-+-+-+-+-+-+-+-+-+-+-+-+-+-+-+-+-+-+-+-+-+-+- Iteracion 492  +-+-+-+-+-+-+-+-+-+-+-+-+-+-+-+-+-+-+-+-+-+-+-+-+-

Nuevo optimo. Costo: 405.504
Lista tabu: [((18,17,14.318),4), ((15,13,13.454),4), ((1,15,7.071),4), ((18,15,15.033),2), ((1,10,27.659),2), ((11,1,17.263),2), ((2,11,32.14),2), ((11,10,15.524),1), ((1,13,11.18),3), ((15,17,5.385),3), ((18,15,15.033),3), ((1,15,7.071),2), ((1,13,11.18),4), ((15,17,5.385),4), ((18,15,15.033),4), ((13,15,13.454),3), ((10,8,6.325),5), ((8,6,5.385),5), ((5,7,18.974),5), ((7,8,15.524),4)]

Ruta #1: [1, 10, 6, 8, 3, 2, 11]
Costo asociado: 121.096      Capacidad: 5800.0

Ruta #2: [1, 4, 5, 7, 9, 12, 14]
Costo asociado: 120.834      Capacidad: 5200.0

Ruta #3: [1, 13, 16, 18, 17, 15]
Costo asociado: 72.668      Capacidad: 5600.0

Ruta #4: [1, 20, 22, 21, 19]
Costo asociado: 100.126      Capacidad: 5900.0

--> Costo total: 414.72400000000005          Capacidad total: 22500.0

+-+-+-+-+-+-+-+-+-+-+-+-+-+-+-+-+-+-+-+-+-+-+-+-+- Iteracion 543  +-+-+-+-+-+-+-+-+-+-+-+-+-+-+-+-+-+-+-+-+-+-+-+-+-


Ruta #1: [1, 10, 8, 6, 3, 2, 11]
Costo asociado: 111.876      Capacidad: 5800.0

Ruta #2: [1, 4, 5, 7, 9, 12, 14]
Costo asociado: 120.834      Capacidad: 5200.0

Ruta #3: [1, 13, 16, 18, 17, 15]
Costo asociado: 72.668      Capacidad: 5600.0

Ruta #4: [1, 20, 22, 21, 19]
Costo asociado: 100.126      Capacidad: 5900.0

--> Costo total: 405.504          Capacidad total: 22500.0

+-+-+-+-+-+-+-+-+-+-+-+-+-+-+-+-+-+-+-+-+-+-+-+-+- Iteracion 543  +-+-+-+-+-+-+-+-+-+-+-+-+-+-+-+-+-+-+-+-+-+-+-+-+-

Nuevo optimo. Costo: 405.504
Lista tabu: [((6,10,11.0),4)]

Ruta #1: [1, 10, 8, 6, 3, 2, 9, 11]
Costo asociado: 115.527      Capacidad: 5900.0

Ruta #2: [1, 4, 5, 7, 12, 14]
Costo asociado: 120.078      Capacidad: 5100.0

Ruta #3: [1, 13, 16, 18, 17, 15]
Costo asociado: 72.668      Capacidad: 5600.0

Ruta #4: [1, 20, 22, 21, 19]
Costo asociado: 100.126      Capacidad: 5900.0

--> Costo total: 408.399          Capacidad total: 22500.0

+-+-+-+-+-+-+-+-+-+-+-+-+-+-+-+-+-+-+-+-+-+-+-+-+- Iteracion 613  +-+-+-+-+-+-+-+-+-+-+-+-+-+-+-+-+-+-+-+-+-+-+-+-+-


Ruta #1: [1, 10, 8, 6, 3, 2, 11]
Costo asociado: 111.876      Capacidad: 5800.0

Ruta #2: [1, 4, 5, 7, 9, 12, 14]
Costo asociado: 120.834      Capacidad: 5200.0

Ruta #3: [1, 13, 16, 18, 17, 15]
Costo asociado: 72.668      Capacidad: 5600.0

Ruta #4: [1, 20, 22, 21, 19]
Costo asociado: 100.126      Capacidad: 5900.0

--> Costo total: 405.504          Capacidad total: 22500.0

+-+-+-+-+-+-+-+-+-+-+-+-+-+-+-+-+-+-+-+-+-+-+-+-+- Iteracion 613  +-+-+-+-+-+-+-+-+-+-+-+-+-+-+-+-+-+-+-+-+-+-+-+-+-

La solución anterior duró 0min 0seg    -------> Nuevo optimo local. Costo: 405.50399999999996       ==> Optimo: 375.0  Desvio: 8.1%
Lista tabu: [((9,11,9.22),1), ((11,1,17.263),1), ((5,7,18.974),1), ((10,8,6.325),2), ((8,6,5.385),2), ((7,12,23.431),2), ((7,8,15.524),1), ((18,15,15.033),2), ((2,9,26.571),4), ((9,11,9.22),4), ((7,12,23.431),4), ((7,9,8.062),3), ((9,11,9.22),5), ((11,1,17.263),5), ((5,7,18.974),5), ((7,11,14.142),4)]

Ruta #1: [1, 10, 8, 6, 3, 2, 9, 11]
Costo asociado: 115.527      Capacidad: 5900.0

Ruta #2: [1, 4, 5, 7, 12, 14]
Costo asociado: 120.078      Capacidad: 5100.0

Ruta #3: [1, 13, 16, 18, 17, 15]
Costo asociado: 72.668      Capacidad: 5600.0

Ruta #4: [1, 20, 22, 21, 19]
Costo asociado: 100.126      Capacidad: 5900.0

--> Costo total: 408.399          Capacidad total: 22500.0

+-+-+-+-+-+-+-+-+-+-+-+-+-+-+-+-+-+-+-+-+-+-+-+-+- Iteracion 681  +-+-+-+-+-+-+-+-+-+-+-+-+-+-+-+-+-+-+-+-+-+-+-+-+-


Ruta #1: [1, 11, 9, 2, 3, 6, 10, 8]
Costo asociado: 124.86800000000001      Capacidad: 5900.0

Ruta #2: [1, 4, 5, 7, 12, 14]
Costo asociado: 120.078      Capacidad: 5100.0

Ruta #3: [1, 13, 16, 18, 17, 15]
Costo asociado: 72.668      Capacidad: 5600.0

Ruta #4: [1, 20, 22, 21, 19]
Costo asociado: 100.126      Capacidad: 5900.0

--> Costo total: 417.74          Capacidad total: 22500.0

+-+-+-+-+-+-+-+-+-+-+-+-+-+-+-+-+-+-+-+-+-+-+-+-+- Iteracion 681  +-+-+-+-+-+-+-+-+-+-+-+-+-+-+-+-+-+-+-+-+-+-+-+-+-

Nuevo optimo. Costo: 417.74
Lista tabu: [((10,8,6.325),1), ((8,6,5.385),1), ((7,12,23.431),1), ((1,10,27.659),2), ((11,1,17.263),2), ((9,11,9.22),2), ((11,10,15.524),1), ((18,21,11.314),2), ((18,15,15.033),3), ((18,21,11.314),4)]

