+-+-+-+-+-+-+-+-+-+-+-+-+-+-+ GRAFO CARGADO +-+-+-+-+-+-+-+-+-+-+-+-+-+-+-
        1         2         3         4         5         6         7         8         9         10        11        12        13        14        15        16        17        18        19        20        21        22        23        24        25        26        27        28        29        30        31        32        33        34        35        36        37        38        39        40        41        42        43        44        45        46        47        48        49        50        51        52        53        54        55        56        57        58        59        60        61        62        63        64        65        66        67        68
1     0         24.739    88.023    30.529    36.878    70.0    63.561    53.814    84.758    77.201    91.761    29.155    75.432    58.6    73.498    22.136    77.987    77.473    88.6    19.698    80.112    73.661    87.464    27.785    89.185    22.804    83.63    39.115    88.057    54.129    75.166    24.207    60.415    24.042    78.243    38.288    57.775    84.155    26.0    27.785    26.833    84.155    54.424    53.009    78.243    75.432    57.009    41.11    77.006    85.615    25.495    89.051    80.112    26.571    74.953    28.178    24.042    84.581    86.729    76.694    36.797    89.9    75.166    18.868    33.015    50.22    53.535    56.798    
2     24.739    0         63.561    32.985    18.439    53.141    46.69    36.056    60.166    55.172    72.719    32.28    53.907    42.45    57.567    3.162    57.009    53.235    68.425    28.844    55.946    53.009    63.071    31.623    69.354    26.0    59.682    27.166    67.543    38.288    54.203    10.296    43.841    1.414    56.727    23.022    41.012    59.615    33.106    31.623    32.311    59.615    36.797    37.656    56.727    53.907    40.522    25.179    55.227    61.27    31.78    64.885    55.946    34.438    55.227    32.894    1.414    60.415    67.956    55.444    19.235    65.863    59.481    26.077    21.587    35.355    39.319    41.11    
3     88.023    63.561    0         87.864    54.589    46.648    62.769    46.69    4.472    24.413    64.125    87.966    27.459    49.336    50.22    65.924    29.833    11.045    57.079    89.308    9.055    31.906    1.414    88.091    59.076    84.404    8.602    61.008    55.082    64.14    30.232    65.253    63.071    64.078    27.019    57.079    62.177    4.243    91.214    88.091    89.644    4.243    59.682    52.173    27.019    27.459    48.765    55.009    25.807    3.162    89.811    5.099    9.055    92.617    35.805    89.499    64.078    5.831    63.008    28.601    55.444    7.071    51.4    86.533    63.198    53.759    54.571    64.885    
4     30.529    32.985    87.864    0         51.42    86.023    42.0    68.964    83.738    85.44    70.257    1.414    84.723    75.432    90.521    33.377    88.193    79.209    69.007    11.314    82.037    84.534    87.784    2.828    69.007    8.246    86.313    59.211    69.065    33.136    85.475    41.11    39.013    33.734    87.464    55.731    37.121    83.63    6.325    2.828    4.472    83.63    35.693    70.612    87.464    84.723    73.498    58.052    85.755    86.313    5.831    90.521    82.037    7.071    87.235    3.162    33.734    86.267    65.192    86.452    52.173    91.924    92.445    11.662    53.085    68.25    72.18    35.014    
5     36.878    18.439    54.589    51.42    0         34.928    58.31    17.889    52.154    40.497    80.623    50.695    38.601    24.042    39.217    18.385    41.11    43.566    75.166    46.519    45.891    36.797    53.759    50.0    76.485    44.272    48.765    11.402    73.878    51.478    38.288    12.728    55.946    17.72    41.4    5.831    53.235    51.245    51.264    50.0    50.596    51.245    48.765    19.235    41.4    38.601    22.136    7.071    40.224    51.788    49.98    54.571    45.891    52.555    38.288    51.245    17.72    50.22    76.381    39.825    1.414    55.082    41.11    43.863    9.487    17.029    21.024    54.129    
6     70.0    53.141    46.648    86.023    34.928    0         83.546    17.088    47.202    22.361    98.387    85.381    19.235    11.402    5.099    53.31    17.72    38.288    91.706    81.437    38.601    14.765    45.277    84.758    93.477    79.12    38.079    31.145    89.944    79.31    16.553    47.011    82.037    52.555    20.248    31.906    79.762    45.804    86.163    84.758    85.44    45.804    75.538    17.029    20.248    19.235    13.038    29.155    21.024    43.566    84.865    43.382    38.601    87.464    11.402    86.035    52.555    40.817    95.341    18.385    34.438    42.544    7.071    78.791    37.014    19.849    17.029    81.498    
7     63.561    46.69    62.769    42.0    58.31    83.546    0         69.57    58.31    72.111    28.636    43.012    73.007    76.538    88.645    49.578    77.006    58.464    27.019    50.636    60.877    75.06    63.325    44.045    27.019    44.721    65.253    69.642    27.166    9.487    75.007    56.586    3.162    48.104    75.06    64.14    5.831    58.873    48.042    44.045    46.043    58.873    9.899    74.095    75.06    73.007    74.632    64.885    73.062    62.626    47.096    67.067    60.877    49.01    79.158    45.011    48.104    63.891    23.537    75.007    59.682    68.949    90.609    49.031    65.803    73.007    76.694    7.071    
8     53.814    36.056    46.69    68.964    17.889    17.088    69.57    0         45.607    26.683    87.658    68.308    24.042    7.071    21.587    36.249    25.495    36.139    81.4    64.405    37.656    21.024    45.541    67.676    83.006    62.032    39.115    16.553    79.812    64.327    22.847    30.232    67.72    35.468    26.571    15.556    65.253    44.385    69.08    67.676    68.352    44.385    60.877    5.831    26.571    24.042    5.099    12.728    25.962    43.566    67.779    45.1    37.656    70.385    21.401    68.949    35.468    41.304    84.06    24.698    17.493    45.011    23.537    61.741    21.401    7.071    8.602    66.708    
9     84.758    60.166    4.472    83.738    52.154    47.202    58.31    45.607    0         25.456    60.299    83.869    28.32    48.847    51.088    62.626    31.145    9.487    53.235    85.44    8.602    32.65    5.099    84.024    55.227    80.449    10.296    59.211    51.245    59.682    31.145    62.37    58.6    60.745    28.32    55.009    57.706    1.414    87.201    84.024    85.604    1.414    55.227    51.245    28.32    28.32    48.104    53.085    26.87    5.099    85.802    9.055    8.602    88.6    36.797    85.428    60.745    7.616    59.008    29.698    53.085    11.045    52.402    82.68    61.008    52.631    53.759    60.415    
10    77.201    55.172    24.413    85.44    40.497    22.361    72.111    26.683    25.456    0         81.609    85.147    3.162    27.019    25.807    56.586    5.831    17.493    74.632    83.738    17.029    7.616    23.022    84.876    76.538    80.0    15.811    43.012    72.732    70.214    5.831    53.009    71.344    55.154    3.162    40.719    69.584    24.042    87.201    84.876    86.023    24.042    65.924    31.145    3.162    3.162    27.019    38.079    1.414    21.401    85.802    21.024    17.029    88.6    11.402    86.267    55.154    18.601    79.31    4.243    40.817    20.248    27.019    80.92    47.011    33.377    33.015    71.847    
11    91.761    72.719    64.125    70.257    80.623    98.387    28.636    87.658    60.299    81.609    0         71.344    83.487    94.032    103.315    75.802    87.281    64.761    7.071    79.246    66.287    86.729    65.192    72.443    5.099    73.348    69.871    91.924    9.055    38.079    86.035    81.841    31.78    74.095    84.77    86.267    34.205    61.4    76.42    72.443    74.431    61.4    37.336    93.005    84.77    83.487    92.358    86.313    82.861    65.376    75.538    69.181    66.287    77.318    91.181    73.335    74.095    67.602    5.099    85.381    82.037    71.176    105.119    77.666    89.275    92.617    95.802    35.693    
12    29.155    32.28    87.966    1.414    50.695    85.381    43.012    68.308    83.869    85.147    71.344    0         84.38    74.726    89.844    32.558    87.818    79.196    70.0    9.899    82.024    84.119    87.864    1.414    70.029    7.071    86.279    58.31    70.029    34.059    85.088    40.2    40.0    32.985    87.132    54.918    38.053    83.738    5.099    1.414    3.162    83.738    36.497    69.857    87.132    84.38    72.801    57.271    85.44    86.371    4.472    90.554    82.024    6.0    86.764    2.0    32.985    86.279    66.272    86.093    51.42    91.935    91.761    10.296    52.154    67.469    71.386    36.0    
13    75.432    53.907    27.459    84.723    38.601    19.235    73.007    24.042    28.32    3.162    83.487    84.38    0         24.0    22.804    55.172    4.0    20.0    76.551    82.62    19.799    4.472    26.077    84.06    78.435    79.057    18.868    40.497    74.673    70.711    2.828    51.225    72.111    53.814    2.828    38.471    70.257    26.907    86.267    84.06    85.147    26.907    66.483    28.284    2.828    0.0    24.083    35.777    2.0    24.413    84.876    24.166    19.799    87.658    8.485    85.44    53.814    21.633    81.043    2.0    38.833    23.409    24.083    79.812    44.721    30.594    30.067    72.443    
14    58.6    42.45    49.336    75.432    24.042    11.402    76.538    7.071    48.847    27.019    94.032    74.726    24.0    0         15.232    42.379    24.331    39.395    87.658    70.385    40.497    20.1    48.083    74.041    89.308    68.308    41.231    19.799    86.023    71.386    22.091    35.777    74.726    41.761    26.077    20.591    72.277    47.539    75.273    74.041    74.632    47.539    67.912    5.657    26.077    24.0    2.0    17.889    26.0    46.174    74.0    47.074    40.497    76.551    18.974    75.286    41.761    43.681    90.554    24.083    23.409    46.69    17.088    67.779    25.612    8.485    6.325    73.756    
15    73.498    57.567    50.22    90.521    39.217    5.099    88.645    21.587    51.088    25.807    103.315    89.844    22.804    15.232    0         57.585    20.591    42.426    96.602    85.615    42.521    18.439    48.826    89.185    98.387    83.487    41.617    34.409    94.826    84.38    20.0    50.99    87.132    56.921    23.324    35.777    84.853    49.679    90.477    89.185    89.811    49.679    80.623    20.591    23.324    22.804    17.088    33.106    24.413    47.202    89.196    46.648    42.521    91.761    14.422    90.443    56.921    44.407    100.319    21.633    38.626    45.651    2.0    83.006    40.497    23.324    20.0    86.579    
16    22.136    3.162    65.924    33.377    18.385    53.31    49.578    36.249    62.626    56.586    75.802    32.558    55.172    42.379    57.585    0         58.138    55.462    71.554    28.178    58.138    54.037    65.391    31.78    72.471    25.962    61.774    26.0    70.682    41.037    55.317    8.246    46.69    2.0    58.0    22.361    43.863    62.032    32.894    31.78    32.28    62.032    39.699    37.363    58.0    55.172    40.497    24.739    56.569    63.561    31.623    67.082    58.138    34.176    56.036    32.985    2.0    62.61    71.021    56.639    18.974    68.0    59.464    25.495    20.1    34.928    38.833    43.863    
17    77.987    57.009    29.833    88.193    41.11    17.72    77.006    25.495    31.145    5.831    87.281    87.818    4.0    24.331    20.591    58.138    0         23.324    80.324    85.802    22.804    4.472    28.425    87.464    82.219    82.377    21.26    42.048    78.435    74.673    2.828    53.814    76.105    56.851    2.828    40.497    74.243    29.732    89.588    87.464    88.51    29.732    70.456    29.12    2.828    4.0    24.739    37.736    4.472    26.907    88.204    26.077    22.804    90.973    6.325    88.837    56.851    24.083    84.9    2.0    41.231    25.06    21.633    83.006    46.648    31.623    30.594    76.42    
18    77.473    53.235    11.045    79.209    43.566    38.288    58.464    36.139    9.487    17.493    64.761    79.196    20.0    39.395    42.426    55.462    23.324    0         57.723    79.812    2.828    24.083    10.198    79.209    59.666    75.166    7.211    50.04    55.785    58.31    22.804    54.406    58.241    53.666    20.591    46.043    56.921    8.246    82.134    79.209    80.66    8.246    53.852    41.761    20.591    20.0    38.626    44.0    18.868    8.246    80.722    11.662    2.828    83.546    28.425    80.623    53.666    7.211    62.801    21.633    44.407    12.806    43.863    77.006    52.154    43.174    44.272    59.464    
19    88.6    68.425    57.079    69.007    75.166    91.706    27.019    81.4    53.235    74.632    7.071    70.0    76.551    87.658    96.602    71.554    80.324    57.723    0         77.318    59.228    79.85    58.138    71.007    2.0    71.344    62.801    86.371    2.0    36.056    79.12    77.175    30.0    69.771    77.795    80.722    32.062    54.332    75.007    71.007    73.007    54.332    34.525    86.833    77.795    76.551    86.023    80.623    75.895    58.31    74.027    62.129    59.228    76.0    84.309    72.0    69.771    60.531    7.211    78.435    76.577    64.125    98.387    75.538    84.024    86.556    89.644    34.0    
20    19.698    28.844    89.308    11.314    46.519    81.437    50.636    64.405    85.44    83.738    79.246    9.899    82.62    70.385    85.615    28.178    85.802    79.812    77.318    0         82.62    81.841    89.051    8.485    77.524    6.0    86.683    52.631    77.162    41.304    83.006    34.785    47.518    29.155    85.428    49.98    45.277    85.147    6.325    8.485    7.211    85.147    43.012    65.192    85.428    82.62    68.542    52.555    83.869    87.419    5.831    91.4    82.62    7.071    84.06    8.602    29.155    87.006    74.148    84.202    47.011    92.617    87.464    2.828    46.325    62.626    66.408    43.566    
21    80.112    55.946    9.055    82.037    45.891    38.601    60.877    37.656    8.602    17.029    66.287    82.024    19.799    40.497    42.521    58.138    22.804    2.828    59.228    82.62    0         24.083    8.0    82.037    61.188    77.987    4.472    52.0    57.271    60.926    22.627    56.921    60.729    56.356    20.0    48.166    59.464    7.211    84.959    82.037    83.487    7.211    56.462    43.174    20.0    19.799    39.85    46.043    18.439    6.0    83.546    8.944    0.0    86.371    28.284    83.451    56.356    4.472    64.498    21.26    46.69    10.0    43.863    79.812    54.332    44.721    45.607    62.032    
22    73.661    53.009    31.906    84.534    36.797    14.765    75.06    21.024    32.65    7.616    86.729    84.119    4.472    20.1    18.439    54.037    4.472    24.083    79.85    81.841    24.083    0         30.529    83.726    81.707    78.549    23.324    37.577    78.0    72.25    2.0    49.518    74.0    52.802    6.0    36.056    72.028    31.241    85.755    83.726    84.723    31.241    68.118    24.739    6.0    4.472    20.396    33.287    6.325    28.844    84.38    28.636    24.083    87.132    4.472    85.088    52.802    26.077    84.119    4.0    36.878    27.857    19.799    79.057    42.19    27.203    26.306    74.108    
23    87.464    63.071    1.414    87.784    53.759    45.277    63.325    45.541    5.099    23.022    65.192    87.864    26.077    48.083    48.826    65.391    28.425    10.198    58.138    89.051    8.0    30.529    0         87.966    60.133    84.202    7.211    60.0    56.143    64.498    28.844    64.56    63.561    63.561    25.612    56.143    62.61    4.472    91.049    87.966    89.499    4.472    60.033    50.99    25.612    26.077    47.539    54.037    24.413    2.0    89.644    4.0    8.0    92.455    34.409    89.376    63.561    4.472    64.0    27.203    54.589    6.0    50.0    86.267    62.29    52.612    53.367    65.299    
24    27.785    31.623    88.091    2.828    50.0    84.758    44.045    67.676    84.024    84.876    72.443    1.414    84.06    74.041    89.185    31.78    87.464    79.209    71.007    8.485    82.037    83.726    87.966    0         71.063    6.0    86.267    57.428    71.007    35.014    84.723    39.319    41.012    32.28    86.822    54.129    39.013    83.869    4.0    0.0    2.0    83.869    37.336    69.123    86.822    84.06    72.125    56.515    85.147    86.452    3.162    90.609    82.037    5.099    86.313    1.414    32.28    86.313    67.365    85.755    50.695    91.967    91.093    8.944    51.245    66.708    70.612    37.014    
25    89.185    69.354    59.076    69.007    76.485    93.477    27.019    83.006    55.227    76.538    5.099    70.029    78.435    89.308    98.387    72.471    82.219    59.666    2.0    77.524    61.188    81.707    60.133    71.063    0         71.568    64.777    87.727    4.0    36.222    80.994    78.23    30.067    70.711    79.699    82.073    32.249    56.321    75.06    71.063    73.062    56.321    34.928    88.408    79.699    78.435    87.658    82.024    77.795    60.299    74.108    64.125    61.188    76.026    86.163    72.028    70.711    62.514    5.657    80.324    77.897    66.121    100.18    75.802    85.276    88.091    91.214    34.059    
26    22.804    26.0    84.404    8.246    44.272    79.12    44.721    62.032    80.449    80.0    73.348    7.071    79.057    68.308    83.487    25.962    82.377    75.166    71.344    6.0    77.987    78.549    84.202    6.0    71.568    0         82.134    51.478    71.176    35.355    79.612    33.377    41.593    26.571    81.841    48.27    39.319    80.212    7.211    6.0    6.325    80.212    37.014    63.325    81.841    79.057    66.408    50.695    80.212    82.62    5.831    86.683    77.987    8.602    81.006    7.071    26.571    82.329    68.25    80.709    44.922    87.966    85.381    4.472    45.277    60.877    64.761    37.656    
27    83.63    59.682    8.602    86.313    48.765    38.079    65.253    39.115    10.296    15.811    69.871    86.279    18.868    41.231    41.617    61.774    21.26    7.211    62.801    86.683    4.472    23.324    7.211    86.267    64.777    82.134    0         54.148    60.828    65.391    21.633    60.166    65.146    60.033    18.439    50.636    63.906    8.944    89.14    86.267    87.693    8.944    60.926    44.407    18.439    18.868    40.792    48.374    17.205    5.657    87.727    6.0    4.472    90.554    27.203    87.681    60.033    2.828    68.264    20.0    49.477    6.325    42.802    83.869    56.886    46.174    46.69    66.483    
28    39.115    27.166    61.008    59.211    11.402    31.145    69.642    16.553    59.211    43.012    91.924    58.31    40.497    19.799    34.409    26.0    42.048    50.04    86.371    52.631    52.0    37.577    60.0    57.428    87.727    51.478    54.148    0         85.041    62.61    39.395    18.111    67.231    26.077    43.081    5.657    64.498    58.138    58.052    57.428    57.706    58.138    60.033    14.142    43.081    40.497    18.439    6.325    42.379    58.0    56.886    60.133    52.0    59.228    37.736    58.549    26.077    56.036    87.727    41.231    10.0    60.299    36.056    50.22    6.325    11.314    14.422    65.299    
29    88.057    67.543    55.082    69.065    73.878    89.944    27.166    79.812    51.245    72.732    9.055    70.029    74.673    86.023    94.826    70.682    78.435    55.785    2.0    77.162    57.271    78.0    56.143    71.007    4.0    71.176    60.828    85.041    0         36.0    77.253    76.158    30.067    68.877    75.895    79.398    32.0    52.345    75.007    71.007    73.007    52.345    34.234    85.276    75.895    74.673    84.404    79.246    74.0    56.321    74.0    60.133    57.271    76.026    82.462    72.028    68.877    58.549    8.944    76.551    75.286    62.129    96.602    75.326    82.801    85.041    88.091    34.059    
30    54.129    38.288    64.14    33.136    51.478    79.31    9.487    64.327    59.682    70.214    38.079    34.059    70.711    71.386    84.38    41.037    74.673    58.31    36.056    41.304    60.926    72.25    64.498    35.014    36.222    35.355    65.391    62.61    36.0    0         72.443    48.415    6.325    39.699    72.993    57.271    4.0    60.033    39.013    35.014    37.014    60.033    4.472    68.411    72.993    70.711    69.426    58.31    71.021    63.53    38.0    68.0    60.926    40.05    76.105    36.056    39.699    64.405    32.985    72.691    52.802    69.771    86.371    39.623    58.31    67.052    70.88    2.828    
31    75.166    54.203    30.232    85.475    38.288    16.553    75.007    22.847    31.145    5.831    86.035    85.088    2.828    22.091    20.0    55.317    2.828    22.804    79.12    83.006    22.627    2.0    28.844    84.723    80.994    79.612    21.633    39.395    77.253    72.443    0         50.99    74.027    54.037    4.0    37.736    72.111    29.732    86.822    84.723    85.755    29.732    68.264    26.683    4.0    2.828    22.361    34.986    4.472    27.203    85.44    26.833    22.627    88.204    5.657    86.093    54.037    24.413    83.522    2.0    38.419    26.0    21.26    80.212    43.909    29.12    28.284    74.243    
32    24.207    10.296    65.253    41.11    12.728    47.011    56.586    30.232    62.37    53.009    81.841    40.2    51.225    35.777    50.99    8.246    53.814    54.406    77.175    34.785    56.921    49.518    64.56    39.319    78.23    33.377    60.166    18.111    76.158    48.415    50.99    0         53.814    8.944    54.037    15.232    50.99    61.612    40.025    39.319    39.623    61.612    46.69    30.463    54.037    51.225    34.0    17.889    52.802    62.642    38.833    65.788    56.921    41.231    50.99    40.447    8.944    61.351    77.201    52.498    12.806    66.483    52.802    32.28    12.0    27.857    31.623    51.225    
33    60.415    43.841    63.071    39.013    55.946    82.037    3.162    67.72    58.6    71.344    31.78    40.0    72.111    74.726    87.132    46.69    76.105    58.241    30.0    47.518    60.729    74.0    63.561    41.012    30.067    41.593    65.146    67.231    30.067    6.325    74.027    53.814    0         45.255    74.243    61.774    2.828    59.093    45.011    41.012    43.012    59.093    7.211    72.111    74.243    72.111    72.801    62.61    72.25    62.769    44.045    67.231    60.729    46.0    78.026    42.0    45.255    63.906    26.683    74.108    57.306    69.08    89.107    45.891    63.246    70.937    74.673    4.0    
34    24.042    1.414    64.078    33.734    17.72    52.555    48.104    35.468    60.745    55.154    74.095    32.985    53.814    41.761    56.921    2.0    56.851    53.666    69.771    29.155    56.356    52.802    63.561    32.28    70.711    26.571    60.033    26.077    68.877    39.699    54.037    8.944    45.255    0         56.639    22.091    42.426    60.166    33.615    32.28    32.894    60.166    38.21    36.878    56.639    53.814    39.85    24.331    55.172    61.741    32.311    65.299    56.356    34.928    54.918    33.526    0.0    60.828    69.34    55.317    18.439    66.242    58.822    26.42    20.396    34.525    38.471    42.521    
35    78.243    56.727    27.019    87.464    41.4    20.248    75.06    26.571    28.32    3.162    84.77    87.132    2.828    26.077    23.324    58.0    2.828    20.591    77.795    85.428    20.0    6.0    25.612    86.822    79.699    81.841    18.439    43.081    75.895    72.993    4.0    54.037    74.243    56.639    0         41.183    72.443    26.907    89.051    86.822    87.92    26.907    68.731    30.594    0.0    2.828    26.306    38.471    2.0    24.083    87.658    23.324    20.0    90.443    8.944    88.204    56.639    21.26    82.462    2.0    41.617    22.361    24.413    82.62    47.413    32.985    32.249    74.673    
36    38.288    23.022    57.079    55.731    5.831    31.906    64.14    15.556    55.009    40.719    86.267    54.918    38.471    20.591    35.777    22.361    40.497    46.043    80.722    49.98    48.166    36.056    56.143    54.129    82.073    48.27    50.636    5.657    79.398    57.271    37.736    15.232    61.774    22.091    41.183    0         59.059    54.0    55.082    54.129    54.571    54.0    54.589    15.232    41.183    38.471    18.868    2.828    40.249    54.148    53.852    56.569    48.166    56.321    36.878    55.317    22.091    52.345    82.073    39.446    4.472    56.886    37.577    47.434    6.325    12.649    16.492    59.933    
37    57.775    41.012    62.177    37.121    53.235    79.762    5.831    65.253    57.706    69.584    34.205    38.053    70.257    72.277    84.853    43.863    74.243    56.921    32.062    45.277    59.464    72.028    62.61    39.013    32.249    39.319    63.906    64.498    32.0    4.0    72.111    50.99    2.828    42.426    72.443    59.059    0         58.138    43.012    39.013    41.012    58.138    4.472    69.57    72.443    70.257    70.342    59.933    70.456    61.741    42.0    66.212    59.464    44.045    76.0    40.05    42.426    62.769    29.12    72.25    54.589    68.029    86.833    43.566    60.465    68.352    72.111    2.828    
38    84.155    59.615    4.243    83.63    51.245    45.804    58.873    44.385    1.414    24.042    61.4    83.738    26.907    47.539    49.679    62.032    29.732    8.246    54.332    85.147    7.211    31.241    4.472    83.869    56.321    80.212    8.944    58.138    52.345    60.033    29.732    61.612    59.093    60.166    26.907    54.0    58.138    0         87.006    83.869    85.428    0.0    55.57    50.0    26.907    26.907    46.819    52.038    25.456    4.0    85.604    8.246    7.211    88.408    35.384    85.276    60.166    6.325    60.033    28.284    52.154    10.198    50.99    82.377    60.033    51.42    52.498    60.828    
39    26.0    33.106    91.214    6.325    51.264    86.163    48.042    69.08    87.201    87.201    76.42    5.099    86.267    75.273    90.477    32.894    89.588    82.134    75.007    6.325    84.959    85.755    91.049    4.0    75.06    7.211    89.14    58.052    75.007    39.013    86.822    40.025    45.011    33.615    89.051    55.082    43.012    87.006    0         4.0    2.0    87.006    41.304    70.214    89.051    86.267    73.389    57.567    87.419    89.499    1.414    93.606    84.959    1.414    88.193    3.162    33.615    89.275    71.344    87.92    51.865    94.921    92.358    8.0    51.788    67.72    71.568    41.012    
40    27.785    31.623    88.091    2.828    50.0    84.758    44.045    67.676    84.024    84.876    72.443    1.414    84.06    74.041    89.185    31.78    87.464    79.209    71.007    8.485    82.037    83.726    87.966    0.0    71.063    6.0    86.267    57.428    71.007    35.014    84.723    39.319    41.012    32.28    86.822    54.129    39.013    83.869    4.0    0         2.0    83.869    37.336    69.123    86.822    84.06    72.125    56.515    85.147    86.452    3.162    90.609    82.037    5.099    86.313    1.414    32.28    86.313    67.365    85.755    50.695    91.967    91.093    8.944    51.245    66.708    70.612    37.014    
41    26.833    32.311    89.644    4.472    50.596    85.44    46.043    68.352    85.604    86.023    74.431    3.162    85.147    74.632    89.811    32.28    88.51    80.66    73.007    7.211    83.487    84.723    89.499    2.0    73.062    6.325    87.693    57.706    73.007    37.014    85.755    39.623    43.012    32.894    87.92    54.571    41.012    85.428    2.0    2.0    0         85.428    39.319    69.642    87.92    85.147    72.732    57.009    86.267    87.966    1.414    92.098    83.487    3.162    87.235    1.414    32.894    87.784    69.354    86.822    51.245    93.434    91.706    8.246    51.478    67.186    71.063    39.013    
42    84.155    59.615    4.243    83.63    51.245    45.804    58.873    44.385    1.414    24.042    61.4    83.738    26.907    47.539    49.679    62.032    29.732    8.246    54.332    85.147    7.211    31.241    4.472    83.869    56.321    80.212    8.944    58.138    52.345    60.033    29.732    61.612    59.093    60.166    26.907    54.0    58.138    0.0    87.006    83.869    85.428    0         55.57    50.0    26.907    26.907    46.819    52.038    25.456    4.0    85.604    8.246    7.211    88.408    35.384    85.276    60.166    6.325    60.033    28.284    52.154    10.198    50.99    82.377    60.033    51.42    52.498    60.828    
43    54.424    36.797    59.682    35.693    48.765    75.538    9.899    60.877    55.227    65.924    37.336    36.497    66.483    67.912    80.623    39.699    70.456    53.852    34.525    43.012    56.462    68.118    60.033    37.336    34.928    37.014    60.926    60.033    34.234    4.472    68.264    46.69    7.211    38.21    68.731    54.589    4.472    55.57    41.304    37.336    39.319    55.57    0         65.146    68.731    66.483    65.97    55.462    66.753    59.059    40.2    63.53    56.462    42.426    72.028    38.471    38.21    59.933    32.311    68.469    50.12    65.299    82.608    41.11    56.036    63.906    67.676    6.0    
44    53.009    37.656    52.173    70.612    19.235    17.029    74.095    5.831    51.245    31.145    93.005    69.857    28.284    5.657    20.591    37.363    29.12    41.761    86.833    65.192    43.174    24.739    50.99    69.123    88.408    63.325    44.407    14.142    85.276    68.411    26.683    30.463    72.111    36.878    30.594    15.232    69.57    50.0    70.214    69.123    69.642    50.0    65.146    0         30.594    28.284    4.472    12.649    30.265    49.031    68.964    50.359    43.174    71.47    24.166    70.342    36.878    46.69    89.308    28.636    18.439    50.16    22.361    62.626    20.0    2.828    2.828    70.88    
45    78.243    56.727    27.019    87.464    41.4    20.248    75.06    26.571    28.32    3.162    84.77    87.132    2.828    26.077    23.324    58.0    2.828    20.591    77.795    85.428    20.0    6.0    25.612    86.822    79.699    81.841    18.439    43.081    75.895    72.993    4.0    54.037    74.243    56.639    0.0    41.183    72.443    26.907    89.051    86.822    87.92    26.907    68.731    30.594    0         2.828    26.306    38.471    2.0    24.083    87.658    23.324    20.0    90.443    8.944    88.204    56.639    21.26    82.462    2.0    41.617    22.361    24.413    82.62    47.413    32.985    32.249    74.673    
46    75.432    53.907    27.459    84.723    38.601    19.235    73.007    24.042    28.32    3.162    83.487    84.38    0.0    24.0    22.804    55.172    4.0    20.0    76.551    82.62    19.799    4.472    26.077    84.06    78.435    79.057    18.868    40.497    74.673    70.711    2.828    51.225    72.111    53.814    2.828    38.471    70.257    26.907    86.267    84.06    85.147    26.907    66.483    28.284    2.828    0         24.083    35.777    2.0    24.413    84.876    24.166    19.799    87.658    8.485    85.44    53.814    21.633    81.043    2.0    38.833    23.409    24.083    79.812    44.721    30.594    30.067    72.443    
47    57.009    40.522    48.765    73.498    22.136    13.038    74.632    5.099    48.104    27.019    92.358    72.801    24.083    2.0    17.088    40.497    24.739    38.626    86.023    68.542    39.85    20.396    47.539    72.125    87.658    66.408    40.792    18.439    84.404    69.426    22.361    34.0    72.801    39.85    26.306    18.868    70.342    46.819    73.389    72.125    72.732    46.819    65.97    4.472    26.306    24.083    0         16.125    26.077    45.607    72.111    46.69    39.85    74.673    19.698    73.376    39.85    43.174    88.837    24.331    21.541    46.39    18.974    65.924    24.083    7.211    6.0    71.805    
48    41.11    25.179    55.009    58.052    7.071    29.155    64.885    12.728    53.085    38.079    86.313    57.271    35.777    17.889    33.106    24.739    37.736    44.0    80.623    52.555    46.043    33.287    54.037    56.515    82.024    50.695    48.374    6.325    79.246    58.31    34.986    17.889    62.61    24.331    38.471    2.828    59.933    52.038    57.567    56.515    57.009    52.038    55.462    12.649    38.471    35.777    16.125    0         37.577    52.038    56.321    54.332    46.043    58.822    34.059    57.723    24.331    50.16    82.219    36.715    6.0    54.589    34.928    49.98    8.944    10.198    14.142    60.926    
49    77.006    55.227    25.807    85.755    40.224    21.024    73.062    25.962    26.87    1.414    82.861    85.44    2.0    26.0    24.413    56.569    4.472    18.868    75.895    83.869    18.439    6.325    24.413    85.147    77.795    80.212    17.205    42.379    74.0    71.021    4.472    52.802    72.25    55.172    2.0    40.249    70.456    25.456    87.419    85.147    86.267    25.456    66.753    30.265    2.0    2.0    26.077    37.577    0         22.804    86.023    22.361    18.439    88.814    10.0    86.533    55.172    20.0    80.523    2.828    40.497    21.541    25.612    81.056    46.519    32.558    32.062    72.691    
50    85.615    61.27    3.162    86.313    51.788    43.566    62.626    43.566    5.099    21.401    65.376    86.371    24.413    46.174    47.202    63.561    26.907    8.246    58.31    87.419    6.0    28.844    2.0    86.452    60.299    82.62    5.657    58.0    56.321    63.53    27.203    62.642    62.769    61.741    24.083    54.148    61.741    4.0    89.499    86.452    87.966    4.0    59.059    49.031    24.083    24.413    45.607    52.038    22.804    0         88.091    4.472    6.0    90.907    32.802    87.864    61.741    2.828    64.031    25.612    52.612    6.325    48.415    84.629    60.299    50.636    51.42    64.405    
51    25.495    31.78    89.811    5.831    49.98    84.865    47.096    67.779    85.802    85.802    75.538    4.472    84.876    74.0    89.196    31.623    88.204    80.722    74.027    5.831    83.546    84.38    89.644    3.162    74.108    5.831    87.727    56.886    74.0    38.0    85.44    38.833    44.045    32.311    87.658    53.852    42.0    85.604    1.414    3.162    1.414    85.604    40.2    68.964    87.658    84.876    72.111    56.321    86.023    88.091    0         92.195    83.546    2.828    86.833    2.828    32.311    87.864    70.456    86.533    50.596    93.509    91.082    7.071    50.636    66.483    70.342    40.05    
52    89.051    64.885    5.099    90.521    54.571    43.382    67.067    45.1    9.055    21.024    69.181    90.554    24.166    47.074    46.648    67.082    26.077    11.662    62.129    91.4    8.944    28.636    4.0    90.609    64.125    86.683    6.0    60.133    60.133    68.0    26.833    65.788    67.231    65.299    23.324    56.569    66.212    8.246    93.606    90.609    92.098    8.246    63.53    50.359    23.324    24.166    46.69    54.332    22.361    4.472    92.195    0         8.944    95.016    32.249    92.022    65.299    4.472    68.0    25.06    55.317    2.0    47.707    88.6    62.801    52.154    52.612    68.877    
53    80.112    55.946    9.055    82.037    45.891    38.601    60.877    37.656    8.602    17.029    66.287    82.024    19.799    40.497    42.521    58.138    22.804    2.828    59.228    82.62    0.0    24.083    8.0    82.037    61.188    77.987    4.472    52.0    57.271    60.926    22.627    56.921    60.729    56.356    20.0    48.166    59.464    7.211    84.959    82.037    83.487    7.211    56.462    43.174    20.0    19.799    39.85    46.043    18.439    6.0    83.546    8.944    0         86.371    28.284    83.451    56.356    4.472    64.498    21.26    46.69    10.0    43.863    79.812    54.332    44.721    45.607    62.032    
54    26.571    34.438    92.617    7.071    52.555    87.464    49.01    70.385    88.6    88.6    77.318    6.0    87.658    76.551    91.761    34.176    90.973    83.546    76.0    7.071    86.371    87.132    92.455    5.099    76.026    8.602    90.554    59.228    76.026    40.05    88.204    41.231    46.0    34.928    90.443    56.321    44.045    88.408    1.414    5.099    3.162    88.408    42.426    71.47    90.443    87.658    74.673    58.822    88.814    90.907    2.828    95.016    86.371    0         89.554    4.0    34.928    90.686    72.25    89.308    53.141    96.333    93.638    9.055    52.953    68.964    72.801    42.0    
55    74.953    55.227    35.805    87.235    38.288    11.402    79.158    21.401    36.797    11.402    91.181    86.764    8.485    18.974    14.422    56.036    6.325    28.425    84.309    84.06    28.284    4.472    34.409    86.313    86.163    81.006    27.203    37.736    82.462    76.105    5.657    50.99    78.026    54.918    8.944    36.878    76.0    35.384    88.193    86.313    87.235    35.384    72.028    24.166    8.944    8.485    19.698    34.059    10.0    32.802    86.833    32.249    28.284    89.554    0         87.658    54.918    30.0    88.544    7.211    38.21    31.305    15.62    81.302    42.802    26.833    25.298    78.026    
56    28.178    32.894    89.499    3.162    51.245    86.035    45.011    68.949    85.428    86.267    73.335    2.0    85.44    75.286    90.443    32.985    88.837    80.623    72.0    8.602    83.451    85.088    89.376    1.414    72.028    7.071    87.681    58.549    72.028    36.056    86.093    40.447    42.0    33.526    88.204    55.317    40.05    85.276    3.162    1.414    1.414    85.276    38.471    70.342    88.204    85.44    73.376    57.723    86.533    87.864    2.828    92.022    83.451    4.0    87.658    0         33.526    87.727    68.264    87.132    51.923    93.381    92.347    9.487    52.345    67.912    71.805    38.0    
57    24.042    1.414    64.078    33.734    17.72    52.555    48.104    35.468    60.745    55.154    74.095    32.985    53.814    41.761    56.921    2.0    56.851    53.666    69.771    29.155    56.356    52.802    63.561    32.28    70.711    26.571    60.033    26.077    68.877    39.699    54.037    8.944    45.255    0.0    56.639    22.091    42.426    60.166    33.615    32.28    32.894    60.166    38.21    36.878    56.639    53.814    39.85    24.331    55.172    61.741    32.311    65.299    56.356    34.928    54.918    33.526    0         60.828    69.34    55.317    18.439    66.242    58.822    26.42    20.396    34.525    38.471    42.521    
58    84.581    60.415    5.831    86.267    50.22    40.817    63.891    41.304    7.616    18.601    67.602    86.279    21.633    43.681    44.407    62.61    24.083    7.211    60.531    87.006    4.472    26.077    4.472    86.313    62.514    82.329    2.828    56.036    58.549    64.405    24.413    61.351    63.906    60.828    21.26    52.345    62.769    6.325    89.275    86.313    87.784    6.325    59.933    46.69    21.26    21.633    43.174    50.16    20.0    2.828    87.864    4.472    4.472    90.686    30.0    87.727    60.828    0         66.121    22.804    50.99    5.657    45.607    84.202    58.549    48.374    49.031    65.391    
