+-+-+-+-+-+-+-+-+-+-+-+-+-+-+ GRAFO CARGADO +-+-+-+-+-+-+-+-+-+-+-+-+-+-+-
        1         2         3         4         5         6         7         8         9         10        11        12        13        14        15        16        17        18        19        20        21        22        23        24        25        26        27        28        29        30        31
1     0         70.349    91.924    57.079    44.102    45.31    54.009    50.09    48.26    53.0    93.15    69.231    49.366    53.038    71.063    70.406    42.544    53.038    43.463    69.584    92.179    37.947    50.0    50.16    68.884    44.011    49.031    94.021    48.836    47.0    50.09    
2     70.349    0         75.584    16.401    27.857    36.878    17.889    20.396    22.091    18.385    77.795    6.325    21.024    17.72    10.05    7.071    39.205    17.72    38.419    2.236    78.435    38.949    21.19    20.224    4.472    37.014    22.204    78.746    22.091    24.042    20.396    
3     91.924    75.584    0         82.608    82.055    96.13    80.306    76.059    74.007    79.228    2.236    69.26    73.027    77.233    65.788    68.622    96.333    77.233    96.255    73.376    3.606    91.662    79.057    75.06    71.169    95.189    69.007    3.162    70.007    79.0    76.059    
4     57.079    16.401    82.608    0         13.0    20.518    3.606    9.22    12.042    5.0    84.717    19.416    12.042    6.403    23.324    20.809    22.804    6.403    22.023    16.971    85.0    22.847    7.616    9.899    17.804    20.616    15.811    85.709    15.0    10.44    9.22    
5     44.102    27.857    82.055    13.0    0         14.142    10.198    8.485    8.944    9.487    84.024    28.844    10.296    10.296    32.016    30.232    14.866    10.296    14.56    27.731    84.0    12.042    6.708    9.22    27.785    13.342    13.601    85.024    12.649    4.243    8.485    
6     45.31    36.878    96.13    20.518    14.142    0         20.0    21.541    22.804    20.248    98.082    39.699    24.042    21.954    43.417    41.11    3.0    21.954    2.0    37.483    98.02    7.81    18.788    22.472    38.21    1.414    27.659    99.081    26.683    17.72    21.541    
7     54.009    17.889    80.306    3.606    10.198    20.0    0         5.657    8.485    1.414    82.389    19.799    8.602    3.162    23.431    21.213    21.932    3.162    21.26    18.028    82.608    21.095    4.123    6.403    18.439    19.849    12.53    83.385    11.662    7.071    5.657    
8     50.09    20.396    76.059    9.22    8.485    21.541    5.657    0         2.828    4.243    78.102    20.591    3.162    3.162    23.601    21.954    22.825    3.162    22.361    19.925    78.23    20.518    3.0    1.0    19.698    21.024    7.28    79.101    6.325    4.243    0.0    
9     48.26    22.091    74.007    12.042    8.944    22.804    8.485    2.828    0         7.071    76.026    21.541    1.414    5.831    24.187    22.847    23.77    5.831    23.409    21.378    76.105    20.809    5.385    2.236    20.881    22.136    5.0    77.026    4.0    5.099    2.828    
10    53.0    18.385    79.228    5.0    9.487    20.248    1.414    4.243    7.071    0         81.302    19.849    7.211    2.0    23.345    21.26    22.023    2.0    21.401    18.358    81.498    20.809    3.0    5.0    18.601    20.0    11.18    82.298    10.296    6.0    4.243    
11    93.15    77.795    2.236    84.717    84.024    98.082    82.389    78.102    76.026    81.302    0         71.47    75.06    79.31    68.007    70.838    98.25    79.31    98.184    75.584    2.0    93.536    81.099    77.104    73.376    97.129    71.028    1.0    72.028    81.006    78.102    
12    69.231    6.325    69.26    19.416    28.844    39.699    19.799    20.591    21.541    19.849    71.47    0         20.248    18.601    4.123    1.414    41.725    18.601    41.037    4.123    72.111    40.608    22.204    20.125    2.0    39.623    20.224    72.422    20.396    24.698    20.591    
13    49.366    21.024    73.027    12.042    10.296    24.042    8.602    3.162    1.414    7.211    75.06    20.248    0         5.657    22.825    21.541    25.08    5.657    24.698    20.224    75.166    22.204    6.083    2.236    19.647    23.409    4.123    76.059    3.162    6.325    3.162    
14    53.038    17.72    77.233    6.403    10.296    21.954    3.162    3.162    5.831    2.0    79.31    18.601    5.657    0         21.932    20.0    23.601    0.0    23.022    17.464    79.511    22.023    3.606    3.606    17.493    21.633    9.434    80.306    8.602    6.325    3.162    
15    71.063    10.05    65.788    23.324    32.016    43.417    23.431    23.601    24.187    23.345    68.007    4.123    22.825    21.932    0         3.0    45.343    21.932    44.688    8.0    68.71    43.932    25.495    23.022    6.083    43.278    22.136    68.949    22.472    27.803    23.601    
16    70.406    7.071    68.622    20.809    30.232    41.11    21.213    21.954    22.847    21.26    70.838    1.414    21.541    20.0    3.0    0         43.139    20.0    42.45    5.0    71.512    42.012    23.601    21.471    3.162    41.037    21.378    71.784    21.587    26.077    21.954    
17    42.544    39.205    96.333    22.804    14.866    3.0    21.932    22.825    23.77    22.023    98.25    41.725    25.08    23.601    45.343    43.139    0         23.601    1.0    39.699    98.127    5.831    20.248    23.707    40.311    2.236    28.46    99.247    27.514    18.788    22.825    
18    53.038    17.72    77.233    6.403    10.296    21.954    3.162    3.162    5.831    2.0    79.31    18.601    5.657    0.0    21.932    20.0    23.601    0         23.022    17.464    79.511    22.023    3.606    3.606    17.493    21.633    9.434    80.306    8.602    6.325    3.162    
19    43.463    38.419    96.255    22.023    14.56    2.0    21.26    22.361    23.409    21.401    98.184    41.037    24.698    23.022    44.688    42.45    1.0    23.022    0         38.949    98.082    6.403    19.723    23.259    39.598    1.414    28.16    99.182    27.203    18.385    22.361    
20    69.584    2.236    73.376    16.971    27.731    37.483    18.028    19.925    21.378    18.358    75.584    4.123    20.224    17.464    8.0    5.0    39.699    17.464    38.949    0         76.217    39.115    21.024    19.647    2.236    37.537    21.024    76.538    21.0    23.77    19.925    
21    92.179    78.435    3.606    85.0    84.0    98.02    82.608    78.23    76.105    81.498    2.0    72.111    75.166    79.511    68.71    71.512    98.127    79.511    98.082    76.217    0         93.343    81.222    77.233    74.0    97.046    71.113    2.236    72.111    81.056    78.23    
22    37.947    38.949    91.662    22.847    12.042    7.81    21.095    20.518    20.809    20.809    93.536    40.608    22.204    22.023    43.932    42.012    5.831    22.023    6.403    39.115    93.343    0         18.439    21.26    39.408    6.403    25.06    94.53    24.187    16.279    20.518    
23    50.0    21.19    79.057    7.616    6.708    18.788    4.123    3.0    5.385    3.0    81.099    22.204    6.083    3.606    25.495    23.601    20.248    3.606    19.723    21.024    81.222    18.439    0         4.0    21.095    18.358    10.198    82.098    9.22    3.0    3.0    
24    50.16    20.224    75.06    9.899    9.22    22.472    6.403    1.0    2.236    5.0    77.104    20.125    2.236    3.606    23.022    21.471    23.707    3.606    23.259    19.647    77.233    21.26    4.0    0         19.313    21.932    6.325    78.102    5.385    5.0    1.0    
25    68.884    4.472    71.169    17.804    27.785    38.21    18.439    19.698    20.881    18.601    73.376    2.0    19.647    17.493    6.083    3.162    40.311    17.493    39.598    2.236    74.0    39.408    21.095    19.313    0         38.184    20.025    74.33    20.1    23.707    19.698    
26    44.011    37.014    95.189    20.616    13.342    1.414    19.849    21.024    22.136    20.0    97.129    39.623    23.409    21.633    43.278    41.037    2.236    21.633    1.414    37.537    97.046    6.403    18.358    21.932    38.184    0         26.926    98.127    25.962    17.088    21.024    
27    49.031    22.204    69.007    15.811    13.601    27.659    12.53    7.28    5.0    11.18    71.028    20.224    4.123    9.434    22.136    21.378    28.46    9.434    28.16    21.024    71.113    25.06    10.198    6.325    20.025    26.926    0         72.028    1.0    10.05    7.28    
28    94.021    78.746    3.162    85.709    85.024    99.081    83.385    79.101    77.026    82.298    1.0    72.422    76.059    80.306    68.949    71.784    99.247    80.306    99.182    76.538    2.236    94.53    82.098    78.102    74.33    98.127    72.028    0         73.027    82.006    79.101    
29    48.836    22.091    70.007    15.0    12.649    26.683    11.662    6.325    4.0    10.296    72.028    20.396    3.162    8.602    22.472    21.587    27.514    8.602    27.203    21.0    72.111    24.187    9.22    5.385    20.1    25.962    1.0    73.027    0         9.055    6.325    
30    47.0    24.042    79.0    10.44    4.243    17.72    7.071    4.243    5.099    6.0    81.006    24.698    6.325    6.325    27.803    26.077    18.788    6.325    18.385    23.77    81.056    16.279    3.0    5.0    23.707    17.088    10.05    82.006    9.055    0         4.243    
31    50.09    20.396    76.059    9.22    8.485    21.541    5.657    0.0    2.828    4.243    78.102    20.591    3.162    3.162    23.601    21.954    22.825    3.162    22.361    19.925    78.23    20.518    3.0    1.0    19.698    21.024    7.28    79.101    6.325    4.243    0         


Demandas:
1: 0.0
2: 25.0
3: 3.0
4: 13.0
5: 17.0
6: 16.0
7: 9.0
8: 22.0
9: 10.0
10: 16.0
11: 8.0
12: 3.0
13: 16.0
14: 16.0
15: 10.0
16: 24.0
17: 16.0
18: 15.0
19: 14.0
20: 5.0
21: 12.0
22: 2.0
23: 18.0
24: 20.0
25: 15.0
26: 8.0
27: 22.0
28: 15.0
29: 10.0
30: 13.0
31: 19.0
+-+-+-+-+-+-+-+-+-+-+-+-+-+-+-+ SOLUCION INICIAL +-+-+-+-+-+-+-+-+-+-+-+-+-+-+-+-

Ruta #1: [1, 6, 17, 19, 26, 22]
Costo asociado: 95.07400000000001      Capacidad: 56.0

Ruta #2: [1, 8, 31, 7, 10, 14, 18]
Costo asociado: 112.199      Capacidad: 97.0

Ruta #3: [1, 3, 11, 28, 21, 27, 29]
Costo asociado: 218.34500000000003      Capacidad: 70.0

Ruta #4: [1, 9, 13, 24, 23, 30, 5]
Costo asociado: 107.255      Capacidad: 94.0

Ruta #5: [1, 15, 16, 12, 2, 20, 25, 4]
Costo asociado: 161.157      Capacidad: 95.0

--> Costo total: 694.0300000000001          Capacidad total: 412.0

+-+-+-+-+-+-+-+-+-+-+-+-+-+-+-+-+-+- Solucion Optima +-+-+-+-+-+-+-+-+-+-+-+-+-+-+-+-+-+-

Ruta #1: [1, 6, 17, 19, 26, 22]
Costo asociado: 95.07400000000001      Capacidad: 56.0

Ruta #2: [1, 8, 31, 7, 10, 14, 18]
Costo asociado: 112.199      Capacidad: 97.0

Ruta #3: [1, 3, 11, 28, 21, 27, 29]
Costo asociado: 218.34500000000003      Capacidad: 70.0

Ruta #4: [1, 9, 13, 24, 23, 30, 5]
Costo asociado: 107.255      Capacidad: 94.0

Ruta #5: [1, 15, 16, 12, 2, 20, 25, 4]
Costo asociado: 161.157      Capacidad: 95.0


Costo total:  694.03        Optimo real:  672.0      Desviación: 3.3000000000000003%

Cantidad de iteraciones: 1
Nro de vehiculos: 5
Capacidad Maxima/Vehiculo: 100.0
Tiempo total: 0min 0seg
Tiempo de estancamiento: 0min 0seg
