+-+-+-+-+-+-+-+-+-+-+-+-+-+-+ GRAFO CARGADO +-+-+-+-+-+-+-+-+-+-+-+-+-+-+-
        1         2         3         4         5         6         7         8         9         10        11        12        13        14        15        16        17        18        19        20        21        22        23        24        25        26        27        28        29        30        31        32        33        34        35        36        37        38        39        40        41        42        43        44        45        46        47        48        49        50        51
1     0         62.682    50.804    53.814    45.122    28.653    43.829    48.847    71.701    64.203    38.833    43.012    70.767    50.16    55.66    59.464    38.484    37.202    47.0    48.166    61.612    59.203    64.382    59.464    66.528    62.225    47.76    67.179    49.041    50.01    69.311    67.882    68.622    44.598    58.138    53.151    31.765    69.311    52.802    49.01    34.482    65.795    52.469    45.541    60.0    60.141    62.241    60.141    46.011    64.815    59.464    
2     62.682    0         93.134    72.007    106.024    79.812    106.33    111.018    133.056    4.123    85.0    104.657    132.548    109.202    117.171    9.434    89.051    83.024    105.005    68.884    2.236    5.099    14.422    9.434    15.652    12.042    109.59    129.321    110.941    108.167    13.153    129.958    130.874    67.72    96.047    39.013    82.462    131.503    94.048    107.224    83.952    128.062    112.161    107.355    4.123    10.0    13.454    10.0    72.125    5.099    9.434    
3     50.804    93.134    0         104.484    40.112    22.627    50.04    49.163    85.147    92.439    12.042    43.0    82.298    35.171    48.508    85.586    15.232    13.601    30.594    98.858    91.198    88.204    86.683    85.586    88.074    86.145    46.174    77.318    47.265    32.28    92.763    78.313    77.524    95.268    8.544    99.96    19.849    78.518    2.236    32.016    17.029    75.326    38.601    45.044    89.202    85.709    85.329    85.709    96.333    92.542    85.586    
4     53.814    72.007    104.484    0         87.932    82.006    80.604    86.683    88.074    75.802    92.455    84.202    89.443    95.52    94.921    76.105    91.263    90.907    94.154    5.657    72.691    72.339    83.096    76.105    85.147    80.1    87.321    88.685    88.074    96.566    84.593    88.814    90.67    9.22    111.946    34.54    85.0    90.796    106.527    95.635    87.801    88.459    96.462    85.615    72.443    77.104    81.056    77.104    9.22    76.792    76.105    
5     45.122    106.024    40.112    87.932    0         30.61    11.18    9.055    45.044    106.892    34.176    4.243    42.19    8.485    11.402    101.213    27.514    34.928    10.44    82.97    104.652    101.966    104.848    101.213    106.78    103.247    6.083    37.216    7.28    10.817    110.454    38.21    37.483    79.555    48.0    97.185    29.682    38.471    42.048    10.296    30.414    35.228    8.544    5.099    102.859    101.71    102.927    101.71    78.746    107.355    101.213    
6     28.653    79.812    22.627    82.006    30.61    0         36.77    38.588    72.125    80.006    10.63    31.385    69.893    30.806    41.773    73.736    10.198    9.434    26.077    76.4    78.16    75.286    76.485    73.736    78.262    75.24    36.056    65.192    37.443    29.155    82.347    66.129    65.924    72.801    30.61    80.05    3.162    66.851    24.759    28.302    5.831    63.325    34.205    34.132    76.243    74.095    74.733    74.095    73.756    80.324    73.736    
7     43.829    106.33    50.04    80.604    11.18    36.77    0         6.083    35.693    107.615    42.579    7.28    33.242    19.416    14.318    102.416    36.222    42.953    21.541    75.954    105.152    102.626    106.668    102.416    108.706    104.809    7.211    28.46    7.616    21.954    112.004    29.411    29.155    72.691    58.215    93.381    36.688    30.083    52.086    21.471    38.079    26.571    18.385    6.403    103.465    103.005    104.637    103.005    71.386    108.167    102.416    
8     48.847    111.018    49.163    86.683    9.055    38.588    6.083    0         36.014    112.161    43.012    7.211    33.136    15.811    8.246    106.78    36.401    43.658    19.105    82.037    109.772    107.187    110.802    106.78    112.801    109.041    3.0    28.16    2.236    18.682    116.25    29.155    28.443    78.772    57.009    99.141    38.013    29.428    51.088    18.439    39.0    26.173    13.892    4.472    108.046    107.336    108.812    107.336    77.466    112.681    106.78    
9     71.701    133.056    85.147    88.074    45.044    72.125    35.693    36.014    0         135.074    78.262    42.297    3.606    51.157    38.639    130.863    71.847    78.645    55.009    85.165    132.276    130.115    136.029    130.863    138.192    133.795    39.013    8.246    38.0    54.148    140.801    7.28    8.944    82.861    93.022    111.364    72.277    8.062    87.092    54.083    73.756    10.198    48.374    40.112    130.832    131.59    133.869    131.59    79.812    135.772    130.863    
10    64.203    4.123    92.439    75.802    106.892    80.006    107.615    112.161    135.074    0         84.723    105.679    134.469    109.772    118.119    7.071    89.022    82.765    105.475    72.567    3.162    5.0    10.63    7.071    11.662    8.602    110.639    131.137    112.004    108.632    9.055    131.795    132.654    71.309    95.005    43.046    82.565    133.304    93.263    107.703    83.934    129.835    112.805    108.407    4.243    7.28    10.0    7.28    75.69    1.0    7.071    
11    38.833    85.0    12.042    92.455    34.176    10.63    42.579    43.012    78.262    84.723    0         36.139    75.71    31.623    44.294    78.102    6.708    2.0    26.627    86.833    83.187    80.231    80.006    78.102    81.597    79.12    40.162    70.831    41.437    29.206    86.023    71.805    71.309    83.241    20.0    88.888    8.062    72.277    14.142    28.601    5.385    68.884    35.228    38.601    81.216    78.339    78.447    78.339    84.291    84.929    78.102    
12    43.012    104.657    43.0    84.202    4.243    31.385    7.28    7.211    42.297    105.679    36.139    0         39.623    12.728    12.649    100.17    29.614    36.688    14.318    79.31    103.354    100.722    104.043    100.17    106.019    102.343    5.0    34.713    6.403    15.0    109.554    35.693    35.171    75.928    51.088    94.43    30.871    36.139    45.011    14.422    31.953    32.757    12.53    2.828    101.597    100.703    102.078    100.703    75.0    106.174    100.17    
13    70.767    132.548    82.298    89.443    42.19    69.893    33.242    33.136    3.606    134.469    75.71    39.623    0         48.042    35.355    130.108    69.231    76.158    52.01    86.348    131.712    129.495    135.148    130.108    137.295    132.966    36.125    5.0    35.057    51.039    140.014    4.0    5.385    83.934    90.089    111.826    69.921    4.472    84.214    51.01    71.309    7.0    45.177    37.336    130.231    130.817    133.004    130.817    81.025    135.148    130.108    
14    50.16    109.202    35.171    95.52    8.485    30.806    19.416    15.811    51.157    109.772    31.623    12.728    48.042    0         13.342    103.788    25.0    32.802    5.0    90.443    107.703    104.924    106.944    103.788    108.784    105.546    13.0    43.046    13.601    3.0    112.712    44.045    43.0    86.977    42.426    103.0    29.069    44.0    36.878    3.162    29.0    41.049    3.606    13.038    105.849    104.216    105.119    104.216    86.377    110.168    103.788    
15    55.66    117.171    48.508    94.921    11.402    41.773    14.318    8.246    38.639    118.119    44.294    12.649    35.355    13.342    0         112.508    37.59    45.277    18.028    90.255    115.836    113.177    116.211    112.508    118.152    114.586    8.062    30.414    7.0    16.279    121.795    31.401    30.15    86.977    55.731    106.794    40.608    31.145    50.22    16.492    41.049    28.443    10.05    10.198    114.061    113.018    114.28    113.018    85.703    118.596    112.508    
16    59.464    9.434    85.586    76.105    101.213    73.736    102.416    106.78    130.863    7.071    78.102    100.17    130.108    103.788    112.508    0         82.565    76.158    99.403    72.443    7.211    5.0    7.0    0.0    9.055    4.0    105.152    126.621    106.532    102.552    10.0    127.311    128.082    70.859    88.023    44.911    76.217    128.763    86.371    101.637    77.492    125.256    106.888    102.927    5.657    1.0    5.099    1.0    75.133    7.0    0.0    
17    38.484    89.051    15.232    91.263    27.514    10.198    36.222    36.401    71.847    89.022    6.708    29.614    69.231    25.0    37.59    82.565    0         7.81    20.0    85.703    87.321    84.404    84.865    82.565    86.539    83.815    33.526    64.327    34.785    22.672    90.824    65.307    64.761    82.098    23.77    90.244    7.071    65.734    17.464    22.023    5.099    62.37    28.601    32.016    85.376    82.861    83.217    82.861    82.801    89.286    82.565    
18    37.202    83.024    13.601    90.907    34.928    9.434    42.953    43.658    78.645    82.765    2.0    36.688    76.158    32.802    45.277    76.158    7.81    0         27.803    85.276    81.216    78.262    78.109    76.158    79.712    77.201    40.853    71.309    42.154    30.48    84.119    72.277    71.84    81.688    21.26    86.977    7.28    72.801    15.62    29.833    5.0    69.376    36.401    39.217    79.246    76.4    76.538    76.4    82.807    82.976    76.158    
19    47.0    105.005    30.594    94.154    10.44    26.077    21.541    19.105    55.009    105.475    26.627    14.318    52.01    5.0    18.028    99.403    20.0    27.803    0         88.955    103.465    100.658    102.421    99.403    104.235    101.079    16.125    47.011    17.029    3.162    108.227    48.01    47.096    85.44    38.118    100.08    24.207    48.094    32.388    2.236    24.042    45.011    8.602    15.524    101.592    99.81    100.623    99.81    85.088    105.849    99.403    
20    48.166    68.884    98.858    5.657    82.97    76.4    75.954    82.037    85.165    72.567    86.833    79.31    86.348    90.443    90.255    72.443    85.703    85.276    88.955    0         69.426    68.884    79.404    72.443    81.498    76.42    82.565    85.329    83.361    91.417    81.216    85.51    87.298    3.606    106.301    32.757    79.404    87.476    100.896    90.477    82.201    85.0    91.482    80.808    69.051    73.437    77.318    73.437    5.385    73.546    72.443    
21    61.612    2.236    91.198    72.691    104.652    78.16    105.152    109.772    132.276    3.162    83.187    103.354    131.712    107.703    115.836    7.211    87.321    81.216    103.465    69.426    0         3.0    12.53    7.211    13.928    10.0    108.301    128.425    109.659    106.626    12.0    129.074    129.958    68.154    94.021    40.112    80.777    130.599    92.087    105.688    82.225    127.142    110.693    106.066    2.0    7.81    11.402    7.81    72.533    4.123    7.211    
22    59.203    5.099    88.204    72.339    101.966    75.286    102.626    107.187    130.115    5.0    80.231    100.722    129.495    104.924    113.177    5.0    84.404    78.262    100.658    68.884    3.0    0         11.402    5.0    13.153    8.544    105.679    126.151    107.042    103.817    12.369    126.811    127.664    67.469    91.022    40.447    77.885    128.316    89.09    102.883    79.31    124.844    107.935    103.446    1.0    5.831    9.849    5.831    71.805    5.657    5.0    
23    64.382    14.422    86.683    83.096    104.848    76.485    106.668    110.802    136.029    10.63    80.006    104.043    135.148    106.944    116.211    7.0    84.865    78.109    102.421    79.404    12.53    11.402    0         7.0    2.236    3.0    109.041    131.529    110.436    105.546    6.083    132.246    132.936    77.782    88.459    51.788    78.791    133.645    87.298    104.657    79.85    130.108    110.145    106.832    11.705    6.0    2.236    6.0    82.037    9.899    7.0    
24    59.464    9.434    85.586    76.105    101.213    73.736    102.416    106.78    130.863    7.071    78.102    100.17    130.108    103.788    112.508    0.0    82.565    76.158    99.403    72.443    7.211    5.0    7.0    0         9.055    4.0    105.152    126.621    106.532    102.552    10.0    127.311    128.082    70.859    88.023    44.911    76.217    128.763    86.371    101.637    77.492    125.256    106.888    102.927    5.657    1.0    5.099    1.0    75.133    7.0    0.0    
25    66.528    15.652    88.074    85.147    106.78    78.262    108.706    112.801    138.192    11.662    81.597    106.019    137.295    108.784    118.152    9.055    86.539    79.712    104.235    81.498    13.928    13.153    2.236    9.055    0         5.099    111.018    133.66    112.414    107.355    5.099    134.38    135.059    79.906    89.677    53.6    80.529    135.772    88.645    106.471    81.541    132.231    112.004    108.812    13.342    8.062    4.472    8.062    84.172    10.817    9.055    
26    62.225    12.042    86.145    80.1    103.247    75.24    104.809    109.041    133.795    8.602    79.12    102.343    132.966    105.546    114.586    4.0    83.815    77.201    101.079    76.42    10.0    8.544    3.0    4.0    5.099    0         107.336    129.402    108.724    104.216    7.211    130.108    130.832    74.813    88.204    48.836    77.621    131.529    86.833    103.315    78.772    128.004    108.706    105.119    8.944    3.0    1.414    3.0    79.076    8.062    4.0    
27    47.76    109.59    46.174    87.321    6.083    36.056    7.211    3.0    39.013    110.639    40.162    5.0    36.125    13.0    8.062    105.152    33.526    40.853    16.125    82.565    108.301    105.679    109.041    105.152    111.018    107.336    0         31.145    1.414    15.811    114.547    32.14    31.401    79.246    54.009    98.732    35.355    32.388    48.094    15.524    36.249    29.155    11.402    2.236    106.55    105.688    107.075    105.688    78.102    111.14    105.152    
28    67.179    129.321    77.318    88.685    37.216    65.192    28.46    28.16    8.246    131.137    70.831    34.713    5.0    43.046    30.414    126.621    64.327    71.309    47.011    85.329    128.425    126.151    131.529    126.621    133.66    129.402    31.145    0         30.067    46.043    136.488    1.0    2.0    82.765    85.094    109.772    65.146    2.236    79.228    46.011    66.483    2.0    40.2    32.388    126.905    127.311    129.402    127.311    80.062    131.795    126.621    
29    49.041    110.941    47.265    88.074    7.28    37.443    7.616    2.236    38.0    112.004    41.437    6.403    35.057    13.601    7.0    106.532    34.785    42.154    17.029    83.361    109.659    107.042    110.436    106.532    112.414    108.724    1.414    30.067    0         16.492    115.935    31.064    30.265    80.062    55.036    99.85    36.715    31.257    49.163    16.279    37.577    28.071    11.662    3.606    107.912    107.07    108.467    107.07    78.854    112.508    106.532    
30    50.01    108.167    32.28    96.566    10.817    29.155    21.954    18.682    54.148    108.632    29.206    15.0    51.039    3.0    16.279    102.552    22.672    30.48    3.162    91.417    106.626    103.817    105.546    102.552    107.355    104.216    15.811    46.043    16.492    0         111.36    47.043    46.0    87.92    39.459    103.044    27.203    47.0    33.956    1.0    26.907    44.045    6.325    15.652    104.752    102.956    103.755    102.956    87.464    109.005    102.552    
31    69.311    13.153    92.763    84.593    110.454    82.347    112.004    116.25    140.801    9.055    86.023    109.554    140.014    112.712    121.795    10.0    90.824    84.119    108.227    81.216    12.0    12.369    6.083    10.0    5.099    7.211    114.547    136.488    115.935    111.36    0         137.186    137.931    79.831    94.53    52.086    84.694    138.622    93.381    110.463    85.796    135.104    115.884    112.33    12.166    9.22    7.616    9.22    84.172    8.062    10.0    
32    67.882    129.958    78.313    88.814    38.21    66.129    29.411    29.155    7.28    131.795    71.805    35.693    4.0    44.045    31.401    127.311    65.307    72.277    48.01    85.51    129.074    126.811    132.246    127.311    134.38    130.108    32.14    1.0    31.064    47.043    137.186    0         2.236    82.976    86.093    110.168    66.098    2.0    80.225    47.011    67.446    3.0    41.195    33.377    127.562    128.004    130.115    128.004    80.231    132.458    127.311    
33    68.622    130.874    77.524    90.67    37.483    65.924    29.155    28.443    8.944    132.654    71.309    35.171    5.385    43.0    30.15    128.082    64.761    71.84    47.096    87.298    129.958    127.664    132.936    128.082    135.059    130.832    31.401    2.0    30.265    46.0    137.931    2.236    0         84.723    85.212    111.615    65.788    1.0    79.404    46.011    67.052    2.828    40.05    32.757    128.425    128.763    130.817    128.763    82.037    133.304    128.082    
34    44.598    67.72    95.268    9.22    79.555    72.801    72.691    78.772    82.861    71.309    83.241    75.928    83.934    86.977    86.977    70.859    82.098    81.688    85.44    3.606    68.154    67.469    77.782    70.859    79.906    74.813    79.246    82.765    80.062    87.92    79.831    82.976    84.723    0         102.728    32.802    75.802    84.929    97.309    86.977    78.6    82.377    88.057    77.466    67.683    71.847    75.664    71.847    4.472    72.277    70.859    
35    58.138    96.047    8.544    111.946    48.0    30.61    58.215    57.009    93.022    95.005    20.0    51.088    90.089    42.426    55.731    88.023    23.77    21.26    38.118    106.301    94.021    91.022    88.459    88.023    89.677    88.204    54.009    85.094    55.036    39.459    94.53    86.093    85.212    102.728    0         105.702    28.018    86.209    6.325    39.319    25.239    83.096    45.706    53.009    92.022    88.051    87.281    88.051    103.966    95.021    88.023    
36    53.151    39.013    99.96    34.54    97.185    80.05    93.381    99.141    111.364    43.046    88.888    94.43    111.826    103.0    106.794    44.911    90.244    86.977    100.08    32.757    40.112    40.447    51.788    44.911    53.6    48.836    98.732    109.772    99.85    103.044    52.086    110.168    111.615    32.802    105.702    0         83.199    112.004    101.592    102.044    85.615    109.005    105.043    96.628    40.311    45.891    50.01    45.891    37.202    44.045    44.911    
37    31.765    82.462    19.849    85.0    29.682    3.162    36.688    38.013    72.277    82.565    8.062    30.871    69.921    29.069    40.608    76.217    7.071    7.28    24.207    79.404    80.777    77.885    78.791    76.217    80.529    77.621    35.355    65.146    36.715    27.203    84.694    66.098    65.788    75.802    28.018    83.199    0         66.731    22.023    26.401    2.828    63.246    32.558    33.541    78.848    76.551    77.078    76.551    76.694    82.861    76.217    
38    69.311    131.503    78.518    90.796    38.471    66.851    30.083    29.428    8.062    133.304    72.277    36.139    4.472    44.0    31.145    128.763    65.734    72.801    48.094    87.476    130.599    128.316    133.645    128.763    135.772    131.529    32.388    2.236    31.257    47.0    138.622    2.0    1.0    84.929    86.209    112.004    66.731    0         80.399    47.011    68.007    3.606    41.049    33.734    129.074    129.449    131.522    129.449    82.201    133.959    128.763    
39    52.802    94.048    2.236    106.527    42.048    24.759    52.086    51.088    87.092    93.263    14.142    45.011    84.214    36.878    50.22    86.371    17.464    15.62    32.388    100.896    92.087    89.09    87.298    86.371    88.645    86.833    48.094    79.228    49.163    33.956    93.381    80.225    79.404    97.309    6.325    101.592    22.023    80.399    0         33.734    19.209    77.233    40.262    47.011    90.089    86.47    85.988    86.47    98.412    93.343    86.371    
40    49.01    107.224    32.016    95.635    10.296    28.302    21.471    18.439    54.083    107.703    28.601    14.422    51.01    3.162    16.492    101.637    22.023    29.833    2.236    90.477    105.688    102.883    104.657    101.637    106.471    103.315    15.524    46.011    16.279    1.0    110.463    47.011    46.011    86.977    39.319    102.044    26.401    47.011    33.734    0         26.173    44.011    6.708    15.232    103.817    102.044    102.859    102.044    86.539    108.079    101.637    
41    34.482    83.952    17.029    87.801    30.414    5.831    38.079    39.0    73.756    83.934    5.385    31.953    71.309    29.0    41.049    77.492    5.099    5.0    24.042    82.201    82.225    79.31    79.85    77.492    81.541    78.772    36.249    66.483    37.577    26.907    85.796    67.446    67.052    78.6    25.239    85.615    2.828    68.007    19.209    26.173    0         64.56    32.558    34.54    80.281    77.795    78.186    77.795    79.511    84.202    77.492    
42    65.795    128.062    75.326    88.459    35.228    63.325    26.571    26.173    10.198    129.835    68.884    32.757    7.0    41.049    28.443    125.256    62.37    69.376    45.011    85.0    127.142    124.844    130.108    125.256    132.231    128.004    29.155    2.0    28.071    44.045    135.104    3.0    2.828    82.377    83.096    109.005    63.246    3.606    77.233    44.011    64.56    0         38.21    30.414    125.607    125.936    127.988    125.936    79.762    130.484    125.256    
43    52.469    112.161    38.601    96.462    8.544    34.205    18.385    13.892    48.374    112.805    35.228    12.53    45.177    3.606    10.05    106.888    28.601    36.401    8.602    91.482    110.693    107.935    110.145    106.888    112.004    108.706    11.402    40.2    11.662    6.325    115.884    41.195    40.05    88.057    45.706    105.043    32.558    41.049    40.262    6.708    32.558    38.21    0         12.042    108.853    107.331    108.301    107.331    87.281    113.217    106.888    
44    45.541    107.355    45.044    85.615    5.099    34.132    6.403    4.472    40.112    108.407    38.601    2.828    37.336    13.038    10.198    102.927    32.016    39.217    15.524    80.808    106.066    103.446    106.832    102.927    108.812    105.119    2.236    32.388    3.606    15.652    112.33    33.377    32.757    77.466    53.009    96.628    33.541    33.734    47.011    15.232    34.54    30.414    12.042    0         104.317    103.465    104.862    103.465    76.4    108.908    102.927    
45    60.0    4.123    89.202    72.443    102.859    76.243    103.465    108.046    130.832    4.243    81.216    101.597    130.231    105.849    114.061    5.657    85.376    79.246    101.592    69.051    2.0    1.0    11.705    5.657    13.342    8.944    106.55    126.905    107.912    104.752    12.166    127.562    128.425    67.683    92.022    40.311    78.848    129.074    90.089    103.817    80.281    125.607    108.853    104.317    0         6.403    10.296    6.403    72.035    5.0    5.657    
46    60.141    10.0    85.709    77.104    101.71    74.095    103.005    107.336    131.59    7.28    78.339    100.703    130.817    104.216    113.018    1.0    82.861    76.4    99.81    73.437    7.81    5.831    6.0    1.0    8.062    3.0    105.688    127.311    107.07    102.956    9.22    128.004    128.763    71.847    88.051    45.891    76.551    129.449    86.47    102.044    77.795    125.936    107.331    103.465    6.403    0         4.123    0.0    76.118    7.071    1.0    
47    62.241    13.454    85.329    81.056    102.927    74.733    104.637    108.812    133.869    10.0    78.447    102.078    133.004    105.119    114.28    5.099    83.217    76.538    100.623    77.318    11.402    9.849    2.236    5.099    4.472    1.414    107.075    129.402    108.467    103.755    7.616    130.115    130.817    75.664    87.281    50.01    77.078    131.522    85.988    102.859    78.186    127.988    108.301    104.862    10.296    4.123    0         4.123    79.906    9.434    5.099    
48    60.141    10.0    85.709    77.104    101.71    74.095    103.005    107.336    131.59    7.28    78.339    100.703    130.817    104.216    113.018    1.0    82.861    76.4    99.81    73.437    7.81    5.831    6.0    1.0    8.062    3.0    105.688    127.311    107.07    102.956    9.22    128.004    128.763    71.847    88.051    45.891    76.551    129.449    86.47    102.044    77.795    125.936    107.331    103.465    6.403    0.0    4.123    0         76.118    7.071    1.0    
49    46.011    72.125    96.333    9.22    78.746    73.756    71.386    77.466    79.812    75.69    84.291    75.0    81.025    86.377    85.703    75.133    82.801    82.807    85.088    5.385    72.533    71.805    82.037    75.133    84.172    79.076    78.102    80.062    78.854    87.464    84.172    80.231    82.037    4.472    103.966    37.202    76.694    82.201    98.412    86.539    79.511    79.762    87.281    76.4    72.035    76.118    79.906    76.118    0         76.655    75.133    
50    64.815    5.099    92.542    76.792    107.355    80.324    108.167    112.681    135.772    1.0    84.929    106.174    135.148    110.168    118.596    7.0    89.286    82.976    105.849    73.546    4.123    5.657    9.899    7.0    10.817    8.062    111.14    131.795    112.508    109.005    8.062    132.458    133.304    72.277    95.021    44.045    82.861    133.959    93.343    108.079    84.202    130.484    113.217    108.908    5.0    7.071    9.434    7.071    76.655    0         7.0    
51    59.464    9.434    85.586    76.105    101.213    73.736    102.416    106.78    130.863    7.071    78.102    100.17    130.108    103.788    112.508    0.0    82.565    76.158    99.403    72.443    7.211    5.0    7.0    0.0    9.055    4.0    105.152    126.621    106.532    102.552    10.0    127.311    128.082    70.859    88.023    44.911    76.217    128.763    86.371    101.637    77.492    125.256    106.888    102.927    5.657    1.0    5.099    1.0    75.133    7.0    0         


Demandas:
1: 0.0
2: 9.0
3: 10.0
4: 14.0
5: 5.0
6: 8.0
7: 10.0
8: 15.0
9: 16.0
10: 23.0
11: 4.0
12: 22.0
13: 16.0
14: 12.0
15: 20.0
16: 18.0
17: 9.0
18: 17.0
19: 42.0
20: 9.0
21: 17.0
22: 7.0
23: 4.0
24: 7.0
25: 13.0
26: 6.0
27: 22.0
28: 6.0
29: 13.0
30: 21.0
31: 16.0
32: 20.0
33: 11.0
34: 18.0
35: 24.0
36: 26.0
37: 9.0
38: 21.0
39: 3.0
40: 22.0
41: 7.0
42: 10.0
43: 17.0
44: 8.0
45: 10.0
46: 12.0
47: 10.0
48: 24.0
49: 5.0
50: 10.0
51: 6.0
+-+-+-+-+-+-+-+-+-+-+-+-+-+-+-+ SOLUCION INICIAL +-+-+-+-+-+-+-+-+-+-+-+-+-+-+-+-

Ruta #1: [1, 6, 37, 41, 18, 11, 17, 3, 39, 35, 5, 23]
Costo asociado: 289.374      Capacidad: 100.0

Ruta #2: [1, 12, 44, 27, 29, 8, 7, 42]
Costo asociado: 150.175      Capacidad: 100.0

Ruta #3: [1, 34, 20, 49, 4, 36, 2, 21]
Costo asociado: 200.20999999999998      Capacidad: 98.0

Ruta #4: [1, 19, 40, 30, 14]
Costo asociado: 103.39599999999999      Capacidad: 97.0

Ruta #5: [1, 43, 15, 33, 38, 32, 28]
Costo asociado: 163.848      Capacidad: 95.0

Ruta #6: [1, 22, 45, 10, 50, 16, 24, 51, 46, 26]
Costo asociado: 138.671      Capacidad: 99.0

Ruta #7: [1, 48, 47, 25, 31, 13, 9]
Costo asociado: 289.15599999999995      Capacidad: 95.0

--> Costo total: 1334.83          Capacidad total: 684.0

+-+-+-+-+-+-+-+-+-+-+-+-+-+-+-+-+-+-+-+-+-+- Iteracion 2  +-+-+-+-+-+-+-+-+-+-+-+-+-+-+-+-+-+-+-+-+-+-


Ruta #1: [1, 6, 37, 41, 18, 11, 17, 3, 39, 35, 5, 23]
Costo asociado: 289.374      Capacidad: 100.0

Ruta #2: [1, 12, 44, 27, 29, 8, 7, 42]
Costo asociado: 150.175      Capacidad: 100.0

Ruta #3: [1, 34, 20, 49, 4, 36, 2, 21]
Costo asociado: 200.20999999999998      Capacidad: 98.0

Ruta #4: [1, 19, 40, 30, 14]
Costo asociado: 103.39599999999999      Capacidad: 97.0

Ruta #5: [1, 43, 15, 33, 38, 32, 28]
Costo asociado: 163.848      Capacidad: 95.0

Ruta #6: [1, 22, 45, 10, 50, 16, 24, 51, 46, 26]
Costo asociado: 138.671      Capacidad: 99.0

Ruta #7: [1, 48, 47, 25, 31, 13, 9]
Costo asociado: 289.15599999999995      Capacidad: 95.0

--> Costo total: 1333.1309999999999          Capacidad total: 684.0

+-+-+-+-+-+-+-+-+-+-+-+-+-+-+-+-+-+-+-+-+-+- Iteracion 2  +-+-+-+-+-+-+-+-+-+-+-+-+-+-+-+-+-+-+-+-+-+-

La solución anterior duró 0min 0seg    -------> Nuevo optimo local. Costo: 1333.1309999999999       ==> Optimo: 1032.0  Desvio: 29.3%
Lista tabu: [((50,16,7.0),8), ((51,46,1.0),8), ((50,51,7.0),7)]

+-+-+-+-+-+-+-+-+-+-+-+-+-+-+-+-+-+-+-+-+-+- Iteracion 16  +-+-+-+-+-+-+-+-+-+-+-+-+-+-+-+-+-+-+-+-+-+-


Ruta #1: [1, 6, 37, 41, 18, 11, 17, 3, 39, 35, 5, 23]
Costo asociado: 289.374      Capacidad: 100.0

Ruta #2: [1, 12, 44, 27, 29, 8, 7, 42]
Costo asociado: 150.175      Capacidad: 100.0

Ruta #3: [1, 34, 20, 49, 4, 36, 2, 21]
Costo asociado: 200.20999999999998      Capacidad: 98.0

Ruta #4: [1, 19, 40, 30, 14]
Costo asociado: 103.39599999999999      Capacidad: 97.0

Ruta #5: [1, 43, 15, 33, 38, 32, 28]
Costo asociado: 163.848      Capacidad: 95.0

Ruta #6: [1, 22, 45, 10, 50, 26, 46, 51, 24, 16]
Costo asociado: 136.97199999999998      Capacidad: 99.0

Ruta #7: [1, 48, 47, 25, 31, 13, 9]
Costo asociado: 289.15599999999995      Capacidad: 95.0

--> Costo total: 1331.599          Capacidad total: 684.0

+-+-+-+-+-+-+-+-+-+-+-+-+-+-+-+-+-+-+-+-+-+- Iteracion 16  +-+-+-+-+-+-+-+-+-+-+-+-+-+-+-+-+-+-+-+-+-+-

La solución anterior duró 0min 1seg    -------> Nuevo optimo local. Costo: 1331.599       ==> Optimo: 1032.0  Desvio: 29.2%
Lista tabu: [((45,10,4.243),1), ((16,1,59.464),1), ((10,50,1.0),2), ((46,51,1.0),2), ((10,46,7.28),1), ((27,29,1.414),3), ((7,42,26.571),3), ((7,27,7.211),2), ((45,10,4.243),4), ((51,24,0.0),4), ((45,51,5.657),3), ((45,10,4.243),5), ((46,51,1.0),5), ((45,46,6.403),4), ((19,40,2.236),6), ((14,1,50.16),6), ((14,19,5.0),5), ((51,24,0.0),7), ((16,1,59.464),7), ((16,51,0.0),6), ((17,3,15.232),8), ((39,35,6.325),8), ((17,39,17.464),7)]

+-+-+-+-+-+-+-+-+-+-+-+-+-+-+-+-+-+-+-+-+-+- Iteracion 28  +-+-+-+-+-+-+-+-+-+-+-+-+-+-+-+-+-+-+-+-+-+-


Ruta #1: [1, 6, 37, 41, 17, 11, 18, 3, 39, 35, 5, 23]
Costo asociado: 287.842      Capacidad: 100.0

Ruta #2: [1, 12, 44, 27, 29, 8, 7, 42]
Costo asociado: 150.175      Capacidad: 100.0

Ruta #3: [1, 34, 20, 49, 4, 36, 2, 21]
Costo asociado: 200.20999999999998      Capacidad: 98.0

Ruta #4: [1, 19, 40, 30, 14]
Costo asociado: 103.39599999999999      Capacidad: 97.0

Ruta #5: [1, 43, 15, 33, 38, 32, 28]
Costo asociado: 163.848      Capacidad: 95.0

Ruta #6: [1, 22, 45, 10, 50, 26, 46, 51, 24, 16]
Costo asociado: 136.97199999999998      Capacidad: 99.0

Ruta #7: [1, 48, 47, 25, 31, 13, 9]
Costo asociado: 289.15599999999995      Capacidad: 95.0

--> Costo total: 1331.1419999999998          Capacidad total: 684.0

+-+-+-+-+-+-+-+-+-+-+-+-+-+-+-+-+-+-+-+-+-+- Iteracion 28  +-+-+-+-+-+-+-+-+-+-+-+-+-+-+-+-+-+-+-+-+-+-

La solución anterior duró 0min 0seg    -------> Nuevo optimo local. Costo: 1331.1419999999998       ==> Optimo: 1032.0  Desvio: 29.0%
Lista tabu: [((41,18,5.0),2), ((17,3,15.232),2), ((22,45,1.0),1), ((50,26,8.062),1), ((19,40,2.236),2), ((30,14,3.0),2), ((19,30,3.162),1), ((44,27,2.236),3), ((29,8,2.236),3), ((29,44,3.606),2), ((33,38,1.0),4), ((28,1,67.179),4), ((28,33,2.0),3), ((41,17,5.099),5), ((39,35,6.325),5), ((39,41,19.209),4), ((44,27,2.236),6), ((7,42,26.571),6), ((7,44,6.403),5), ((10,50,1.0),7), ((16,1,59.464),7), ((10,16,7.071),6), ((37,41,2.828),8), ((18,3,13.601),8), ((18,37,7.28),7)]

+-+-+-+-+-+-+-+-+-+-+-+-+-+-+-+-+-+-+-+-+-+- Iteracion 45  +-+-+-+-+-+-+-+-+-+-+-+-+-+-+-+-+-+-+-+-+-+-


Ruta #1: [1, 6, 37, 41, 17, 18, 11, 3, 39, 35, 5, 23]
Costo asociado: 287.385      Capacidad: 100.0

Ruta #2: [1, 12, 44, 27, 29, 8, 7, 42]
Costo asociado: 150.175      Capacidad: 100.0

Ruta #3: [1, 34, 20, 49, 4, 36, 2, 21]
Costo asociado: 200.20999999999998      Capacidad: 98.0

Ruta #4: [1, 19, 40, 30, 14]
Costo asociado: 103.39599999999999      Capacidad: 97.0

Ruta #5: [1, 43, 15, 33, 38, 32, 28]
Costo asociado: 163.848      Capacidad: 95.0

Ruta #6: [1, 22, 45, 10, 50, 26, 46, 51, 24, 16]
Costo asociado: 136.97199999999998      Capacidad: 99.0

Ruta #7: [1, 48, 47, 25, 31, 13, 9]
Costo asociado: 289.15599999999995      Capacidad: 95.0

--> Costo total: 1329.2289999999998          Capacidad total: 684.0

+-+-+-+-+-+-+-+-+-+-+-+-+-+-+-+-+-+-+-+-+-+- Iteracion 45  +-+-+-+-+-+-+-+-+-+-+-+-+-+-+-+-+-+-+-+-+-+-

La solución anterior duró 0min 0seg    -------> Nuevo optimo local. Costo: 1329.2289999999998       ==> Optimo: 1032.0  Desvio: 29.0%
Lista tabu: [((10,50,1.0),1), ((51,24,0.0),1), ((22,45,1.0),2), ((16,1,59.464),2), ((16,22,5.0),1), ((10,50,1.0),3), ((46,51,1.0),3), ((10,46,7.28),2), ((50,26,8.062),4), ((24,16,0.0),4), ((24,50,7.0),3), ((12,44,2.828),5), ((7,42,26.571),5), ((7,12,7.28),4), ((6,37,3.162),6), ((3,39,2.236),6), ((3,6,22.627),5), ((40,30,1.0),7), ((14,1,50.16),7), ((14,40,3.162),6), ((3,39,2.236),8), ((35,5,48.0),8), ((3,35,8.544),7)]

+-+-+-+-+-+-+-+-+-+-+-+-+-+-+-+-+-+-+-+-+-+- Iteracion 88  +-+-+-+-+-+-+-+-+-+-+-+-+-+-+-+-+-+-+-+-+-+-


Ruta #1: [1, 6, 37, 41, 17, 18, 11, 3, 39, 35, 5, 23]
Costo asociado: 287.385      Capacidad: 100.0

Ruta #2: [1, 12, 44, 27, 29, 8, 7, 42]
Costo asociado: 150.175      Capacidad: 100.0

Ruta #3: [1, 34, 20, 49, 4, 36, 2, 21]
Costo asociado: 200.20999999999998      Capacidad: 98.0

Ruta #4: [1, 19, 40, 30, 14]
Costo asociado: 103.39599999999999      Capacidad: 97.0

Ruta #5: [1, 43, 15, 33, 38, 32, 28]
Costo asociado: 163.848      Capacidad: 95.0

Ruta #6: [1, 22, 45, 10, 50, 26, 46, 51, 24, 16]
Costo asociado: 136.97199999999998      Capacidad: 99.0

Ruta #7: [1, 48, 31, 25, 47, 13, 9]
Costo asociado: 287.24299999999994      Capacidad: 95.0

--> Costo total: 1326.532          Capacidad total: 684.0

+-+-+-+-+-+-+-+-+-+-+-+-+-+-+-+-+-+-+-+-+-+- Iteracion 88  +-+-+-+-+-+-+-+-+-+-+-+-+-+-+-+-+-+-+-+-+-+-

La solución anterior duró 0min 1seg    -------> Nuevo optimo local. Costo: 1326.532       ==> Optimo: 1032.0  Desvio: 28.8%
Lista tabu: [((11,3,12.042),1), ((35,5,48.0),1), ((50,26,8.062),2), ((16,1,59.464),2), ((16,50,7.0),1), ((44,27,2.236),3), ((29,8,2.236),3), ((29,44,3.606),2), ((37,41,2.828),4), ((17,18,7.81),4), ((17,37,7.071),3), ((44,27,2.236),5), ((29,8,2.236),5), ((29,44,3.606),4), ((37,41,2.828),6), ((18,11,2.0),6), ((18,37,7.28),5), ((10,50,1.0),7), ((24,16,0.0),7), ((10,24,7.071),6), ((37,41,2.828),8), ((18,11,2.0),8), ((18,37,7.28),7)]

+-+-+-+-+-+-+-+-+-+-+-+-+-+-+-+-+-+-+-+-+-+- Iteracion 141  +-+-+-+-+-+-+-+-+-+-+-+-+-+-+-+-+-+-+-+-+-+-


Ruta #1: [1, 6, 37, 41, 17, 18, 11, 3, 39, 35, 5, 23]
Costo asociado: 287.385      Capacidad: 100.0

Ruta #2: [1, 12, 44, 27, 29, 8, 7, 42]
Costo asociado: 150.175      Capacidad: 100.0

Ruta #3: [1, 34, 49, 20, 4, 36, 2, 21]
Costo asociado: 197.51299999999998      Capacidad: 98.0

Ruta #4: [1, 19, 40, 30, 14]
Costo asociado: 103.39599999999999      Capacidad: 97.0

Ruta #5: [1, 43, 15, 33, 38, 32, 28]
Costo asociado: 163.848      Capacidad: 95.0

Ruta #6: [1, 22, 45, 10, 50, 26, 46, 51, 24, 16]
Costo asociado: 136.97199999999998      Capacidad: 99.0

Ruta #7: [1, 48, 31, 25, 47, 13, 9]
Costo asociado: 287.24299999999994      Capacidad: 95.0

--> Costo total: 1205.287          Capacidad total: 684.0

+-+-+-+-+-+-+-+-+-+-+-+-+-+-+-+-+-+-+-+-+-+- Iteracion 141  +-+-+-+-+-+-+-+-+-+-+-+-+-+-+-+-+-+-+-+-+-+-

La solución anterior duró 0min 1seg    -------> Nuevo optimo local. Costo: 1205.287       ==> Optimo: 1032.0  Desvio: 28.5%
Lista tabu: [((40,30,1.0),1), ((14,1,50.16),1), ((44,27,2.236),2), ((7,42,26.571),2), ((7,44,6.403),1), ((51,24,0.0),3), ((16,1,59.464),3), ((16,51,0.0),2), ((22,45,1.0),4), ((26,46,3.0),4), ((22,26,8.544),3), ((18,11,2.0),5), ((39,35,6.325),5), ((18,39,15.62),4), ((41,17,5.099),6), ((39,35,6.325),6), ((3,39,2.236),6), ((39,41,19.209),5), ((19,40,2.236),7), ((14,1,50.16),7), ((30,14,3.0),7), ((14,19,5.0),6), ((26,46,3.0),8), ((24,16,0.0),8), ((51,24,0.0),8), ((24,26,4.0),7)]

+-+-+-+-+-+-+-+-+-+-+-+-+-+-+-+-+-+-+-+-+-+- Iteracion 146  +-+-+-+-+-+-+-+-+-+-+-+-+-+-+-+-+-+-+-+-+-+-


Ruta #1: [1, 6, 37, 41, 17, 18, 11, 3, 39, 35, 5]
Costo asociado: 163.277      Capacidad: 96.0

Ruta #2: [1, 12, 44, 27, 29, 8, 7, 42]
Costo asociado: 150.175      Capacidad: 100.0

Ruta #3: [1, 34, 49, 20, 4, 36, 2, 21]
Costo asociado: 197.51299999999998      Capacidad: 98.0

Ruta #4: [1, 19, 40, 30, 14]
Costo asociado: 103.39599999999999      Capacidad: 97.0

Ruta #5: [1, 43, 15, 33, 38, 32, 28]
Costo asociado: 163.848      Capacidad: 95.0

Ruta #6: [1, 22, 45, 10, 50, 26, 46, 51, 24, 16]
Costo asociado: 136.97199999999998      Capacidad: 99.0

Ruta #7: [1, 48, 23, 31, 25, 47, 13, 9]
Costo asociado: 290.106      Capacidad: 99.0

--> Costo total: 1204.584          Capacidad total: 684.0

+-+-+-+-+-+-+-+-+-+-+-+-+-+-+-+-+-+-+-+-+-+- Iteracion 146  +-+-+-+-+-+-+-+-+-+-+-+-+-+-+-+-+-+-+-+-+-+-

La solución anterior duró 0min 0seg    -------> Nuevo optimo local. Costo: 1204.584       ==> Optimo: 1032.0  Desvio: 16.8%
Lista tabu: [((41,17,5.099),1), ((39,35,6.325),1), ((3,39,2.236),1), ((19,40,2.236),2), ((14,1,50.16),2), ((30,14,3.0),2), ((14,19,5.0),1), ((26,46,3.0),3), ((24,16,0.0),3), ((51,24,0.0),3), ((24,26,4.0),2), ((5,23,104.848),9), ((23,1,64.382),9), ((48,31,9.22),9), ((23,31,6.083),7), ((41,17,5.099),5), ((11,3,12.042),5), ((18,11,2.0),5), ((11,41,5.385),4), ((31,25,5.099),6), ((47,13,133.004),6), ((31,47,7.616),5), ((22,45,1.0),7), ((16,1,59.464),7), ((24,16,0.0),7), ((16,22,5.0),6), ((41,17,5.099),8), ((11,3,12.042),8), ((18,11,2.0),8), ((11,41,5.385),7)]

+-+-+-+-+-+-+-+-+-+-+-+-+-+-+-+-+-+-+-+-+-+- Iteracion 164  +-+-+-+-+-+-+-+-+-+-+-+-+-+-+-+-+-+-+-+-+-+-


Ruta #1: [1, 6, 37, 41, 17, 18, 11, 3, 39, 35, 5]
Costo asociado: 163.277      Capacidad: 96.0

Ruta #2: [1, 12, 44, 27, 29, 8, 7, 42]
Costo asociado: 150.175      Capacidad: 100.0

Ruta #3: [1, 34, 49, 20, 4, 36, 2, 21]
Costo asociado: 197.51299999999998      Capacidad: 98.0

Ruta #4: [1, 19, 40, 30, 14]
Costo asociado: 103.39599999999999      Capacidad: 97.0

Ruta #5: [1, 43, 15, 33, 38, 32, 28]
Costo asociado: 163.848      Capacidad: 95.0

Ruta #6: [1, 22, 45, 10, 50, 26, 46, 51, 24, 16]
Costo asociado: 136.97199999999998      Capacidad: 99.0

Ruta #7: [1, 48, 23, 25, 31, 47, 13, 9]
Costo asociado: 289.403      Capacidad: 99.0

--> Costo total: 1179.496          Capacidad total: 684.0

+-+-+-+-+-+-+-+-+-+-+-+-+-+-+-+-+-+-+-+-+-+- Iteracion 164  +-+-+-+-+-+-+-+-+-+-+-+-+-+-+-+-+-+-+-+-+-+-

La solución anterior duró 0min 0seg    -------> Nuevo optimo local. Costo: 1179.496       ==> Optimo: 1032.0  Desvio: 16.7%
Lista tabu: [((17,18,7.81),1), ((39,35,6.325),1), ((3,39,2.236),1), ((37,41,2.828),2), ((11,3,12.042),2), ((18,11,2.0),2), ((11,37,8.062),1), ((45,10,4.243),3), ((16,1,59.464),3), ((24,16,0.0),3), ((16,45,5.657),2), ((50,26,8.062),4), ((24,16,0.0),4), ((51,24,0.0),4), ((24,50,7.0),3), ((27,29,1.414),5), ((8,7,6.083),5), ((8,27,3.0),4), ((45,10,4.243),6), ((51,24,0.0),6), ((46,51,1.0),6), ((45,51,5.657),5), ((22,45,1.0),7), ((16,1,59.464),7), ((24,16,0.0),7), ((16,22,5.0),6), ((45,10,4.243),8), ((51,24,0.0),8), ((46,51,1.0),8), ((45,51,5.657),7)]

+-+-+-+-+-+-+-+-+-+-+-+-+-+-+-+-+-+-+-+-+-+- Iteracion 267  +-+-+-+-+-+-+-+-+-+-+-+-+-+-+-+-+-+-+-+-+-+-


Ruta #1: [1, 6, 37, 41, 17, 18, 11, 3, 39, 35]
Costo asociado: 128.293      Capacidad: 91.0

