+-+-+-+-+-+-+-+-+-+-+-+-+-+-+ GRAFO CARGADO +-+-+-+-+-+-+-+-+-+-+-+-+-+-+-
        1         2         3         4         5         6         7         8         9         10        11        12        13        14        15        16        17        18        19        20        21        22
1     0         49.366    48.083    41.785    40.719    36.715    31.016    31.385    24.187    27.659    17.263    23.345    11.18    16.031    7.071    20.248    9.849    22.091    29.069    30.529    31.623    33.541    
2     49.366    0         8.544    23.259    25.942    20.809    18.682    24.166    26.571    30.463    32.14    40.224    47.265    54.626    56.223    57.489    58.856    71.113    72.18    78.16    79.101    82.873    
3     48.083    8.544    0         29.833    32.28    14.56    19.849    19.105    27.803    25.318    31.016    43.139    44.102    55.758    54.571    53.235    57.871    69.051    68.184    78.0    76.105    81.492    
4     41.785    23.259    29.833    0         2.828    33.734    17.889    33.242    19.209    37.59    28.425    23.087    45.222    40.012    48.703    57.201    49.244    63.325    69.836    65.008    73.389    72.56    
5     40.719    25.942    32.28    2.828    0         35.355    18.974    34.482    19.105    38.484    28.284    21.0    44.822    38.013    47.539    56.851    47.802    61.984    69.116    63.008    72.236    70.859    
6     36.715    20.809    14.56    33.734    35.355    0         17.029    5.385    22.472    11.0    21.213    38.484    30.806    47.381    42.544    39.013    46.53    56.321    54.009    67.231    62.514    69.289    
7     31.016    18.682    19.849    17.889    18.974    17.029    0         15.524    8.062    19.723    14.142    23.431    30.676    36.235    38.0    42.048    40.311    53.009    55.973    59.481    61.66    64.382    
8     31.385    24.166    19.105    33.242    34.482    5.385    15.524    0         19.235    6.325    16.401    34.785    25.495    42.521    37.162    34.132    41.183    50.961    49.092    61.911    57.315    63.906    
9     24.187    26.571    27.803    19.209    19.105    22.472    8.062    19.235    0         21.213    9.22    16.125    26.077    28.178    31.257    38.013    33.015    46.271    50.99    51.662    55.543    57.079    
10    27.659    30.463    25.318    37.59    38.484    11.0    19.723    6.325    21.213    0         15.524    35.355    20.248    40.497    32.757    28.018    37.202    45.88    43.012    58.009    51.624    59.093    
11    17.263    32.14    31.016    28.425    28.284    21.213    14.142    16.401    9.22    15.524    0         20.025    17.0    26.173    24.083    28.844    26.926    39.013    42.154    47.011    47.518    50.804    
12    23.345    40.224    43.139    23.087    21.0    38.484    23.431    34.785    16.125    35.355    20.025    0         31.305    17.029    29.206    42.72    28.178    42.485    52.345    42.012    53.339    50.22    
13    11.18    47.265    44.102    45.222    44.822    30.806    30.676    25.495    26.077    20.248    17.0    31.305    0         27.166    13.454    12.042    18.601    25.632    25.298    38.897    32.016    38.91    
14    16.031    54.626    55.758    40.012    38.013    47.381    36.235    42.521    28.178    40.497    26.173    17.029    27.166    0         18.028    35.511    14.422    27.659    40.817    25.0    38.949    33.526    
15    7.071    56.223    54.571    48.703    47.539    42.544    38.0    37.162    31.257    32.757    24.083    29.206    13.454    18.028    0         18.0    5.385    15.033    23.431    25.495    24.698    26.926    
16    20.248    57.489    53.235    57.201    56.851    39.013    42.048    34.132    38.013    28.018    28.844    42.72    12.042    35.511    18.0    0         23.087    22.672    15.0    39.825    24.698    36.069    
17    9.849    58.856    57.871    49.244    47.802    46.53    40.311    41.183    33.015    37.202    26.926    28.178    18.601    14.422    5.385    23.087    0         14.318    26.42    20.809    25.239    24.083    
18    22.091    71.113    69.051    63.325    61.984    56.321    53.009    50.961    46.271    45.88    39.013    42.485    25.632    27.659    15.033    22.672    14.318    0         17.0    18.439    11.314    13.601    
19    29.069    72.18    68.184    69.836    69.116    54.009    55.973    49.092    50.99    43.012    42.154    52.345    25.298    40.817    23.431    15.0    26.42    17.0    0         35.228    12.042    27.313    
20    30.529    78.16    78.0    65.008    63.008    67.231    59.481    61.911    51.662    58.009    47.011    42.012    38.897    25.0    25.495    39.825    20.809    18.439    35.228    0         26.306    12.207    
21    31.623    79.101    76.105    73.389    72.236    62.514    61.66    57.315    55.543    51.624    47.518    53.339    32.016    38.949    24.698    24.698    25.239    11.314    12.042    26.306    0         16.279    
22    33.541    82.873    81.492    72.56    70.859    69.289    64.382    63.906    57.079    59.093    50.804    50.22    38.91    33.526    26.926    36.069    24.083    13.601    27.313    12.207    16.279    0         


Demandas:
1: 0.0
2: 1100.0
3: 700.0
4: 800.0
5: 1400.0
6: 2100.0
7: 400.0
8: 800.0
9: 100.0
10: 500.0
11: 600.0
12: 1200.0
13: 1300.0
14: 1300.0
15: 300.0
16: 900.0
17: 2100.0
18: 1000.0
19: 900.0
20: 2500.0
21: 1800.0
22: 700.0
+-+-+-+-+-+-+-+-+-+-+-+-+-+-+-+ SOLUCION INICIAL +-+-+-+-+-+-+-+-+-+-+-+-+-+-+-+-

Ruta #1: [1, 15, 17, 18, 21, 22]
Costo asociado: 87.908      Capacidad: 5900.0

Ruta #2: [1, 13, 16, 19, 20, 9]
Costo asociado: 149.299      Capacidad: 5700.0

Ruta #3: [1, 14, 12, 11, 7, 8, 10, 3]
Costo asociado: 162.477      Capacidad: 5500.0

Ruta #4: [1, 6, 2, 4, 5]
Costo asociado: 124.33000000000001      Capacidad: 5400.0

--> Costo total: 524.014          Capacidad total: 22500.0

+-+-+-+-+-+-+-+-+-+-+-+-+-+-+-+-+-+-+- Iteracion 1  +-+-+-+-+-+-+-+-+-+-+-+-+-+-+-+-+-+-+-


Ruta #1: [1, 15, 17, 18, 21, 22]
Costo asociado: 87.908      Capacidad: 5900.0

Ruta #2: [1, 13, 16, 19, 20, 9]
Costo asociado: 149.299      Capacidad: 5700.0

Ruta #3: [1, 14, 12, 11, 7, 8, 10, 3]
Costo asociado: 162.477      Capacidad: 5500.0

Ruta #4: [1, 6, 2, 4, 5]
Costo asociado: 124.33000000000001      Capacidad: 5400.0

--> Costo total: 511.6410000000001          Capacidad total: 22500.0

+-+-+-+-+-+-+-+-+-+-+-+-+-+-+-+-+-+-+- Iteracion 1  +-+-+-+-+-+-+-+-+-+-+-+-+-+-+-+-+-+-+-

La solución anterior duró 0min 0seg    -------> Nuevo optimo local. Costo: 511.6410000000001
Lista tabu: []

+-+-+-+-+-+-+-+-+-+-+-+-+-+-+-+-+-+-+- Iteracion 4  +-+-+-+-+-+-+-+-+-+-+-+-+-+-+-+-+-+-+-


Ruta #1: [1, 15, 17, 18, 21, 22]
Costo asociado: 87.908      Capacidad: 5900.0

Ruta #2: [1, 13, 16, 19, 20, 9]
Costo asociado: 149.299      Capacidad: 5700.0

Ruta #3: [1, 14, 12, 11, 7, 3, 10, 8]
Costo asociado: 150.104      Capacidad: 5500.0

Ruta #4: [1, 6, 2, 4, 5]
Costo asociado: 124.33000000000001      Capacidad: 5400.0

--> Costo total: 468.894          Capacidad total: 22500.0

+-+-+-+-+-+-+-+-+-+-+-+-+-+-+-+-+-+-+- Iteracion 4  +-+-+-+-+-+-+-+-+-+-+-+-+-+-+-+-+-+-+-

La solución anterior duró 0min 0seg    -------> Nuevo optimo local. Costo: 468.894
Lista tabu: [((7,8,15.524),6), ((3,1,48.083),6), ((3,7,19.849),4), ((18,21,11.314),4), ((22,1,33.541),4), ((18,22,13.601),3), ((7,3,19.849),5), ((8,1,31.385),5), ((7,8,15.524),4)]

+-+-+-+-+-+-+-+-+-+-+-+-+-+-+-+-+-+-+- Iteracion 8  +-+-+-+-+-+-+-+-+-+-+-+-+-+-+-+-+-+-+-


Ruta #1: [1, 15, 17, 18, 21, 22]
Costo asociado: 87.908      Capacidad: 5900.0

Ruta #2: [1, 13, 16, 19, 20]
Costo asociado: 103.979      Capacidad: 5600.0

Ruta #3: [1, 14, 12, 11, 7, 3, 10, 8]
Costo asociado: 150.104      Capacidad: 5500.0

Ruta #4: [1, 6, 2, 4, 5, 9]
Costo asociado: 126.903      Capacidad: 5500.0

--> Costo total: 452.8330000000001          Capacidad total: 22500.0

+-+-+-+-+-+-+-+-+-+-+-+-+-+-+-+-+-+-+- Iteracion 8  +-+-+-+-+-+-+-+-+-+-+-+-+-+-+-+-+-+-+-

La solución anterior duró 0min 0seg    -------> Nuevo optimo local. Costo: 452.8330000000001
Lista tabu: [((7,8,15.524),2), ((3,1,48.083),2), ((7,3,19.849),1), ((8,1,31.385),1), ((5,1,40.719),5), ((20,9,51.662),5), ((5,9,19.105),3), ((11,7,14.142),3), ((10,8,6.325),3), ((10,11,15.524),2), ((11,7,14.142),4), ((10,8,6.325),4), ((10,11,15.524),3), ((1,15,7.071),5), ((17,18,14.318),5), ((1,17,9.849),4)]

+-+-+-+-+-+-+-+-+-+-+-+-+-+-+-+-+-+-+- Iteracion 10  +-+-+-+-+-+-+-+-+-+-+-+-+-+-+-+-+-+-+-


Ruta #1: [1, 15, 17, 18, 20]
Costo asociado: 75.742      Capacidad: 5900.0

Ruta #2: [1, 13, 16, 19, 21, 22]
Costo asociado: 100.084      Capacidad: 5600.0

Ruta #3: [1, 14, 12, 11, 7, 3, 10, 8]
Costo asociado: 150.104      Capacidad: 5500.0

Ruta #4: [1, 6, 2, 4, 5, 9]
Costo asociado: 126.903      Capacidad: 5500.0

--> Costo total: 436.158          Capacidad total: 22500.0

+-+-+-+-+-+-+-+-+-+-+-+-+-+-+-+-+-+-+- Iteracion 10  +-+-+-+-+-+-+-+-+-+-+-+-+-+-+-+-+-+-+-

La solución anterior duró 0min 0seg    -------> Nuevo optimo local. Costo: 436.158
Lista tabu: [((5,1,40.719),3), ((20,9,51.662),3), ((5,9,19.105),1), ((11,7,14.142),1), ((10,8,6.325),1), ((11,7,14.142),2), ((10,8,6.325),2), ((10,11,15.524),1), ((1,15,7.071),3), ((17,18,14.318),3), ((1,17,9.849),2), ((18,21,11.314),7), ((19,20,35.228),7), ((18,20,18.439),5), ((11,7,14.142),5), ((8,1,31.385),5), ((8,11,16.401),4)]

+-+-+-+-+-+-+-+-+-+-+-+-+-+-+-+-+-+-+- Iteracion 26  +-+-+-+-+-+-+-+-+-+-+-+-+-+-+-+-+-+-+-


Ruta #1: [1, 15, 17, 18, 20]
Costo asociado: 75.742      Capacidad: 5900.0

Ruta #2: [1, 13, 16, 19, 21, 22]
Costo asociado: 100.084      Capacidad: 5600.0

Ruta #3: [1, 14, 12, 11, 7, 4, 5, 9]
Costo asociado: 131.23600000000002      Capacidad: 5800.0

Ruta #4: [1, 6, 2, 3, 10, 8]
Costo asociado: 129.096      Capacidad: 5200.0

--> Costo total: 435.05400000000003          Capacidad total: 22500.0

+-+-+-+-+-+-+-+-+-+-+-+-+-+-+-+-+-+-+- Iteracion 26  +-+-+-+-+-+-+-+-+-+-+-+-+-+-+-+-+-+-+-

La solución anterior duró 0min 0seg    -------> Nuevo optimo local. Costo: 435.05400000000003
Lista tabu: [((18,20,18.439),1), ((19,21,12.042),1), ((15,17,5.385),2), ((18,20,18.439),2), ((15,18,15.033),1), ((18,20,18.439),3), ((19,21,12.042),3), ((18,21,11.314),2), ((15,17,5.385),4), ((18,20,18.439),4), ((15,18,15.033),3), ((1,14,16.031),5), ((11,7,14.142),5), ((1,11,17.263),4)]

+-+-+-+-+-+-+-+-+-+-+-+-+-+-+-+-+-+-+- Iteracion 46  +-+-+-+-+-+-+-+-+-+-+-+-+-+-+-+-+-+-+-


Ruta #1: [1, 15, 17, 18, 20]
Costo asociado: 75.742      Capacidad: 5900.0

Ruta #2: [1, 13, 16, 19, 21, 22]
Costo asociado: 100.084      Capacidad: 5600.0

Ruta #3: [1, 14, 12, 11, 7, 4, 5, 9]
Costo asociado: 131.23600000000002      Capacidad: 5800.0

Ruta #4: [1, 6, 3, 2, 10, 8]
Costo asociado: 127.99200000000002      Capacidad: 5200.0

--> Costo total: 424.2300000000001          Capacidad total: 22500.0

+-+-+-+-+-+-+-+-+-+-+-+-+-+-+-+-+-+-+- Iteracion 46  +-+-+-+-+-+-+-+-+-+-+-+-+-+-+-+-+-+-+-

La solución anterior duró 0min 0seg    -------> Nuevo optimo local. Costo: 424.2300000000001
Lista tabu: [((7,4,17.889),1), ((9,1,24.187),1), ((7,4,17.889),2), ((9,1,24.187),2), ((7,9,8.062),1), ((6,3,14.56),3), ((8,1,31.385),3), ((6,8,5.385),2), ((18,20,18.439),4), ((19,21,12.042),4), ((18,21,11.314),3), ((7,4,17.889),5), ((9,1,24.187),5), ((7,9,8.062),4)]

+-+-+-+-+-+-+-+-+-+-+-+-+-+-+-+-+-+-+- Iteracion 103  +-+-+-+-+-+-+-+-+-+-+-+-+-+-+-+-+-+-+-


Ruta #1: [1, 15, 17, 18, 20]
Costo asociado: 75.742      Capacidad: 5900.0

Ruta #2: [1, 13, 16, 19, 21, 22]
Costo asociado: 100.084      Capacidad: 5600.0

Ruta #3: [1, 14, 12, 9, 5, 4, 7, 11]
Costo asociado: 120.412      Capacidad: 5800.0

Ruta #4: [1, 6, 3, 2, 10, 8]
Costo asociado: 127.99200000000002      Capacidad: 5200.0

--> Costo total: 424.10900000000004          Capacidad total: 22500.0

+-+-+-+-+-+-+-+-+-+-+-+-+-+-+-+-+-+-+- Iteracion 103  +-+-+-+-+-+-+-+-+-+-+-+-+-+-+-+-+-+-+-

La solución anterior duró 0min 0seg    -------> Nuevo optimo local. Costo: 424.10900000000004
Lista tabu: [((6,3,14.56),1), ((10,8,6.325),1), ((2,10,30.463),1), ((15,17,5.385),2), ((18,20,18.439),2), ((15,18,15.033),1), ((9,5,19.105),3), ((11,1,17.263),3), ((7,11,14.142),3), ((9,11,9.22),2), ((4,7,17.889),4), ((7,11,14.142),4), ((10,8,6.325),4), ((7,8,15.524),3), ((1,15,7.071),5), ((17,18,14.318),5), ((1,17,9.849),4)]

+-+-+-+-+-+-+-+-+-+-+-+-+-+-+-+-+-+-+- Iteracion 173  +-+-+-+-+-+-+-+-+-+-+-+-+-+-+-+-+-+-+-


Ruta #1: [1, 15, 17, 18, 20]
Costo asociado: 75.742      Capacidad: 5900.0

Ruta #2: [1, 13, 16, 19, 21, 22]
Costo asociado: 100.084      Capacidad: 5600.0

Ruta #3: [1, 14, 12, 9, 5, 4, 7, 11]
Costo asociado: 120.412      Capacidad: 5800.0

Ruta #4: [1, 6, 8, 3, 2, 10]
Costo asociado: 127.87099999999998      Capacidad: 5200.0

--> Costo total: 411.227          Capacidad total: 22500.0

+-+-+-+-+-+-+-+-+-+-+-+-+-+-+-+-+-+-+- Iteracion 173  +-+-+-+-+-+-+-+-+-+-+-+-+-+-+-+-+-+-+-

La solución anterior duró 0min 0seg    -------> Nuevo optimo local. Costo: 411.227
Lista tabu: [((1,15,7.071),1), ((17,18,14.318),1), ((8,3,19.105),2), ((10,1,27.659),2), ((8,10,6.325),1), ((9,5,19.105),3), ((7,11,14.142),3), ((7,9,8.062),2), ((8,3,19.105),4), ((10,1,27.659),4), ((8,10,6.325),3), ((6,8,5.385),5), ((3,2,8.544),5), ((3,6,14.56),4)]

+-+-+-+-+-+-+-+-+-+-+-+-+-+-+-+-+-+-+- Iteracion 183  +-+-+-+-+-+-+-+-+-+-+-+-+-+-+-+-+-+-+-


Ruta #1: [1, 20, 22, 17, 15]
Costo asociado: 79.275      Capacidad: 5600.0

Ruta #2: [1, 18, 21, 19, 16, 13]
Costo asociado: 83.66900000000001      Capacidad: 5900.0

Ruta #3: [1, 14, 12, 9, 5, 4, 7, 11]
Costo asociado: 120.412      Capacidad: 5800.0

Ruta #4: [1, 6, 8, 3, 2, 10]
Costo asociado: 127.87099999999998      Capacidad: 5200.0

--> Costo total: 410.65700000000004          Capacidad total: 22500.0

+-+-+-+-+-+-+-+-+-+-+-+-+-+-+-+-+-+-+- Iteracion 183  +-+-+-+-+-+-+-+-+-+-+-+-+-+-+-+-+-+-+-

La solución anterior duró 0min 0seg    -------> Nuevo optimo local. Costo: 410.65700000000004
Lista tabu: [((6,8,5.385),1), ((8,3,19.105),1), ((2,10,30.463),1), ((10,1,27.659),1), ((8,3,19.105),2), ((3,2,8.544),2), ((1,11,17.263),2), ((11,7,14.142),2), ((8,11,16.401),1), ((9,5,19.105),3), ((7,11,14.142),3), ((7,9,8.062),2), ((9,5,19.105),4), ((7,11,14.142),4), ((7,9,8.062),3), ((21,19,12.042),5), ((19,16,15.0),5), ((20,22,12.207),5), ((22,17,24.083),5), ((21,22,16.279),4)]

Ruta #1: [1, 17, 22, 20, 15]
Costo asociado: 78.705      Capacidad: 5600.0

Ruta #2: [1, 18, 21, 19, 16, 13]
Costo asociado: 83.66900000000001      Capacidad: 5900.0

Ruta #3: [1, 14, 12, 9, 5, 4, 7, 11]
Costo asociado: 120.412      Capacidad: 5800.0

Ruta #4: [1, 6, 8, 3, 2, 10]
Costo asociado: 127.87099999999998      Capacidad: 5200.0

--> Costo total: 435.45400000000006          Capacidad total: 22500.0

+-+-+-+-+-+-+-+-+-+-+-+-+-+-+-+-+-+-+- Iteracion 289  +-+-+-+-+-+-+-+-+-+-+-+-+-+-+-+-+-+-+-


Ruta #1: [1, 17, 22, 20, 15]
Costo asociado: 78.705      Capacidad: 5600.0

Ruta #2: [1, 18, 21, 19, 16, 13]
Costo asociado: 83.66900000000001      Capacidad: 5900.0

Ruta #3: [1, 14, 12, 9, 5, 4, 7, 11]
Costo asociado: 120.412      Capacidad: 5800.0

Ruta #4: [1, 6, 8, 3, 2, 10]
Costo asociado: 127.87099999999998      Capacidad: 5200.0

--> Costo total: 433.611          Capacidad total: 22500.0

+-+-+-+-+-+-+-+-+-+-+-+-+-+-+-+-+-+-+- Iteracion 289  +-+-+-+-+-+-+-+-+-+-+-+-+-+-+-+-+-+-+-

Nuevo optimo. Costo: 433.611
Lista tabu: [((6,8,5.385),3), ((3,2,8.544),3), ((3,6,14.56),2), ((9,5,19.105),4), ((7,11,14.142),4), ((4,7,17.889),4), ((7,9,8.062),3), ((18,21,11.314),5), ((19,16,15.0),5), ((18,19,17.0),4)]

+-+-+-+-+-+-+-+-+-+-+-+-+-+-+-+-+-+-+- Iteracion 292  +-+-+-+-+-+-+-+-+-+-+-+-+-+-+-+-+-+-+-


Ruta #1: [1, 17, 22, 20, 15]
Costo asociado: 78.705      Capacidad: 5600.0

Ruta #2: [1, 18, 21, 19, 16, 13]
Costo asociado: 83.66900000000001      Capacidad: 5900.0

Ruta #3: [1, 14, 12, 9, 5, 4, 7, 11]
Costo asociado: 120.412      Capacidad: 5800.0

Ruta #4: [1, 6, 8, 3, 2, 10]
Costo asociado: 127.87099999999998      Capacidad: 5200.0

--> Costo total: 408.81399999999996          Capacidad total: 22500.0

+-+-+-+-+-+-+-+-+-+-+-+-+-+-+-+-+-+-+- Iteracion 292  +-+-+-+-+-+-+-+-+-+-+-+-+-+-+-+-+-+-+-

La solución anterior duró 0min 1seg    -------> Nuevo optimo local. Costo: 408.81399999999996
Lista tabu: [((9,5,19.105),1), ((7,11,14.142),1), ((4,7,17.889),1), ((18,21,11.314),2), ((19,16,15.0),2), ((18,19,17.0),1), ((17,22,24.083),6), ((20,15,25.495),6), ((17,20,20.809),4), ((17,20,20.809),4), ((15,1,7.071),4), ((22,15,26.926),4), ((15,17,5.385),3), ((9,5,19.105),5), ((7,11,14.142),5), ((4,7,17.889),5), ((7,9,8.062),4)]

Ruta #1: [1, 17, 20, 22, 15]
Costo asociado: 76.862      Capacidad: 5600.0

Ruta #2: [1, 18, 21, 19, 16, 13]
Costo asociado: 83.66900000000001      Capacidad: 5900.0

Ruta #3: [1, 14, 12, 9, 5, 4, 7, 11]
Costo asociado: 120.412      Capacidad: 5800.0

Ruta #4: [1, 6, 8, 3, 2, 10]
Costo asociado: 127.87099999999998      Capacidad: 5200.0

--> Costo total: 433.611          Capacidad total: 22500.0

+-+-+-+-+-+-+-+-+-+-+-+-+-+-+-+-+-+-+- Iteracion 399  +-+-+-+-+-+-+-+-+-+-+-+-+-+-+-+-+-+-+-


Ruta #1: [1, 17, 20, 22, 15]
Costo asociado: 76.862      Capacidad: 5600.0

Ruta #2: [1, 18, 21, 19, 16, 13]
Costo asociado: 83.66900000000001      Capacidad: 5900.0

Ruta #3: [1, 14, 12, 9, 5, 4, 7, 11]
Costo asociado: 120.412      Capacidad: 5800.0

Ruta #4: [1, 6, 8, 3, 2, 10]
Costo asociado: 127.87099999999998      Capacidad: 5200.0

--> Costo total: 398.912          Capacidad total: 22500.0

+-+-+-+-+-+-+-+-+-+-+-+-+-+-+-+-+-+-+- Iteracion 399  +-+-+-+-+-+-+-+-+-+-+-+-+-+-+-+-+-+-+-

La solución anterior duró 0min 1seg    -------> Nuevo optimo local. Costo: 398.912
Lista tabu: [((5,4,2.828),1), ((7,11,14.142),1), ((5,4,2.828),2), ((7,11,14.142),2), ((5,7,18.974),1), ((9,5,19.105),3), ((11,1,17.263),3), ((9,11,9.22),2), ((9,5,19.105),4), ((11,1,17.263),4), ((9,11,9.22),3), ((10,1,27.659),5), ((7,11,14.142),5), ((10,11,15.524),4)]

Ruta #1: [1, 17, 20, 22, 15]
Costo asociado: 76.862      Capacidad: 5600.0

Ruta #2: [1, 18, 21, 19, 16, 13]
Costo asociado: 83.66900000000001      Capacidad: 5900.0

Ruta #3: [1, 14, 12, 9, 5, 4, 7, 11]
Costo asociado: 120.412      Capacidad: 5800.0

Ruta #4: [1, 6, 3, 2, 8, 10]
Costo asociado: 117.969      Capacidad: 5200.0

--> Costo total: 450.47499999999997          Capacidad total: 22500.0

+-+-+-+-+-+-+-+-+-+-+-+-+-+-+-+-+-+-+- Iteracion 505  +-+-+-+-+-+-+-+-+-+-+-+-+-+-+-+-+-+-+-


Ruta #1: [1, 17, 20, 22, 15]
Costo asociado: 76.862      Capacidad: 5600.0

Ruta #2: [1, 18, 21, 19, 16, 13]
Costo asociado: 83.66900000000001      Capacidad: 5900.0

Ruta #3: [1, 14, 12, 9, 5, 4, 7, 11]
Costo asociado: 120.412      Capacidad: 5800.0

Ruta #4: [1, 6, 3, 2, 8, 10]
Costo asociado: 117.969      Capacidad: 5200.0

--> Costo total: 418.155          Capacidad total: 22500.0

+-+-+-+-+-+-+-+-+-+-+-+-+-+-+-+-+-+-+- Iteracion 505  +-+-+-+-+-+-+-+-+-+-+-+-+-+-+-+-+-+-+-

Nuevo optimo. Costo: 418.155
Lista tabu: [((6,3,14.56),3), ((3,2,8.544),3), ((8,10,6.325),3), ((10,1,27.659),3), ((6,10,11.0),2), ((7,11,14.142),4), ((11,1,17.263),4), ((6,10,11.0),4), ((10,2,30.463),4), ((7,10,19.723),3), ((12,9,16.125),5), ((9,5,19.105),5), ((7,11,14.142),5), ((11,1,17.263),5), ((11,12,20.025),4)]

+-+-+-+-+-+-+-+-+-+-+-+-+-+-+-+-+-+-+- Iteracion 513  +-+-+-+-+-+-+-+-+-+-+-+-+-+-+-+-+-+-+-


Ruta #1: [1, 17, 20, 22, 15]
Costo asociado: 76.862      Capacidad: 5600.0

Ruta #2: [1, 18, 21, 19, 16, 13]
Costo asociado: 83.66900000000001      Capacidad: 5900.0

Ruta #3: [1, 14, 12, 9, 5, 4, 7, 11]
Costo asociado: 120.412      Capacidad: 5800.0

Ruta #4: [1, 6, 3, 2, 8, 10]
Costo asociado: 117.969      Capacidad: 5200.0

--> Costo total: 408.935          Capacidad total: 22500.0

+-+-+-+-+-+-+-+-+-+-+-+-+-+-+-+-+-+-+- Iteracion 513  +-+-+-+-+-+-+-+-+-+-+-+-+-+-+-+-+-+-+-

Nuevo optimo. Costo: 408.935
Lista tabu: [((2,8,24.166),1), ((3,1,48.083),1), ((9,5,19.105),1), ((4,7,17.889),1), ((6,10,11.0),2), ((2,3,8.544),2), ((2,6,20.809),1), ((15,22,26.926),3), ((22,20,12.207),3), ((19,16,15.0),3), ((16,13,12.042),3), ((15,16,18.0),2), ((10,2,30.463),4), ((2,3,8.544),4), ((1,13,11.18),4), ((13,16,12.042),4), ((10,13,20.248),3), ((17,20,20.809),5), ((15,1,7.071),5), ((15,17,5.385),4)]

Ruta #1: [1, 17, 20, 22, 15]
Costo asociado: 76.862      Capacidad: 5600.0

Ruta #2: [1, 18, 21, 19, 16, 13]
Costo asociado: 83.66900000000001      Capacidad: 5900.0

Ruta #3: [1, 14, 12, 9, 5, 4, 7, 11]
Costo asociado: 120.412      Capacidad: 5800.0

Ruta #4: [1, 6, 3, 2, 8, 10]
Costo asociado: 117.969      Capacidad: 5200.0

--> Costo total: 439.36400000000003          Capacidad total: 22500.0

+-+-+-+-+-+-+-+-+-+-+-+-+-+-+-+-+-+-+- Iteracion 615  +-+-+-+-+-+-+-+-+-+-+-+-+-+-+-+-+-+-+-


Ruta #1: [1, 17, 20, 22, 15]
Costo asociado: 76.862      Capacidad: 5600.0

Ruta #2: [1, 18, 21, 19, 16, 13]
Costo asociado: 83.66900000000001      Capacidad: 5900.0

Ruta #3: [1, 14, 12, 9, 5, 4, 7, 11]
Costo asociado: 120.412      Capacidad: 5800.0

Ruta #4: [1, 6, 3, 2, 8, 10]
Costo asociado: 117.969      Capacidad: 5200.0

--> Costo total: 413.26000000000005          Capacidad total: 22500.0

+-+-+-+-+-+-+-+-+-+-+-+-+-+-+-+-+-+-+- Iteracion 615  +-+-+-+-+-+-+-+-+-+-+-+-+-+-+-+-+-+-+-

Nuevo optimo. Costo: 413.26000000000005
Lista tabu: [((5,4,2.828),5), ((7,11,14.142),5), ((5,7,18.974),4)]

+-+-+-+-+-+-+-+-+-+-+-+-+-+-+-+-+-+-+- Iteracion 618  +-+-+-+-+-+-+-+-+-+-+-+-+-+-+-+-+-+-+-


Ruta #1: [1, 17, 20, 22, 15]
Costo asociado: 76.862      Capacidad: 5600.0

Ruta #2: [1, 18, 21, 19, 16, 13]
Costo asociado: 83.66900000000001      Capacidad: 5900.0

Ruta #3: [1, 14, 12, 9, 5, 4, 7, 11]
Costo asociado: 120.412      Capacidad: 5800.0

Ruta #4: [1, 6, 3, 2, 8, 10]
Costo asociado: 117.969      Capacidad: 5200.0

--> Costo total: 413.139          Capacidad total: 22500.0

+-+-+-+-+-+-+-+-+-+-+-+-+-+-+-+-+-+-+- Iteracion 618  +-+-+-+-+-+-+-+-+-+-+-+-+-+-+-+-+-+-+-

Nuevo optimo. Costo: 413.139
Lista tabu: [((5,4,2.828),2), ((7,11,14.142),2), ((5,7,18.974),1), ((9,5,19.105),6), ((7,4,17.889),6), ((7,9,8.062),4), ((9,7,8.062),4), ((7,5,18.974),4), ((2,10,30.463),4), ((7,10,19.723),3), ((6,3,14.56),5), ((10,8,6.325),5), ((2,10,30.463),5), ((6,10,11.0),4)]

+-+-+-+-+-+-+-+-+-+-+-+-+-+-+-+-+-+-+- Iteracion 620  +-+-+-+-+-+-+-+-+-+-+-+-+-+-+-+-+-+-+-


Ruta #1: [1, 17, 20, 22, 15]
Costo asociado: 76.862      Capacidad: 5600.0

Ruta #2: [1, 18, 21, 19, 16, 13]
Costo asociado: 83.66900000000001      Capacidad: 5900.0

Ruta #3: [1, 14, 12, 9, 5, 4, 7, 11]
Costo asociado: 120.412      Capacidad: 5800.0

Ruta #4: [1, 6, 3, 2, 8, 10]
Costo asociado: 117.969      Capacidad: 5200.0

--> Costo total: 411.913          Capacidad total: 22500.0

+-+-+-+-+-+-+-+-+-+-+-+-+-+-+-+-+-+-+- Iteracion 620  +-+-+-+-+-+-+-+-+-+-+-+-+-+-+-+-+-+-+-

Nuevo optimo. Costo: 411.913
Lista tabu: [((9,5,19.105),4), ((7,4,17.889),4), ((7,9,8.062),2), ((9,7,8.062),2), ((7,5,18.974),2), ((2,10,30.463),2), ((7,10,19.723),1), ((6,3,14.56),3), ((10,8,6.325),3), ((2,10,30.463),3), ((6,10,11.0),2), ((6,3,14.56),7), ((8,1,31.385),7), ((10,8,6.325),7), ((6,8,5.385),5), ((8,3,19.105),5), ((10,1,27.659),5), ((2,10,30.463),5), ((8,10,6.325),4)]

+-+-+-+-+-+-+-+-+-+-+-+-+-+-+-+-+-+-+- Iteracion 673  +-+-+-+-+-+-+-+-+-+-+-+-+-+-+-+-+-+-+-


Ruta #1: [1, 17, 20, 22, 15]
Costo asociado: 76.862      Capacidad: 5600.0

Ruta #2: [1, 18, 21, 19, 16, 13]
Costo asociado: 83.66900000000001      Capacidad: 5900.0

Ruta #3: [1, 14, 12, 9, 5, 4, 7, 11]
Costo asociado: 120.412      Capacidad: 5800.0

Ruta #4: [1, 6, 3, 2, 8, 10]
Costo asociado: 117.969      Capacidad: 5200.0

--> Costo total: 408.81399999999996          Capacidad total: 22500.0

+-+-+-+-+-+-+-+-+-+-+-+-+-+-+-+-+-+-+- Iteracion 673  +-+-+-+-+-+-+-+-+-+-+-+-+-+-+-+-+-+-+-

Nuevo optimo. Costo: 408.81399999999996
Lista tabu: [((7,4,17.889),1), ((11,1,17.263),1), ((5,11,28.284),1), ((18,21,11.314),2), ((19,16,15.0),2), ((18,19,17.0),1), ((15,22,26.926),3), ((22,20,12.207),3), ((1,18,22.091),3), ((18,21,11.314),3), ((15,18,15.033),2), ((12,9,16.125),4), ((9,7,8.062),4), ((5,11,28.284),4), ((11,1,17.263),4), ((11,12,20.025),3), ((2,10,30.463),5), ((10,1,27.659),5), ((9,7,8.062),5), ((7,4,17.889),5), ((2,7,18.682),4)]

+-+-+-+-+-+-+-+-+-+-+-+-+-+-+-+-+-+-+- Iteracion 700  +-+-+-+-+-+-+-+-+-+-+-+-+-+-+-+-+-+-+-


Ruta #1: [1, 17, 20, 22, 15]
Costo asociado: 76.862      Capacidad: 5600.0

Ruta #2: [1, 18, 21, 19, 16, 13]
Costo asociado: 83.66900000000001      Capacidad: 5900.0

Ruta #3: [1, 14, 12, 9, 5, 4, 7, 11]
Costo asociado: 120.412      Capacidad: 5800.0

Ruta #4: [1, 6, 3, 2, 8, 10]
Costo asociado: 117.969      Capacidad: 5200.0

--> Costo total: 400.1          Capacidad total: 22500.0

+-+-+-+-+-+-+-+-+-+-+-+-+-+-+-+-+-+-+- Iteracion 700  +-+-+-+-+-+-+-+-+-+-+-+-+-+-+-+-+-+-+-

Nuevo optimo. Costo: 400.1
Lista tabu: [((6,8,5.385),1), ((8,3,19.105),1), ((2,10,30.463),1), ((10,1,27.659),1), ((5,4,2.828),2), ((7,11,14.142),2), ((5,7,18.974),1), ((1,18,22.091),3), ((18,21,11.314),3), ((19,16,15.0),3), ((16,13,12.042),3), ((1,16,20.248),2), ((7,11,14.142),4), ((11,1,17.263),4), ((1,10,27.659),4), ((10,2,30.463),4), ((7,10,19.723),3), ((2,10,30.463),5), ((10,1,27.659),5), ((4,7,17.889),5), ((7,11,14.142),5), ((2,7,18.682),4)]

+-+-+-+-+-+-+-+-+-+-+-+-+-+-+-+-+-+-+- Iteracion 724  +-+-+-+-+-+-+-+-+-+-+-+-+-+-+-+-+-+-+-


Ruta #1: [1, 17, 20, 22, 15]
Costo asociado: 76.862      Capacidad: 5600.0

Ruta #2: [1, 18, 21, 19, 16, 13]
Costo asociado: 83.66900000000001      Capacidad: 5900.0

Ruta #3: [1, 14, 12, 9, 5, 4, 7, 11]
Costo asociado: 120.412      Capacidad: 5800.0

Ruta #4: [1, 6, 3, 2, 8, 10]
Costo asociado: 117.969      Capacidad: 5200.0

--> Costo total: 398.912          Capacidad total: 22500.0

+-+-+-+-+-+-+-+-+-+-+-+-+-+-+-+-+-+-+- Iteracion 724  +-+-+-+-+-+-+-+-+-+-+-+-+-+-+-+-+-+-+-

Nuevo optimo. Costo: 398.912
Lista tabu: [((15,22,26.926),1), ((22,20,12.207),1), ((19,16,15.0),1), ((16,13,12.042),1), ((6,2,20.809),2), ((2,3,8.544),2), ((8,10,6.325),2), ((10,1,27.659),2), ((6,10,11.0),1), ((10,8,6.325),3), ((8,3,19.105),3), ((1,13,11.18),3), ((13,16,12.042),3), ((10,13,20.248),2), ((10,8,6.325),4), ((8,3,19.105),4), ((1,13,11.18),4), ((13,16,12.042),4), ((10,13,20.248),3), ((10,8,6.325),5), ((8,3,19.105),5), ((1,13,11.18),5), ((13,16,12.042),5), ((10,13,20.248),4)]

Ruta #1: [1, 17, 20, 22, 15]
Costo asociado: 76.862      Capacidad: 5600.0

Ruta #2: [1, 18, 21, 19, 16, 13]
Costo asociado: 83.66900000000001      Capacidad: 5900.0

Ruta #3: [1, 14, 12, 9, 5, 4, 7, 11]
Costo asociado: 120.412      Capacidad: 5800.0

Ruta #4: [1, 6, 3, 2, 8, 10]
Costo asociado: 117.969      Capacidad: 5200.0

--> Costo total: 424.22799999999995          Capacidad total: 22500.0

+-+-+-+-+-+-+-+-+-+-+-+-+-+-+-+-+-+-+- Iteracion 843  +-+-+-+-+-+-+-+-+-+-+-+-+-+-+-+-+-+-+-


Ruta #1: [1, 17, 20, 22, 15]
Costo asociado: 76.862      Capacidad: 5600.0

Ruta #2: [1, 18, 21, 19, 16, 13]
Costo asociado: 83.66900000000001      Capacidad: 5900.0

Ruta #3: [1, 14, 12, 9, 5, 4, 7, 11]
Costo asociado: 120.412      Capacidad: 5800.0

Ruta #4: [1, 6, 3, 2, 8, 10]
Costo asociado: 117.969      Capacidad: 5200.0

--> Costo total: 410.67400000000004          Capacidad total: 22500.0

+-+-+-+-+-+-+-+-+-+-+-+-+-+-+-+-+-+-+- Iteracion 843  +-+-+-+-+-+-+-+-+-+-+-+-+-+-+-+-+-+-+-

Nuevo optimo. Costo: 410.67400000000004
Lista tabu: [((4,7,17.889),4), ((7,11,14.142),4), ((8,10,6.325),4), ((7,10,19.723),3), ((6,3,14.56),5), ((10,1,27.659),5), ((7,10,19.723),5), ((6,10,11.0),4)]

+-+-+-+-+-+-+-+-+-+-+-+-+-+-+-+-+-+-+- Iteracion 848  +-+-+-+-+-+-+-+-+-+-+-+-+-+-+-+-+-+-+-


Ruta #1: [1, 17, 20, 22, 15]
Costo asociado: 76.862      Capacidad: 5600.0

Ruta #2: [1, 18, 21, 19, 16, 13]
Costo asociado: 83.66900000000001      Capacidad: 5900.0

Ruta #3: [1, 14, 12, 9, 5, 4, 7, 11]
Costo asociado: 120.412      Capacidad: 5800.0

Ruta #4: [1, 6, 3, 2, 8, 10]
Costo asociado: 117.969      Capacidad: 5200.0

--> Costo total: 405.346          Capacidad total: 22500.0

+-+-+-+-+-+-+-+-+-+-+-+-+-+-+-+-+-+-+- Iteracion 848  +-+-+-+-+-+-+-+-+-+-+-+-+-+-+-+-+-+-+-

Nuevo optimo. Costo: 405.346
Lista tabu: [((8,7,15.524),4), ((7,10,19.723),4), ((12,9,16.125),4), ((7,9,8.062),2), ((7,9,8.062),2), ((5,4,2.828),2), ((5,7,18.974),1), ((7,9,8.062),3), ((11,1,17.263),3), ((4,11,28.425),3), ((7,11,14.142),2), ((17,20,20.809),4), ((15,1,7.071),4), ((22,15,26.926),4), ((15,17,5.385),3), ((6,3,14.56),5), ((8,10,6.325),5), ((2,8,24.166),5), ((6,8,5.385),4)]

+-+-+-+-+-+-+-+-+-+-+-+-+-+-+-+-+-+-+- Iteracion 851  +-+-+-+-+-+-+-+-+-+-+-+-+-+-+-+-+-+-+-


Ruta #1: [1, 17, 20, 22, 15]
Costo asociado: 76.862      Capacidad: 5600.0

Ruta #2: [1, 18, 21, 19, 16, 13]
Costo asociado: 83.66900000000001      Capacidad: 5900.0

Ruta #3: [1, 14, 12, 9, 5, 4, 7, 11]
Costo asociado: 120.412      Capacidad: 5800.0

Ruta #4: [1, 6, 3, 2, 8, 10]
Costo asociado: 117.969      Capacidad: 5200.0

--> Costo total: 398.912          Capacidad total: 22500.0

+-+-+-+-+-+-+-+-+-+-+-+-+-+-+-+-+-+-+- Iteracion 851  +-+-+-+-+-+-+-+-+-+-+-+-+-+-+-+-+-+-+-

Nuevo optimo. Costo: 398.912
Lista tabu: [((8,7,15.524),1), ((7,10,19.723),1), ((12,9,16.125),1), ((17,20,20.809),1), ((15,1,7.071),1), ((22,15,26.926),1), ((6,3,14.56),2), ((8,10,6.325),2), ((2,8,24.166),2), ((6,8,5.385),1), ((12,7,23.431),6), ((7,9,8.062),6), ((2,8,24.166),6), ((7,8,15.524),4), ((1,18,22.091),4), ((16,13,12.042),4), ((19,16,15.0),4), ((1,16,20.248),3), ((12,9,16.125),5), ((11,1,17.263),5), ((4,11,28.425),5), ((11,12,20.025),4)]

Ruta #1: [1, 17, 20, 22, 15]
Costo asociado: 76.862      Capacidad: 5600.0

Ruta #2: [1, 18, 21, 19, 16, 13]
Costo asociado: 83.66900000000001      Capacidad: 5900.0

Ruta #3: [1, 14, 12, 9, 5, 4, 7, 11]
Costo asociado: 120.412      Capacidad: 5800.0

Ruta #4: [1, 6, 3, 2, 8, 10]
Costo asociado: 117.969      Capacidad: 5200.0

--> Costo total: 429.341          Capacidad total: 22500.0

+-+-+-+-+-+-+-+-+-+-+-+-+-+-+-+-+-+-+- Iteracion 972  +-+-+-+-+-+-+-+-+-+-+-+-+-+-+-+-+-+-+-


Ruta #1: [1, 17, 20, 22, 15]
Costo asociado: 76.862      Capacidad: 5600.0

Ruta #2: [1, 18, 21, 19, 16, 13]
Costo asociado: 83.66900000000001      Capacidad: 5900.0

Ruta #3: [1, 14, 12, 9, 5, 4, 7, 11]
Costo asociado: 120.412      Capacidad: 5800.0

Ruta #4: [1, 6, 3, 2, 8, 10]
Costo asociado: 117.969      Capacidad: 5200.0

--> Costo total: 403.237          Capacidad total: 22500.0

+-+-+-+-+-+-+-+-+-+-+-+-+-+-+-+-+-+-+- Iteracion 972  +-+-+-+-+-+-+-+-+-+-+-+-+-+-+-+-+-+-+-

Nuevo optimo. Costo: 403.237
Lista tabu: [((12,9,16.125),1), ((11,1,17.263),1), ((12,9,16.125),2), ((11,1,17.263),2), ((11,12,20.025),1), ((12,9,16.125),3), ((11,1,17.263),3), ((11,12,20.025),2), ((18,21,11.314),4), ((19,16,15.0),4), ((18,19,17.0),3), ((18,21,11.314),5), ((19,16,15.0),5), ((18,19,17.0),4)]

+-+-+-+-+-+-+-+-+-+-+-+-+-+-+-+-+-+-+- Iteracion 980  +-+-+-+-+-+-+-+-+-+-+-+-+-+-+-+-+-+-+-


Ruta #1: [1, 17, 20, 22, 15]
Costo asociado: 76.862      Capacidad: 5600.0

Ruta #2: [1, 18, 21, 19, 16, 13]
Costo asociado: 83.66900000000001      Capacidad: 5900.0

Ruta #3: [1, 14, 12, 9, 5, 4, 7, 11]
Costo asociado: 120.412      Capacidad: 5800.0

Ruta #4: [1, 6, 3, 2, 8, 10]
Costo asociado: 117.969      Capacidad: 5200.0

--> Costo total: 402.011          Capacidad total: 22500.0

+-+-+-+-+-+-+-+-+-+-+-+-+-+-+-+-+-+-+- Iteracion 980  +-+-+-+-+-+-+-+-+-+-+-+-+-+-+-+-+-+-+-

Nuevo optimo. Costo: 402.011
Lista tabu: [((9,5,19.105),1), ((7,4,17.889),1), ((9,7,8.062),1), ((5,4,2.828),1), ((6,3,14.56),2), ((10,1,27.659),2), ((6,10,11.0),1), ((18,21,11.314),3), ((19,16,15.0),3), ((18,19,17.0),2), ((12,9,16.125),4), ((11,1,17.263),4), ((11,12,20.025),3), ((3,2,8.544),5), ((8,10,6.325),5), ((3,8,19.105),4)]

+-+-+-+-+-+-+-+-+-+-+-+-+-+-+-+-+-+-+- Iteracion 984  +-+-+-+-+-+-+-+-+-+-+-+-+-+-+-+-+-+-+-


Ruta #1: [1, 17, 20, 22, 15]
Costo asociado: 76.862      Capacidad: 5600.0

Ruta #2: [1, 18, 21, 19, 16, 13]
Costo asociado: 83.66900000000001      Capacidad: 5900.0

Ruta #3: [1, 14, 12, 9, 5, 4, 7, 11]
Costo asociado: 120.412      Capacidad: 5800.0

Ruta #4: [1, 6, 3, 2, 8, 10]
Costo asociado: 117.969      Capacidad: 5200.0

--> Costo total: 398.912          Capacidad total: 22500.0

+-+-+-+-+-+-+-+-+-+-+-+-+-+-+-+-+-+-+- Iteracion 984  +-+-+-+-+-+-+-+-+-+-+-+-+-+-+-+-+-+-+-

Nuevo optimo. Costo: 398.912
Lista tabu: [((3,2,8.544),1), ((8,10,6.325),1), ((7,5,18.974),5), ((4,11,28.425),5), ((4,7,17.889),3), ((6,3,14.56),3), ((9,7,8.062),3), ((6,7,17.029),2), ((10,1,27.659),4), ((5,11,28.284),4), ((10,11,15.524),3), ((1,18,22.091),5), ((16,13,12.042),5), ((1,16,20.248),4)]

Ruta #1: [1, 17, 20, 22, 15]
Costo asociado: 76.862      Capacidad: 5600.0

Ruta #2: [1, 18, 21, 19, 16, 13]
Costo asociado: 83.66900000000001      Capacidad: 5900.0

Ruta #3: [1, 14, 12, 9, 5, 4, 7, 11]
Costo asociado: 120.412      Capacidad: 5800.0

Ruta #4: [1, 6, 3, 2, 8, 10]
Costo asociado: 117.969      Capacidad: 5200.0

--> Costo total: 431.589          Capacidad total: 22500.0

+-+-+-+-+-+-+-+-+-+-+-+-+-+-+-+-+-+-+- Iteracion 1091  +-+-+-+-+-+-+-+-+-+-+-+-+-+-+-+-+-+-+-


Ruta #1: [1, 17, 20, 22, 15]
Costo asociado: 76.862      Capacidad: 5600.0

Ruta #2: [1, 18, 21, 19, 16, 13]
Costo asociado: 83.66900000000001      Capacidad: 5900.0

Ruta #3: [1, 14, 12, 9, 5, 4, 7, 11]
Costo asociado: 120.412      Capacidad: 5800.0

Ruta #4: [1, 6, 3, 2, 8, 10]
Costo asociado: 117.969      Capacidad: 5200.0

--> Costo total: 412.738          Capacidad total: 22500.0

+-+-+-+-+-+-+-+-+-+-+-+-+-+-+-+-+-+-+- Iteracion 1091  +-+-+-+-+-+-+-+-+-+-+-+-+-+-+-+-+-+-+-

Nuevo optimo. Costo: 412.738
Lista tabu: [((18,21,11.314),1), ((19,16,15.0),1), ((7,4,17.889),2), ((5,9,19.105),2), ((5,7,18.974),1), ((7,4,17.889),3), ((5,9,19.105),3), ((5,7,18.974),2), ((7,4,17.889),4), ((5,9,19.105),4), ((5,7,18.974),3), ((7,4,17.889),5), ((4,5,2.828),5), ((10,11,15.524),5), ((11,2,32.14),5), ((7,11,14.142),4)]

+-+-+-+-+-+-+-+-+-+-+-+-+-+-+-+-+-+-+- Iteracion 1092  +-+-+-+-+-+-+-+-+-+-+-+-+-+-+-+-+-+-+-


Ruta #1: [1, 17, 20, 22, 15]
Costo asociado: 76.862      Capacidad: 5600.0

Ruta #2: [1, 18, 21, 19, 16, 13]
Costo asociado: 83.66900000000001      Capacidad: 5900.0

Ruta #3: [1, 14, 12, 9, 5, 4, 7, 11]
Costo asociado: 120.412      Capacidad: 5800.0

Ruta #4: [1, 6, 3, 2, 8, 10]
Costo asociado: 117.969      Capacidad: 5200.0

--> Costo total: 409.873          Capacidad total: 22500.0

+-+-+-+-+-+-+-+-+-+-+-+-+-+-+-+-+-+-+- Iteracion 1092  +-+-+-+-+-+-+-+-+-+-+-+-+-+-+-+-+-+-+-

Nuevo optimo. Costo: 409.873
Lista tabu: [((7,4,17.889),1), ((5,9,19.105),1), ((7,4,17.889),2), ((5,9,19.105),2), ((5,7,18.974),1), ((7,4,17.889),3), ((5,9,19.105),3), ((5,7,18.974),2), ((7,4,17.889),4), ((4,5,2.828),4), ((10,11,15.524),4), ((11,2,32.14),4), ((7,11,14.142),3), ((10,11,15.524),8), ((11,2,32.14),8), ((3,6,14.56),8), ((6,1,36.715),8), ((6,10,11.0),6)]

+-+-+-+-+-+-+-+-+-+-+-+-+-+-+-+-+-+-+- Iteracion 1093  +-+-+-+-+-+-+-+-+-+-+-+-+-+-+-+-+-+-+-


Ruta #1: [1, 17, 20, 22, 15]
Costo asociado: 76.862      Capacidad: 5600.0

Ruta #2: [1, 18, 21, 19, 16, 13]
Costo asociado: 83.66900000000001      Capacidad: 5900.0

Ruta #3: [1, 14, 12, 9, 5, 4, 7, 11]
Costo asociado: 120.412      Capacidad: 5800.0

Ruta #4: [1, 6, 3, 2, 8, 10]
Costo asociado: 117.969      Capacidad: 5200.0

--> Costo total: 407.89          Capacidad total: 22500.0

+-+-+-+-+-+-+-+-+-+-+-+-+-+-+-+-+-+-+- Iteracion 1093  +-+-+-+-+-+-+-+-+-+-+-+-+-+-+-+-+-+-+-

Nuevo optimo. Costo: 407.89
Lista tabu: [((7,4,17.889),1), ((5,9,19.105),1), ((7,4,17.889),2), ((5,9,19.105),2), ((5,7,18.974),1), ((7,4,17.889),3), ((4,5,2.828),3), ((10,11,15.524),3), ((11,2,32.14),3), ((7,11,14.142),2), ((10,11,15.524),7), ((11,2,32.14),7), ((3,6,14.56),7), ((6,1,36.715),7), ((6,10,11.0),5), ((7,4,17.889),8), ((9,12,16.125),8), ((7,9,8.062),6)]

+-+-+-+-+-+-+-+-+-+-+-+-+-+-+-+-+-+-+- Iteracion 1094  +-+-+-+-+-+-+-+-+-+-+-+-+-+-+-+-+-+-+-


Ruta #1: [1, 17, 20, 22, 15]
Costo asociado: 76.862      Capacidad: 5600.0

Ruta #2: [1, 18, 21, 19, 16, 13]
Costo asociado: 83.66900000000001      Capacidad: 5900.0

Ruta #3: [1, 14, 12, 9, 5, 4, 7, 11]
Costo asociado: 120.412      Capacidad: 5800.0

Ruta #4: [1, 6, 3, 2, 8, 10]
Costo asociado: 117.969      Capacidad: 5200.0

--> Costo total: 394.59700000000004          Capacidad total: 22500.0

+-+-+-+-+-+-+-+-+-+-+-+-+-+-+-+-+-+-+- Iteracion 1094  +-+-+-+-+-+-+-+-+-+-+-+-+-+-+-+-+-+-+-

La solución anterior duró 0min 11seg    -------> Nuevo optimo local. Costo: 394.59700000000004
Lista tabu: [((7,4,17.889),1), ((5,9,19.105),1), ((7,4,17.889),2), ((4,5,2.828),2), ((10,11,15.524),2), ((11,2,32.14),2), ((7,11,14.142),1), ((10,11,15.524),6), ((11,2,32.14),6), ((3,6,14.56),6), ((6,1,36.715),6), ((6,10,11.0),4), ((7,4,17.889),7), ((9,12,16.125),7), ((7,9,8.062),5), ((9,5,19.105),8), ((4,12,23.087),8), ((4,9,19.209),6)]

+-+-+-+-+-+-+-+-+-+-+-+-+-+-+-+-+-+-+- Iteracion 1099  +-+-+-+-+-+-+-+-+-+-+-+-+-+-+-+-+-+-+-


Ruta #1: [1, 17, 20, 22, 15]
Costo asociado: 76.862      Capacidad: 5600.0

Ruta #2: [1, 18, 21, 19, 16, 13]
Costo asociado: 83.66900000000001      Capacidad: 5900.0

Ruta #3: [1, 11, 7, 9, 4, 5, 12, 14]
Costo asociado: 115.564      Capacidad: 5800.0

Ruta #4: [1, 10, 6, 2, 3, 8]
Costo asociado: 118.50200000000001      Capacidad: 5200.0

--> Costo total: 393.40900000000005          Capacidad total: 22500.0

+-+-+-+-+-+-+-+-+-+-+-+-+-+-+-+-+-+-+- Iteracion 1099  +-+-+-+-+-+-+-+-+-+-+-+-+-+-+-+-+-+-+-

La solución anterior duró 0min 0seg    -------> Nuevo optimo local. Costo: 393.40900000000005
Lista tabu: [((10,11,15.524),1), ((11,2,32.14),1), ((3,6,14.56),1), ((6,1,36.715),1), ((7,4,17.889),2), ((9,12,16.125),2), ((9,5,19.105),3), ((4,12,23.087),3), ((4,9,19.209),1), ((3,11,31.016),4), ((11,1,17.263),4), ((1,8,31.385),4), ((8,7,15.524),4), ((3,8,19.105),2), ((15,22,26.926),2), ((22,20,12.207),2), ((1,18,22.091),2), ((18,21,11.314),2), ((15,18,15.033),1), ((15,22,26.926),3), ((22,20,12.207),3), ((1,18,22.091),3), ((18,21,11.314),3), ((15,18,15.033),2), ((17,20,20.809),4), ((15,1,7.071),4), ((15,17,5.385),3), ((6,2,20.809),5), ((8,1,31.385),5), ((6,8,5.385),4)]

+-+-+-+-+-+-+-+-+-+-+-+-+-+-+-+-+-+-+- Iteracion 1102  +-+-+-+-+-+-+-+-+-+-+-+-+-+-+-+-+-+-+-


Ruta #1: [1, 17, 20, 22, 15]
Costo asociado: 76.862      Capacidad: 5600.0

Ruta #2: [1, 18, 21, 19, 16, 13]
Costo asociado: 83.66900000000001      Capacidad: 5900.0

Ruta #3: [1, 11, 7, 9, 4, 5, 12, 14]
Costo asociado: 115.564      Capacidad: 5800.0

Ruta #4: [1, 10, 6, 3, 2, 8]
Costo asociado: 117.31400000000001      Capacidad: 5200.0

--> Costo total: 387.16700000000003          Capacidad total: 22500.0

+-+-+-+-+-+-+-+-+-+-+-+-+-+-+-+-+-+-+- Iteracion 1102  +-+-+-+-+-+-+-+-+-+-+-+-+-+-+-+-+-+-+-

La solución anterior duró 0min 0seg    -------> Nuevo optimo local. Costo: 387.16700000000003
Lista tabu: [((3,11,31.016),1), ((11,1,17.263),1), ((1,8,31.385),1), ((8,7,15.524),1), ((17,20,20.809),1), ((15,1,7.071),1), ((6,2,20.809),2), ((8,1,31.385),2), ((6,8,5.385),1), ((6,2,20.809),6), ((3,8,19.105),6), ((3,6,14.56),4), ((10,6,11.0),4), ((6,3,14.56),4), ((2,8,24.166),4), ((8,1,31.385),4), ((8,10,6.325),3), ((10,6,11.0),5), ((6,3,14.56),5), ((2,8,24.166),5), ((8,1,31.385),5), ((8,10,6.325),4)]

+-+-+-+-+-+-+-+-+-+-+-+-+-+-+-+-+-+-+- Iteracion 1204  +-+-+-+-+-+-+-+-+-+-+-+-+-+-+-+-+-+-+-


Ruta #1: [1, 17, 20, 22, 15]
Costo asociado: 76.862      Capacidad: 5600.0

Ruta #2: [1, 18, 21, 19, 16, 13]
Costo asociado: 83.66900000000001      Capacidad: 5900.0

Ruta #3: [1, 11, 9, 7, 4, 5, 12, 14]
Costo asociado: 109.322      Capacidad: 5800.0

Ruta #4: [1, 10, 6, 3, 2, 8]
Costo asociado: 117.31400000000001      Capacidad: 5200.0

--> Costo total: 381.692          Capacidad total: 22500.0

+-+-+-+-+-+-+-+-+-+-+-+-+-+-+-+-+-+-+- Iteracion 1204  +-+-+-+-+-+-+-+-+-+-+-+-+-+-+-+-+-+-+-

La solución anterior duró 0min 1seg    -------> Nuevo optimo local. Costo: 381.692
Lista tabu: [((6,3,14.56),5), ((8,1,31.385),5), ((2,8,24.166),5), ((6,8,5.385),4)]

