+-+-+-+-+-+-+-+-+-+-+-+-+-+-+ GRAFO CARGADO +-+-+-+-+-+-+-+-+-+-+-+-+-+-+-
        1         2         3         4         5         6         7         8         9         10        11        12        13        14        15        16        17        18        19        20        21        22        23        24        25        26        27        28        29        30        31        32        33        34        35        36        37        38        39        40        41        42        43        44        45        46        47        48        49        50        51        52        53        54        55        56        57        58        59        60        61        62        63
1     0         63.063    76.158    62.817    20.881    45.122    93.6    40.311    81.394    79.85    35.511    61.612    81.86    24.839    54.231    34.366    54.489    15.811    39.205    54.562    14.866    43.267    57.14    48.877    42.379    25.962    24.207    85.703    29.682    25.807    15.0    35.0    48.021    82.765    63.063    84.386    6.708    57.315    24.083    61.008    23.707    68.308    73.055    28.018    52.173    59.008    54.918    55.902    5.099    40.311    20.881    51.01    9.055    44.011    46.755    72.801    26.401    41.677    56.143    34.986    56.4    44.407    20.616    
2     63.063    0         16.643    31.0    81.615    31.064    42.379    45.188    39.013    19.105    46.755    86.954    23.022    80.0    12.083    29.155    29.698    56.009    29.732    41.761    71.176    42.059    70.214    44.407    52.773    37.108    80.006    41.11    77.524    40.012    77.666    63.891    89.56    64.475    89.185    39.115    69.642    34.059    86.145    15.0    40.311    6.403    40.792    86.313    80.056    15.133    43.139    81.006    67.683    23.707    67.119    71.197    66.851    20.0    35.511    67.801    40.0    84.404    69.635    46.011    39.623    40.311    66.121    
3     76.158    16.643    0         45.891    93.145    47.707    26.476    50.249    26.926    4.0    63.253    89.196    6.403    90.094    21.932    43.829    30.806    66.708    46.011    57.94    82.225    46.39    71.309    46.573    56.886    50.537    90.255    27.659    86.145    51.245    90.139    70.178    95.635    57.009    91.417    25.71    82.855    33.242    98.082    30.364    52.555    10.296    54.009    101.02    83.678    31.016    43.081    83.815    80.411    39.051    76.655    74.041    81.006    32.202    39.319    64.031    50.961    91.198    70.937    62.482    39.0    44.407    75.664    
4     62.817    31.0    45.891    0         83.678    17.72    72.367    64.661    70.007    46.84    31.257    106.066    51.662    85.796    37.643    33.601    56.08    63.53    24.597    15.0    75.611    63.008    91.831    67.417    72.346    42.19    85.44    72.062    86.77    50.0    77.466    78.873    102.626    93.68    108.19    70.064    68.066    61.098    86.683    16.0    47.707    36.222    12.042    77.414    97.673    16.125    68.425    99.705    67.912    29.0    75.591    90.554    62.29    36.892    58.31    94.372    50.606    96.566    91.049    31.145    65.795    61.855    74.706    
5     20.881    81.615    93.145    83.678    0         65.97    107.355    49.406    93.814    97.015    55.902    54.332    98.372    10.05    71.589    54.009    67.535    26.571    59.841    75.24    11.18    53.254    56.365    57.628    48.083    45.011    9.055    98.27    19.416    41.976    7.81    35.228    35.355    88.238    55.145    97.247    16.643    69.116    5.657    81.154    41.304    86.313    93.92    29.275    45.891    79.158    64.031    50.01    15.811    60.008    19.799    48.847    24.207    61.814    58.669    75.472    42.202    30.017    55.462    55.462    66.611    54.918    20.518    
6     45.122    31.064    47.707    17.72    65.97    0         72.918    51.0    66.94    50.0    16.643    90.907    54.083    68.154    31.575    18.028    47.17    46.325    7.81    14.866    57.94    50.16    78.032    55.362    58.31    25.495    67.779    69.921    69.462    33.971    59.841    62.936    85.802    85.475    92.957    68.007    50.488    52.24    69.051    20.248    31.145    37.443    28.653    61.392    82.134    18.601    57.723    84.504    50.22    15.524    58.31    75.802    45.011    26.173    46.84    83.522    34.713    79.63    77.175    16.125    55.902    49.396    57.454    
7     93.6    42.379    26.476    72.367    107.355    72.918    0         58.873    15.033    26.019    87.464    89.09    21.024    102.157    43.012    65.437    39.825    81.123    69.971    84.119    96.177    54.781    71.007    51.923    63.063    70.007    102.552    11.045    96.135    67.801    106.0    77.885    101.119    44.283    91.137    11.045    100.21    38.626    112.77    56.754    70.292    36.401    80.225    120.507    86.145    57.28    46.098    85.006    97.082    61.855    88.64    76.164    100.005    52.498    48.754    56.754    67.201    98.061    71.0    86.608    42.45    52.924    87.727    
8     40.311    45.188    50.249    64.661    49.406    51.0    58.873    0         44.721    54.231    54.918    42.202    54.0    43.382    33.106    33.106    20.1    25.0    43.382    65.742    38.419    4.123    27.203    8.602    7.81    28.443    43.829    49.193    37.363    20.025    49.497    20.0    45.398    42.72    44.407    48.332    46.043    20.248    55.0    53.263    24.021    47.127    76.694    68.264    34.886    51.74    14.866    36.056    42.202    36.056    30.017    26.401    48.754    28.32    11.0    35.0    19.026    41.012    26.401    53.935    17.205    6.083    29.155    
9     81.394    39.013    26.926    70.007    93.814    66.94    15.033    44.721    0         28.653    79.85    74.169    24.413    88.102    35.44    56.356    26.907    68.007    62.626    79.762    82.68    40.706    56.036    37.336    48.384    59.405    88.549    4.472    81.707    55.866    93.005    63.246    86.145    32.016    76.236    4.0    87.864    24.698    99.323    54.009    58.796    34.366    79.511    108.904    71.113    54.009    31.321    70.0    84.504    53.852    74.706    61.131    88.414    43.382    35.228    42.72    55.154    83.199    56.009    78.924    27.857    38.949    73.824    
10    79.85    19.105    4.0    46.84    97.015    50.0    26.019    54.231    28.653    0         65.856    92.973    5.0    94.048    25.632    47.17    34.713    70.612    48.795    59.506    86.122    50.359    75.027    50.448    60.828    54.129    94.202    28.792    90.139    55.082    93.92    74.169    99.609    59.548    95.189    26.926    86.539    37.0    101.922    31.78    56.303    12.728    54.231    104.446    87.556    32.65    46.819    87.641    84.155    42.202    80.623    77.885    84.534    35.847    43.29    67.201    54.818    95.189    74.673    65.115    42.72    48.374    79.63    
11    35.511    46.755    63.253    31.257    55.902    16.643    87.464    54.918    79.85    65.856    0         90.427    69.656    60.216    44.721    24.331    56.886    42.202    17.493    19.647    50.0    55.326    80.324    61.205    61.131    26.476    59.641    83.259    63.655    35.171    48.847    61.774    81.394    94.133    92.282    81.437    39.395    61.66    57.94    36.892    31.321    53.151    39.319    46.174    81.123    35.228    65.0    84.119    40.311    26.0    53.075    76.557    32.573    36.688    54.009    89.56    36.139    75.007    79.379    1.0    64.125    55.145    52.402    
12    61.612    86.954    89.196    106.066    54.332    90.907    89.09    42.202    74.169    92.973    90.427    0         91.482    44.283    74.947    73.0    58.694    48.847    83.096    105.0    49.163    44.944    18.248    42.953    34.409    65.803    45.277    78.058    35.057    57.009    60.008    28.653    21.954    51.245    2.236    78.16    63.506    55.973    58.856    95.425    60.216    88.102    118.089    83.024    9.487    93.862    46.174    6.403    59.682    77.078    40.792    15.811    70.214    70.434    51.478    35.44    56.223    25.0    18.439    89.554    50.289    46.648    41.0    
13    81.86    23.022    6.403    51.662    98.372    54.083    21.024    54.0    24.413    5.0    69.656    91.482    0         94.921    27.785    50.0    34.059    71.84    52.402    64.078    87.361    50.01    73.376    49.497    60.208    56.436    95.126    24.166    90.554    56.648    95.635    74.0    99.182    55.866    93.68    22.361    88.566    35.693    103.407    36.401    58.181    16.643    59.211    107.07    86.493    37.162    45.354    86.348    86.006    45.343    81.394    76.688    86.954    38.079    43.0    64.351    56.303    95.005    73.082    68.884    41.231    48.01    80.411    
14    24.839    80.0    90.094    85.796    10.05    68.154    102.157    43.382    88.102    94.048    60.216    44.283    94.921    0         69.181    54.129    62.626    24.021    61.351    78.892    10.296    47.424    47.011    51.108    40.804    44.911    1.0    92.574    9.487    40.012    16.492    26.87    25.71    79.981    45.1    91.706    23.022    63.561    14.866    81.394    40.311    84.149    96.664    39.115    35.903    79.429    57.454    40.025    20.518    60.017    13.601    39.357    30.806    60.0    53.488    66.611    40.0    20.1    46.141    59.641    60.415    49.244    14.56    
15    54.231    12.083    21.932    37.643    71.589    31.575    43.012    33.106    35.44    25.632    44.721    74.947    27.785    69.181    0         22.627    18.868    45.398    27.313    45.011    60.828    30.017    58.412    32.65    40.706    28.653    69.26    38.626    66.121    29.614    68.308    51.923    77.621    56.045    77.175    36.77    60.926    23.707    76.4    22.825    30.676    15.0    48.847    79.322    67.978    21.932    32.016    68.964    58.523    18.868    56.009    59.169    59.169    10.296    23.601    57.454    29.428    72.567    57.801    43.829    28.844    28.302    55.009    
16    34.366    29.155    43.829    33.601    54.009    18.028    65.437    33.106    56.356    47.17    24.331    73.0    50.0    54.129    22.627    0         32.558    30.676    10.296    32.65    44.407    32.573    60.033    38.079    40.311    9.22    53.935    60.033    53.852    16.401    49.254    45.343    69.116    70.007    75.073    58.31    40.792    37.336    58.078    27.295    14.318    34.886    45.453    57.306    64.351    25.318    41.195    66.603    39.205    6.0    42.72    57.801    37.696    13.038    30.15    66.491    17.029    63.135    59.169    23.345    40.0    32.016    41.785    
17    54.489    29.698    30.806    56.08    67.535    47.17    39.825    20.1    26.907    34.713    56.886    58.694    34.059    62.626    18.868    32.558    0         41.34    41.012    61.66    56.356    16.031    41.183    15.811    26.173    33.541    62.968    31.241    57.271    29.069    66.287    40.05    65.123    38.328    60.926    30.0    60.959    5.099    72.945    41.677    32.202    29.682    67.543    82.073    52.887    40.706    13.454    53.141    57.628    32.0    49.041    43.324    61.62    21.024    9.22    38.588    28.32    61.008    40.706    55.902    10.0    14.036    48.104    
18    15.811    56.009    66.708    63.53    26.571    46.325    81.123    25.0    68.007    70.612    42.202    48.847    71.84    24.021    45.398    30.676    41.34    0         38.949    58.796    15.524    28.32    42.012    33.601    26.571    21.541    24.0    72.422    23.259    16.0    25.0    20.616    39.699    67.082    50.567    71.281    21.095    43.417    31.78    57.723    16.492    60.299    74.947    43.417    39.395    55.785    39.825    42.72    17.205    36.401    12.083    36.497    24.739    36.014    32.802    57.009    16.031    33.422    41.012    41.4    41.725    29.698    11.18    
19    39.205    29.732    46.011    24.597    59.841    7.81    69.971    43.382    62.626    48.795    17.493    83.096    52.402    61.351    27.313    10.296    41.012    38.949    0         22.361    51.245    42.72    70.328    48.083    50.606    17.804    61.033    65.924    62.177    26.173    54.148    55.154    78.237    79.101    85.147    64.078    45.011    46.0    63.285    22.561    23.431    36.069    36.056    58.189    74.33    20.616    50.804    76.694    44.283    9.055    51.0    68.007    40.311    20.1    39.812    76.4    26.907    72.111    69.462    16.643    49.254    42.059    50.12    
20    54.562    41.761    57.94    15.0    75.24    14.866    84.119    65.742    79.762    59.506    19.647    105.0    64.078    78.892    45.011    32.65    61.66    58.796    22.361    0         68.6    65.0    92.661    70.228    72.945    39.205    78.39    82.377    81.4    48.01    68.352    76.694    98.494    99.985    107.005    80.411    58.873    66.753    77.492    27.731    44.822    47.76    20.0    65.008    96.047    26.926    72.533    98.6    59.506    30.364    70.434    90.139    52.202    40.792    61.685    98.372    48.826    92.195    91.788    19.925    70.612    64.257    69.656    
21    14.866    71.176    82.225    75.611    11.18    57.94    96.177    38.419    82.68    86.122    50.0    49.163    87.361    10.296    60.828    44.407    56.356    15.524    51.245    68.6    0         42.202    48.083    46.755    37.643    35.228    9.849    87.132    15.232    31.257    12.083    26.0    33.541    78.237    50.359    86.093    14.56    57.983    16.643    71.701    31.0    75.664    86.406    34.525    40.012    69.721    53.151    44.0    11.18    50.359    9.849    41.0    21.932    51.245    47.508    66.189    31.401    27.313    47.127    49.406    55.606    43.829    10.296    
22    43.267    42.059    46.39    63.008    53.254    50.16    54.781    4.123    40.706    50.359    55.326    44.944    50.01    47.424    30.017    32.573    16.031    28.32    42.72    65.0    42.202    0         29.0    6.083    10.77    29.017    47.854    45.177    41.485    21.213    53.075    24.021    49.254    40.522    47.17    44.283    49.204    16.155    58.822    50.931    25.179    43.658    75.0    71.281    38.079    49.497    11.662    38.949    45.453    34.886    34.0    29.155    51.478    26.249    7.071    34.234    20.224    45.0    28.284    54.332    13.454    2.0    33.121    
23    57.14    70.214    71.309    91.831    56.365    78.032    71.007    27.203    56.036    75.027    80.324    18.248    73.376    47.011    58.412    60.033    41.183    42.012    70.328    92.661    48.083    29.0    0         25.807    19.723    54.231    47.885    60.0    37.736    45.31    60.083    22.361    33.121    35.847    20.396    60.033    60.828    38.079    61.717    79.906    49.041    70.831    103.856    82.462    16.155    78.492    28.231    14.142    56.719    63.246    38.328    7.81    66.189    55.227    34.828    20.616    44.385    32.65    1.0    79.379    32.311    30.414    38.079    
24    48.877    44.407    46.573    67.417    57.628    55.362    51.923    8.602    37.336    50.448    61.205    42.953    49.497    51.108    32.65    38.079    15.811    33.601    48.083    70.228    46.755    6.083    25.807    0         11.18    35.0    51.624    41.785    44.385    27.295    58.0    25.962    50.01    34.482    45.188    41.11    54.644    14.0    63.253    54.562    31.257    45.177    79.322    76.851    37.108    53.263    6.403    37.336    50.804    39.925    38.013    27.514    57.245    30.529    9.22    28.443    26.306    46.39    25.239    60.208    9.487    6.083    37.202    
25    42.379    52.773    56.886    72.346    48.083    58.31    63.063    7.81    48.384    60.828    61.131    34.409    60.208    40.804    40.706    40.311    26.173    26.571    50.606    72.945    37.643    10.77    19.723    11.18    0         34.785    41.4    52.811    33.541    25.962    49.406    14.866    39.013    40.817    36.62    52.202    47.424    25.08    53.74    61.074    29.833    54.424    84.386    69.778    27.313    59.548    17.088    28.302    43.382    43.6    28.284    18.601    51.245    36.125    17.72    30.594    25.0    35.228    18.868    60.166    20.616    12.649    27.586    
26    25.962    37.108    50.537    42.19    45.011    25.495    70.007    28.443    59.405    54.129    26.476    65.803    56.436    44.911    28.653    9.22    33.541    21.541    17.804    39.205    35.228    29.017    54.231    35.0    34.785    0         44.721    63.411    44.777    8.944    40.608    37.537    60.465    68.731    67.801    61.847    32.573    37.696    49.254    36.497    5.657    42.379    53.824    50.804    56.851    34.525    39.319    59.405    30.594    15.133    33.615    51.108    30.529    18.358    28.636    63.198    9.849    54.378    53.31    25.495    39.051    29.017    32.696    
27    24.207    80.006    90.255    85.44    9.055    67.779    102.552    43.829    88.549    94.202    59.641    45.277    95.126    1.0    69.26    53.935    62.968    24.0    61.033    78.39    9.849    47.854    47.885    51.624    41.4    44.721    0         93.022    10.44    40.0    15.524    27.586    26.683    80.722    46.098    92.136    22.204    63.977    13.928    81.216    40.2    84.214    96.255    38.118    36.878    79.246    57.983    41.0    19.799    59.841    13.928    40.249    30.0    60.008    53.852    67.424    40.012    21.095    47.011    59.076    60.902    49.659    14.866    
28    85.703    41.11    27.659    72.062    98.27    69.921    11.045    49.193    4.472    28.792    83.259    78.058    24.166    92.574    38.626    60.033    31.241    72.422    65.924    82.377    87.132    45.177    60.0    41.785    52.811    63.411    93.022    0         86.163    60.108    97.417    67.676    90.427    34.132    80.1    2.0    92.195    29.155    103.774    56.08    62.968    36.014    81.154    113.137    75.24    56.223    35.735    74.027    88.865    57.271    79.177    65.276    92.634    47.011    39.661    45.88    59.414    87.556    60.008    82.347    32.311    43.417    78.294    
29    29.682    77.524    86.145    86.77    19.416    69.462    96.135    37.363    81.707    90.139    63.655    35.057    90.554    9.487    66.121    53.852    57.271    23.259    62.177    81.4    15.232    41.485    37.736    44.385    33.541    44.777    10.44    86.163    0         38.328    25.02    18.868    18.358    71.421    36.0    85.44    29.732    57.567    24.352    80.654    39.56    81.099    98.112    48.0    26.476    78.746    50.567    30.594    26.401    59.464    11.18    30.017    37.162    57.706    48.052    57.628    38.079    12.083    36.892    62.968    53.852    43.417    12.083    
30    25.807    40.012    51.245    50.0    41.976    33.971    67.801    20.025    55.866    55.082    35.171    57.009    56.648    40.012    29.614    16.401    29.069    16.0    26.173    48.01    31.257    21.213    45.31    27.295    25.962    8.944    40.0    60.108    38.328    0         39.0    29.0    52.839    61.612    59.034    58.728    32.45    32.45    46.84    42.379    4.0    44.407    61.847    53.038    48.166    40.497    32.28    50.606    29.53    21.471    27.459    42.19    32.558    20.025    22.361    55.009    1.0    46.957    44.385    34.205    32.696    21.587    26.476    
31    15.0    77.666    90.139    77.466    7.81    59.841    106.0    49.497    93.005    93.92    48.847    60.008    95.635    16.492    68.308    49.254    66.287    25.0    54.148    68.352    12.083    53.075    60.083    58.0    49.406    40.608    15.524    97.417    25.02    39.0    0         38.079    42.202    90.139    61.008    96.26    9.487    68.411    9.22    76.007    37.643    82.71    87.361    23.022    51.157    74.007    64.351    55.227    10.05    55.227    21.932    52.887    16.643    58.241    57.801    78.262    39.395    36.497    59.135    48.466    66.528    54.562    22.361    
32    35.0    63.891    70.178    78.873    35.228    62.936    77.885    20.0    63.246    74.169    61.774    28.653    74.0    26.87    51.923    45.343    40.05    20.616    55.154    76.694    26.0    24.021    22.361    25.962    14.866    37.537    27.586    67.676    18.868    29.0    38.079    0         25.71    53.151    30.529    67.052    38.471    39.623    40.804    69.836    31.89    66.491    90.785    60.166    19.416    68.096    31.953    22.361    34.366    50.0    16.155    16.031    44.011    45.188    31.0    40.311    28.32    21.024    21.378    60.902    35.44    26.019    15.811    
33    48.021    89.56    95.635    102.626    35.355    85.802    101.119    45.398    86.145    99.609    81.394    21.954    99.182    25.71    77.621    69.116    65.123    39.699    78.237    98.494    33.541    49.254    33.121    50.01    39.013    60.465    26.683    90.427    18.358    52.839    42.202    25.71    0         68.964    21.932    90.094    47.927    64.008    39.013    94.847    54.918    92.195    114.285    64.63    17.205    93.038    55.227    20.518    44.721    74.303    28.32    26.0    55.462    70.576    56.321    53.535    52.355    6.403    32.65    80.66    59.135    51.245    29.0    
34    82.765    64.475    57.009    93.68    88.238    85.475    44.283    42.72    32.016    59.548    94.133    51.245    55.866    79.981    56.045    70.007    38.328    67.082    79.101    99.985    78.237    40.522    35.847    34.482    40.817    68.731    80.722    34.132    71.421    61.612    90.139    53.151    68.964    0         52.887    35.228    88.119    33.242    93.862    78.435    65.513    61.774    104.676    110.476    51.884    77.795    29.428    49.244    84.119    70.178    68.6    43.267    91.389    59.304    40.2    15.811    60.638    68.242    36.359    93.134    30.017    40.025    68.007    
35    63.063    89.185    91.417    108.19    55.145    92.957    91.137    44.407    76.236    95.189    92.282    2.236    93.68    45.1    77.175    75.073    60.926    50.567    85.147    107.005    50.359    47.17    20.396    45.188    36.62    67.801    46.098    80.1    36.0    59.034    61.008    30.529    21.932    52.887    0         80.225    64.777    58.189    59.54    97.617    62.201    90.338    120.208    84.0    11.18    96.047    48.384    8.485    61.0    79.196    42.202    18.028    71.589    72.622    53.712    37.108    58.258    25.495    20.616    91.417    52.498    48.877    42.45    
36    84.386    39.115    25.71    70.064    97.247    68.007    11.045    48.332    4.0    26.926    81.437    78.16    22.361    91.706    36.77    58.31    30.0    71.281    64.078    80.411    86.093    44.283    60.033    41.11    52.202    61.847    92.136    2.0    85.44    58.728    96.26    67.052    90.094    35.228    80.225    0         90.907    28.178    102.728    54.083    61.522    34.015    79.158    111.732    75.107    54.231    35.171    74.0    87.618    55.462    78.262    65.123    91.22    45.277    38.588    46.487    58.052    87.098    60.008    80.529    31.623    42.485    77.369    
37    6.708    69.642    82.855    68.066    16.643    50.488    100.21    46.043    87.864    86.539    39.395    63.506    88.566    23.022    60.926    40.792    60.959    21.095    45.011    58.873    14.56    49.204    60.828    54.644    47.424    32.573    22.204    92.195    29.732    32.45    9.487    38.471    47.927    88.119    64.777    90.907    0         63.64    18.682    67.119    30.414    74.947    77.885    22.361    54.231    65.123    60.803    58.138    4.123    46.69    23.0    54.231    7.81    50.695    53.038    77.492    33.015    41.785    59.841    39.0    62.482    50.448    23.022    
38    57.315    34.059    33.242    61.098    69.116    52.24    38.626    20.248    24.698    37.0    61.66    55.973    35.693    63.561    23.707    37.336    5.099    43.417    46.0    66.753    57.983    16.155    38.079    14.0    25.08    37.696    63.977    29.155    57.567    32.45    68.411    39.623    64.008    33.242    58.189    28.178    63.64    0         74.626    46.53    35.847    33.422    72.498    85.147    50.804    45.618    9.849    50.695    60.141    37.014    50.09    41.0    64.815    26.077    10.63    33.838    31.623    60.299    37.696    60.671    5.831    14.318    49.193    
39    24.083    86.145    98.082    86.683    5.657    69.051    112.77    55.0    99.323    101.922    57.94    58.856    103.407    14.866    76.4    58.078    72.945    31.78    63.285    77.492    16.643    58.822    61.717    63.253    53.74    49.254    13.928    103.774    24.352    46.84    9.22    40.804    39.013    93.862    59.54    102.728    18.682    74.626    0         85.006    45.891    91.005    96.566    26.249    50.695    83.006    69.656    54.818    19.026    64.07    25.456    54.129    25.495    66.491    64.14    80.994    47.127    34.132    60.828    57.585    72.201    60.465    26.173    
40    61.008    15.0    30.364    16.0    81.154    20.248    56.754    53.263    54.009    31.78    36.892    95.425    36.401    81.394    22.825    27.295    41.677    57.723    22.561    27.731    71.701    50.931    79.906    54.562    61.074    36.497    81.216    56.08    80.654    42.379    76.007    69.836    94.847    78.435    97.617    54.083    67.119    46.53    85.006    0         41.231    20.396    26.249    80.654    87.658    2.0    54.644    89.202    66.0    21.378    69.642    79.649    62.801    25.0    45.343    80.262    42.72    89.157    79.209    36.359    51.624    49.497    68.68    
41    23.707    40.311    52.555    47.707    41.304    31.145    70.292    24.021    58.796    56.303    31.321    60.216    58.181    40.311    30.676    14.318    32.202    16.492    23.431    44.822    31.0    25.179    49.041    31.257    29.833    5.657    40.2    62.968    39.56    4.0    37.643    31.89    54.918    65.513    62.201    61.522    30.414    35.847    45.891    41.231    0         45.122    59.405    50.249    51.225    39.294    36.139    53.824    27.857    19.925    28.46    45.651    29.732    20.616    26.0    59.008    5.0    48.877    48.104    30.364    36.401    25.495    27.514    
42    68.308    6.403    10.296    36.222    86.313    37.443    36.401    47.127    34.366    12.728    53.151    88.102    16.643    84.149    15.0    34.886    29.682    60.299    36.069    47.76    75.664    43.658    70.831    45.177    54.424    42.379    84.214    36.014    81.099    44.407    82.71    66.491    92.195    61.774    90.338    34.015    74.947    33.422    91.005    20.396    45.122    0         45.177    92.179    81.707    20.881    43.012    82.347    72.801    29.682    71.007    72.498    72.498    24.515    36.77    66.528    44.283    87.298    70.328    52.402    39.205    41.785    70.007    
43    73.055    40.792    54.009    12.042    93.92    28.653    80.225    76.694    79.511    54.231    39.319    118.089    59.211    96.664    48.847    45.453    67.543    74.947    36.056    20.0    86.406    75.0    103.856    79.322    84.386    53.824    96.255    81.154    98.112    61.847    87.361    90.785    114.285    104.676    120.208    79.158    77.885    72.498    96.566    26.249    59.405    45.177    0         85.006    109.659    26.926    80.131    111.723    78.109    41.012    86.954    102.591    71.589    48.826    70.178    106.005    62.482    108.167    103.078    39.459    77.369    73.817    86.093    
44    28.018    86.313    101.02    77.414    29.275    61.392    120.507    68.264    108.904    104.446    46.174    83.024    107.07    39.115    79.322    57.306    82.073    43.417    58.189    65.008    34.525    71.281    82.462    76.851    69.778    50.804    38.118    113.137    48.0    53.038    23.022    60.166    64.63    110.476    84.0    111.732    22.361    85.147    26.249    80.654    50.249    92.179    85.006    0         74.169    78.746    82.928    78.23    26.401    62.61    44.147    75.505    20.518    69.065    74.653    99.725    53.759    59.211    81.492    46.271    84.404    72.422    44.385    
45    52.173    80.056    83.678    97.673    45.891    82.134    86.145    34.886    71.113    87.556    81.123    9.487    86.493    35.903    67.978    64.351    52.887    39.395    74.33    96.047    40.012    38.079    16.155    37.108    27.313    56.851    36.878    75.24    26.476    48.166    51.157    19.416    17.205    51.884    11.18    75.107    54.231    50.804    50.695    87.658    51.225    81.707    109.659    74.169    0         86.023    41.304    4.123    50.359    68.68    31.401    10.0    60.828    62.682    44.944    36.359    47.424    18.028    15.811    80.262    45.398    39.925    31.575    
46    59.008    15.133    31.016    16.125    79.158    18.601    57.28    51.74    54.009    32.65    35.228    93.862    37.162    79.429    21.932    25.318    40.706    55.785    20.616    26.926    69.721    49.497    78.492    53.263    59.548    34.525    79.246    56.223    78.746    40.497    74.007    68.096    93.038    77.795    96.047    54.231    65.123    45.618    83.006    2.0    39.294    20.881    26.926    78.746    86.023    0         53.535    87.618    64.0    19.416    67.72    78.102    60.828    23.431    44.045    79.259    40.853    87.321    77.782    34.67    50.606    48.104    66.761    
47    54.918    43.139    43.081    68.425    64.031    57.723    46.098    14.866    31.321    46.819    65.0    46.174    45.354    57.454    32.016    41.195    13.454    39.825    50.804    72.533    53.151    11.662    28.231    6.403    17.088    39.319    57.983    35.735    50.567    32.28    64.351    31.953    55.227    29.428    48.384    35.171    60.803    9.849    69.656    54.644    36.139    43.012    80.131    82.928    41.304    53.535    0         41.0    57.009    42.202    44.407    31.401    63.135    31.953    11.045    26.0    31.321    51.971    27.857    64.0    4.123    10.77    43.6    
48    55.902    81.006    83.815    99.705    50.01    84.504    85.006    36.056    70.0    87.641    84.119    6.403    86.348    40.025    68.964    66.603    53.141    42.72    76.694    98.6    44.0    38.949    14.142    37.336    28.302    59.405    41.0    74.027    30.594    50.606    55.227    22.361    20.518    49.244    8.485    74.0    58.138    50.695    54.818    89.202    53.824    82.347    111.723    78.23    4.123    87.618    41.0    0         54.231    70.711    35.228    9.849    64.63    64.203    45.618    33.541    49.82    21.954    14.036    83.241    45.122    40.706    35.355    
49    5.099    67.683    80.411    67.912    15.811    50.22    97.082    42.202    84.504    84.155    40.311    59.682    86.006    20.518    58.523    39.205    57.628    17.205    44.283    59.506    11.18    45.453    56.719    50.804    43.382    30.594    19.799    88.865    26.401    29.53    10.05    34.366    44.721    84.119    61.0    87.618    4.123    60.141    19.026    66.0    27.857    72.801    78.109    26.401    50.359    64.0    57.009    54.231    0         45.177    19.026    50.16    10.77    48.384    49.518    73.389    30.017    38.484    55.731    39.825    58.796    46.755    19.0    
50    40.311    23.707    39.051    29.0    60.008    15.524    61.855    36.056    53.852    42.202    26.0    77.078    45.343    60.017    18.868    6.0    32.0    36.401    9.055    30.364    50.359    34.886    63.246    39.925    43.6    15.133    59.841    57.271    59.464    21.471    55.227    50.0    74.303    70.178    79.196    55.462    46.69    37.014    64.07    21.378    19.925    29.682    41.012    62.61    68.68    19.416    42.202    70.711    45.177    0         48.384    61.62    43.324    11.045    31.321    68.007    21.954    68.425    62.426    25.08    40.447    34.015    47.434    
51    20.881    67.119    76.655    75.591    19.799    58.31    88.64    30.017    74.706    80.623    53.075    40.792    81.394    13.601    56.009    42.72    49.041    12.083    51.0    70.434    9.849    34.0    38.328    38.013    28.284    33.615    13.928    79.177    11.18    27.459    21.932    16.155    28.32    68.6    42.202    78.262    23.0    50.09    25.456    69.642    28.46    71.007    86.954    44.147    31.401    67.72    44.407    35.228    19.026    48.384    0         31.401    29.428    47.17    39.925    56.356    27.295    21.932    37.363    52.345    47.17    35.777    1.0    
52    51.01    71.197    74.041    90.554    48.847    75.802    76.164    26.401    61.131    77.885    76.557    15.811    76.688    39.357    59.169    57.801    43.324    36.497    68.007    90.139    41.0    29.155    7.81    27.514    18.601    51.108    40.249    65.276    30.017    42.19    52.887    16.031    26.0    43.267    18.028    65.123    54.231    41.0    54.129    79.649    45.651    72.498    102.591    75.505    10.0    78.102    31.401    9.849    50.16    61.62    31.401    0         60.0    54.672    35.777    28.32    41.34    25.0    7.071    75.644    35.511    30.887    31.257    
53    9.055    66.851    81.006    62.29    24.207    45.011    100.005    48.754    88.414    84.534    32.573    70.214    86.954    30.806    59.169    37.696    61.62    24.739    40.311    52.202    21.932    51.478    66.189    57.245    51.245    30.529    30.0    92.634    37.162    32.558    16.643    44.011    55.462    91.389    71.589    91.22    7.81    64.815    25.495    62.801    29.732    72.498    71.589    20.518    60.828    60.828    63.135    64.63    10.77    43.324    29.428    60.0    0         48.877    54.406    81.744    33.302    49.244    65.192    32.28    64.351    52.479    29.275    
54    44.011    20.0    32.202    36.892    61.814    26.173    52.498    28.32    43.382    35.847    36.688    70.434    38.079    60.0    10.296    13.038    21.024    36.014    20.1    40.792    51.245    26.249    55.227    30.529    36.125    18.358    60.008    47.011    57.706    20.025    58.241    45.188    70.576    59.304    72.622    45.277    50.695    26.077    66.491    25.0    20.616    24.515    48.826    69.065    62.682    23.431    31.953    64.203    48.384    11.045    47.17    54.672    48.877    0         21.471    57.94    20.0    65.146    54.489    35.735    29.833    25.0    46.174    
55    46.755    35.511    39.319    58.31    58.669    46.84    48.754    11.0    35.228    43.29    54.009    51.478    43.0    53.488    23.601    30.15    9.22    32.802    39.812    61.685    47.508    7.071    34.828    9.22    17.72    28.636    53.852    39.661    48.052    22.361    57.801    31.0    56.321    40.2    53.712    38.588    53.038    10.63    64.14    45.343    26.0    36.77    70.178    74.653    44.944    44.045    11.045    45.618    49.518    31.321    39.925    35.777    54.406    21.471    0         36.688    21.471    52.01    34.205    53.009    10.44    5.099    39.0    
56    72.801    67.801    64.031    94.372    75.472    83.522    56.754    35.0    42.72    67.201    89.56    35.44    64.351    66.611    57.454    66.491    38.588    57.009    76.4    98.372    66.189    34.234    20.616    28.443    30.594    63.198    67.424    45.88    57.628    55.009    78.262    40.311    53.535    15.811    37.108    46.487    77.492    33.838    80.994    80.262    59.008    66.528    106.005    99.725    36.359    79.259    26.0    33.541    73.389    68.007    56.356    28.32    81.744    57.94    36.688    0         54.009    53.263    21.26    88.566    28.653    34.525    55.902    
57    26.401    40.0    50.961    50.606    42.202    34.713    67.201    19.026    55.154    54.818    36.139    56.223    56.303    40.0    29.428    17.029    28.32    16.031    26.907    48.826    31.401    20.224    44.385    26.306    25.0    9.849    40.012    59.414    38.079    1.0    39.395    28.32    52.355    60.638    58.258    58.052    33.015    31.623    47.127    42.72    5.0    44.283    62.482    53.759    47.424    40.853    31.321    49.82    30.017    21.954    27.295    41.34    33.302    20.0    21.471    54.009    0         46.519    43.463    35.171    31.78    20.616    26.306    
58    41.677    84.404    91.198    96.566    30.017    79.63    98.061    41.012    83.199    95.189    75.007    25.0    95.005    20.1    72.567    63.135    61.008    33.422    72.111    92.195    27.313    45.0    32.65    46.39    35.228    54.378    21.095    87.556    12.083    46.957    36.497    21.024    6.403    68.242    25.495    87.098    41.785    60.299    34.132    89.157    48.877    87.298    108.167    59.211    18.028    87.321    51.971    21.954    38.484    68.425    21.932    25.0    49.244    65.146    52.01    53.263    46.519    0         32.016    74.277    55.731    47.0    22.627    
59    56.143    69.635    70.937    91.049    55.462    77.175    71.0    26.401    56.009    74.673    79.379    18.439    73.082    46.141    57.801    59.169    40.706    41.012    69.462    91.788    47.127    28.284    1.0    25.239    18.868    53.31    47.011    60.008    36.892    44.385    59.135    21.378    32.65    36.359    20.616    60.008    59.841    37.696    60.828    79.209    48.104    70.328    103.078    81.492    15.811    77.782    27.857    14.036    55.731    62.426    37.363    7.071    65.192    54.489    34.205    21.26    43.463    32.016    0         78.435    31.953    29.732    37.108    
60    34.986    46.011    62.482    31.145    55.462    16.125    86.608    53.935    78.924    65.115    1.0    89.554    68.884    59.641    43.829    23.345    55.902    41.4    16.643    19.925    49.406    54.332    79.379    60.208    60.166    25.495    59.076    82.347    62.968    34.205    48.466    60.902    80.66    93.134    91.417    80.529    39.0    60.671    57.585    36.359    30.364    52.402    39.459    46.271    80.262    34.67    64.0    83.241    39.825    25.08    52.345    75.644    32.28    35.735    53.009    88.566    35.171    74.277    78.435    0         63.127    54.148    51.662    
61    56.4    39.623    39.0    65.795    66.611    55.902    42.45    17.205    27.857    42.72    64.125    50.289    41.231    60.415    28.844    40.0    10.0    41.725    49.254    70.612    55.606    13.454    32.311    9.487    20.616    39.051    60.902    32.311    53.852    32.696    66.528    35.44    59.135    30.017    52.498    31.623    62.482    5.831    72.201    51.624    36.401    39.205    77.369    84.404    45.398    50.606    4.123    45.122    58.796    40.447    47.17    35.511    64.351    29.833    10.44    28.653    31.78    55.731    31.953    63.127    0         12.042    46.325    
62    44.407    40.311    44.407    61.855    54.918    49.396    52.924    6.083    38.949    48.374    55.145    46.648    48.01    49.244    28.302    32.016    14.036    29.698    42.059    64.257    43.829    2.0    30.414    6.083    12.649    29.017    49.659    43.417    43.417    21.587    54.562    26.019    51.245    40.025    48.877    42.485    50.448    14.318    60.465    49.497    25.495    41.785    73.817    72.422    39.925    48.104    10.77    40.706    46.755    34.015    35.777    30.887    52.479    25.0    5.099    34.525    20.616    47.0    29.732    54.148    12.042    0         34.886    
63    20.616    66.121    75.664    74.706    20.518    57.454    87.727    29.155    73.824    79.63    52.402    41.0    80.411    14.56    55.009    41.785    48.104    11.18    50.12    69.656    10.296    33.121    38.079    37.202    27.586    32.696    14.866    78.294    12.083    26.476    22.361    15.811    29.0    68.007    42.45    77.369    23.022    49.193    26.173    68.68    27.514    70.007    86.093    44.385    31.575    66.761    43.6    35.355    19.0    47.434    1.0    31.257    29.275    46.174    39.0    55.902    26.306    22.627    37.108    51.662    46.325    34.886    0         


Demandas:
1: 0.0
2: 11.0
3: 20.0
4: 26.0
5: 17.0
6: 5.0
7: 17.0
8: 1.0
