+-+-+-+-+-+-+-+-+-+-+-+-+-+-+ GRAFO CARGADO +-+-+-+-+-+-+-+-+-+-+-+-+-+-+-
        1         2         3         4         5         6         7         8         9         10        11        12        13        14        15        16        17        18        19        20        21        22        23        24        25        26        27        28        29        30        31        32
1     0         34.928    77.878    75.584    97.581    54.571    51.884    37.054    85.604    88.142    79.228    101.415    28.844    51.039    27.019    81.744    25.71    74.545    76.844    73.824    36.235    64.031    84.172    78.032    25.239    75.961    21.095    25.962    84.865    62.29    16.279    72.78    
2     34.928    0         60.308    59.203    90.874    80.709    40.497    13.0    84.404    94.133    100.464    97.144    8.246    22.472    38.079    97.293    10.63    42.297    77.929    41.11    67.209    30.067    91.022    64.351    39.357    101.872    19.416    46.325    78.549    80.324    19.416    39.051    
3     77.878    60.308    0         3.162    37.054    86.585    26.249    48.083    40.706    58.822    90.211    45.277    67.179    39.446    55.109    77.466    59.666    41.11    41.11    43.046    88.0    48.836    58.258    8.944    58.052    100.722    58.31    64.382    28.792    71.589    65.192    48.0    
4     75.584    59.203    3.162    0         36.014    83.433    23.77    46.755    38.484    56.303    87.132    44.045    65.856    38.91    52.393    74.518    58.052    42.426    38.419    44.283    85.006    49.366    55.606    7.071    55.317    97.576    56.303    61.522    26.926    68.447    63.246    49.092    
5     97.581    90.874    37.054    36.014    0         83.546    50.537    77.878    17.029    33.838    75.664    8.544    96.177    73.246    70.767    59.228    86.954    78.16    25.71    80.1    93.622    85.288    35.903    29.069    73.0    90.089    82.42    76.026    12.806    63.388    89.404    85.024    
6     54.571    80.709    86.585    83.433    83.546    0         65.742    74.33    66.708    56.824    26.926    82.565    78.294    84.386    43.863    36.878    70.178    106.832    57.871    107.201    21.378    101.912    52.773    81.049    41.869    21.541    61.294    34.409    74.243    21.024    63.063    108.706    
7     51.884    40.497    26.249    23.77    50.537    65.742    0         27.514    44.407    56.719    75.69    56.648    45.651    26.476    29.155    66.888    36.62    43.278    39.051    44.204    63.506    43.081    54.342    26.401    32.14    83.006    33.302    39.013    38.079    55.172    40.361    47.17    
8     37.054    13.0    48.083    46.755    77.878    74.33    27.514    0         71.589    82.0    91.706    84.155    19.105    14.0    30.48    86.977    12.649    37.656    65.376    37.108    63.812    28.653    79.057    51.614    32.527    94.81    16.492    40.361    65.552    71.113    21.024    36.77    
9     85.604    84.404    40.706    38.484    17.029    66.708    44.407    71.589    0         19.209    59.034    16.643    88.544    70.007    58.6    43.012    78.772    80.081    9.434    81.744    77.827    84.593    20.125    31.765    60.44    73.171    72.918    62.241    12.728    46.39    79.605    86.122    
10    88.142    94.133    58.822    56.303    33.838    56.824    56.719    82.0    19.209    0         43.012    29.155    96.876    83.187    62.298    26.019    86.833    96.385    18.385    97.862    72.25    99.202    4.243    50.0    63.325    58.421    79.624    62.65    31.89    35.847    85.615    101.843    
11    79.228    100.464    90.211    87.132    75.664    26.926    75.69    91.706    59.034    43.012    0         72.028    99.624    99.045    62.394    17.117    90.477    118.929    52.498    119.754    48.27    116.829    40.05    82.765    61.351    16.155    81.597    55.543    69.921    20.809    84.9    122.287    
12    101.415    97.144    45.277    44.045    8.544    82.565    56.648    84.155    16.643    29.155    72.028    0         102.044    80.411    74.411    55.145    92.574    86.371    26.077    88.278    94.414    93.086    32.0    37.014    76.42    87.092    87.464    78.645    18.682    61.847    94.34    93.134    
13    28.844    8.246    67.179    65.856    96.177    78.294    45.651    19.105    88.544    96.876    99.624    102.044    0         30.414    37.656    97.867    10.05    50.488    81.492    49.254    63.127    38.0    93.536    70.605    38.328    99.73    18.248    44.385    83.63    80.05    15.264    47.0    
14    51.039    22.472    39.446    38.91    73.246    84.386    26.476    14.0    70.007    83.187    99.045    80.411    30.414    0         41.049    92.136    26.306    24.042    65.376    23.77    76.026    17.804    80.808    44.944    43.566    103.966    30.265    51.624    61.814    78.237    35.014    24.413    
15    27.019    38.079    55.109    52.393    70.767    43.863    29.155    30.48    58.6    62.298    62.394    74.411    37.656    41.049    0         60.299    28.16    64.413    49.93    64.498    35.735    58.258    58.523    53.488    3.0    64.405    19.416    10.77    58.138    42.45    24.021    65.46    
16    81.744    97.293    77.466    74.518    59.228    36.878    66.888    86.977    43.012    26.019    17.117    55.145    97.867    92.136    60.299    0         88.119    109.859    37.59    110.941    56.436    109.59    23.345    69.405    60.075    32.985    79.63    56.143    54.626    19.647    84.149    114.057    
17    25.71    10.63    59.666    58.052    86.954    70.178    36.62    12.649    78.772    86.833    90.477    92.574    10.05    26.306    28.16    88.119    0         49.092    71.568    48.26    56.639    38.328    83.487    62.29    29.155    91.417    8.944    35.847    74.303    70.605    9.487    47.074    
18    74.545    42.297    41.11    42.426    78.16    106.832    43.278    37.656    80.081    96.385    118.929    86.371    50.488    24.042    64.413    109.859    49.092    0         78.0    2.236    99.81    13.892    94.847    49.497    67.082    125.495    54.129    75.133    69.231    98.311    58.31    7.616    
19    76.844    77.929    41.11    38.419    25.71    57.871    39.051    65.376    9.434    18.385    52.498    26.077    81.492    65.376    49.93    37.59    71.568    78.0    0         79.48    68.425    81.025    17.205    32.527    51.614    65.765    65.192    53.038    17.464    38.013    71.694    83.487    
20    73.824    41.11    43.046    44.283    80.1    107.201    44.204    37.108    81.744    97.862    119.754    88.278    49.254    23.77    64.498    110.941    48.26    2.236    79.48    0         99.745    12.083    96.255    51.352    67.119    126.063    53.6    75.18    71.021    99.086    57.559    5.385    
21    36.235    67.209    88.0    85.006    93.622    21.378    63.506    63.812    77.827    72.25    48.27    94.414    63.127    76.026    35.735    56.436    56.639    99.81    68.425    99.745    0         92.439    68.015    84.38    32.894    41.195    48.415    25.0    82.541    37.802    48.104    100.24    
22    64.031    30.067    48.836    49.366    85.288    101.912    43.081    28.653    84.593    99.202    116.829    93.086    38.0    17.804    58.258    109.59    38.328    13.892    81.025    12.083    92.439    0         97.124    56.223    60.605    121.696    44.777    68.6    75.007    96.021    47.802    9.0    
23    84.172    91.022    58.258    55.606    35.903    52.773    54.342    79.057    20.125    4.243    40.05    32.0    93.536    80.808    58.523    23.345    83.487    94.847    17.205    96.255    68.015    97.124    0         49.578    59.464    55.145    76.118    58.592    32.45    31.765    82.0    100.09    
24    78.032    64.351    8.944    7.071    29.069    81.049    26.401    51.614    31.765    50.0    82.765    37.014    70.605    44.944    53.488    69.405    62.29    49.497    32.527    51.352    84.38    56.223    49.578    0         56.303    93.984    59.666    61.847    19.925    64.846    66.708    56.143    
25    25.239    39.357    58.052    55.317    73.0    41.869    32.14    32.527    60.44    63.325    61.351    76.42    38.328    43.566    3.0    60.075    29.155    67.082    51.614    67.119    32.894    60.605    59.464    56.303    0         62.682    20.248    8.062    60.44    41.773    24.083    67.956    
26    75.961    101.872    100.722    97.576    90.089    21.541    83.006    94.81    73.171    58.421    16.155    87.092    99.73    103.966    64.405    32.985    91.417    125.495    65.765    126.063    41.195    121.696    55.145    93.984    62.682    0         82.492    55.57    83.187    29.155    84.528    128.004    
27    21.095    19.416    58.31    56.303    82.42    61.294    33.302    16.492    72.918    79.624    81.597    87.464    18.248    30.265    19.416    79.63    8.944    54.129    65.192    53.6    48.415    44.777    76.118    59.666    20.248    82.492    0         26.926    69.635    61.847    7.071    53.141    
28    25.962    46.325    64.382    61.522    76.026    34.409    39.013    40.361    62.241    62.65    55.543    78.645    44.385    51.624    10.77    56.143    35.847    75.133    53.038    75.18    25.0    68.6    58.592    61.847    8.062    55.57    26.926    0         63.812    37.014    29.411    76.007    
29    84.865    78.549    28.792    26.926    12.806    74.243    38.079    65.552    12.728    31.89    69.921    18.682    83.63    61.814    58.138    54.626    74.303    69.231    17.464    71.021    82.541    75.007    32.45    19.925    60.44    83.187    69.635    63.812    0         55.082    76.609    75.664    
30    62.29    80.324    71.589    68.447    63.388    21.024    55.172    71.113    46.39    35.847    20.809    61.847    80.05    78.237    42.45    19.647    70.605    98.311    38.013    99.086    37.802    96.021    31.765    64.846    41.773    29.155    61.847    37.014    55.082    0         65.765    101.533    
31    16.279    19.416    65.192    63.246    89.404    63.063    40.361    21.024    79.605    85.615    84.9    94.34    15.264    35.014    24.021    84.149    9.487    58.31    71.694    57.559    48.104    47.802    82.0    66.708    24.083    84.528    7.071    29.411    76.609    65.765    0         56.515    
32    72.78    39.051    48.0    49.092    85.024    108.706    47.17    36.77    86.122    101.843    122.287    93.134    47.0    24.413    65.46    114.057    47.074    7.616    83.487    5.385    100.24    9.0    100.09    56.143    67.956    128.004    53.141    76.007    75.664    101.533    56.515    0         


Demandas:
1: 0.0
2: 19.0
3: 21.0
4: 6.0
5: 19.0
6: 7.0
7: 12.0
8: 16.0
9: 6.0
10: 16.0
11: 8.0
12: 14.0
13: 21.0
14: 16.0
15: 3.0
16: 22.0
17: 18.0
18: 19.0
19: 1.0
20: 24.0
21: 8.0
22: 12.0
23: 4.0
24: 8.0
25: 24.0
26: 24.0
27: 2.0
28: 20.0
29: 15.0
30: 2.0
31: 14.0
32: 9.0
+-+-+-+-+-+-+-+-+-+-+-+-+-+-+-+ SOLUCION INICIAL +-+-+-+-+-+-+-+-+-+-+-+-+-+-+-+-

Ruta #1: [1, 31, 27, 17, 13, 2, 8]
Costo asociado: 100.644      Capacidad: 90.0

Ruta #2: [1, 25, 15, 28, 21, 6, 30, 16]
Costo asociado: 207.802      Capacidad: 86.0

Ruta #3: [1, 14, 22, 32, 20, 18, 4]
Costo asociado: 203.47400000000002      Capacidad: 86.0

Ruta #4: [1, 7, 3, 24, 29, 9, 19, 23, 10]
Costo asociado: 238.75399999999996      Capacidad: 83.0

Ruta #5: [1, 26, 11, 12, 5]
Costo asociado: 270.269      Capacidad: 65.0

--> Costo total: 1020.943          Capacidad total: 410.0

+-+-+-+-+-+-+-+-+-+-+-+-+-+-+-+-+-+-+-+-+-+- Iteracion 4  +-+-+-+-+-+-+-+-+-+-+-+-+-+-+-+-+-+-+-+-+-+-


Ruta #1: [1, 31, 27, 17, 13, 2, 8]
Costo asociado: 100.644      Capacidad: 90.0

Ruta #2: [1, 25, 15, 28, 21, 6, 30, 16]
Costo asociado: 207.802      Capacidad: 86.0

Ruta #3: [1, 14, 22, 32, 20, 18, 4]
Costo asociado: 203.47400000000002      Capacidad: 86.0

Ruta #4: [1, 7, 3, 24, 29, 9, 19, 23, 10]
Costo asociado: 238.75399999999996      Capacidad: 83.0

Ruta #5: [1, 26, 11, 12, 5]
Costo asociado: 270.269      Capacidad: 65.0

--> Costo total: 1008.2320000000001          Capacidad total: 410.0

+-+-+-+-+-+-+-+-+-+-+-+-+-+-+-+-+-+-+-+-+-+- Iteracion 4  +-+-+-+-+-+-+-+-+-+-+-+-+-+-+-+-+-+-+-+-+-+-

La solución anterior duró 0min 0seg    -------> Nuevo optimo local. Costo: 1008.2320000000001       ==> Optimo: 784.0  Desvio: 30.2%
Lista tabu: [((12,5,8.544),4), ((9,19,9.434),4), ((12,19,26.077),3), ((32,20,5.385),5), ((18,4,42.426),5), ((18,32,7.616),4), ((31,27,7.071),6), ((13,2,8.246),6), ((13,31,15.264),5)]

+-+-+-+-+-+-+-+-+-+-+-+-+-+-+-+-+-+-+-+-+-+- Iteracion 5  +-+-+-+-+-+-+-+-+-+-+-+-+-+-+-+-+-+-+-+-+-+-


Ruta #1: [1, 31, 27, 17, 13, 2, 8]
Costo asociado: 100.644      Capacidad: 90.0

Ruta #2: [1, 25, 15, 28, 21, 6, 30, 12, 5]
Costo asociado: 274.38300000000004      Capacidad: 97.0

Ruta #3: [1, 14, 22, 32, 20, 18, 4]
Costo asociado: 203.47400000000002      Capacidad: 86.0

Ruta #4: [1, 7, 3, 24, 29, 9, 19, 23, 10]
Costo asociado: 238.75399999999996      Capacidad: 83.0

Ruta #5: [1, 26, 11, 16]
Costo asociado: 190.977      Capacidad: 54.0

--> Costo total: 1002.621          Capacidad total: 410.0

+-+-+-+-+-+-+-+-+-+-+-+-+-+-+-+-+-+-+-+-+-+- Iteracion 5  +-+-+-+-+-+-+-+-+-+-+-+-+-+-+-+-+-+-+-+-+-+-

La solución anterior duró 0min 0seg    -------> Nuevo optimo local. Costo: 1002.621       ==> Optimo: 784.0  Desvio: 28.6%
Lista tabu: [((12,5,8.544),3), ((9,19,9.434),3), ((12,19,26.077),2), ((32,20,5.385),4), ((18,4,42.426),4), ((18,32,7.616),3), ((31,27,7.071),5), ((13,2,8.246),5), ((13,31,15.264),4), ((11,12,72.028),10), ((30,16,19.647),10), ((11,16,17.117),8)]

+-+-+-+-+-+-+-+-+-+-+-+-+-+-+-+-+-+-+-+-+-+- Iteracion 10  +-+-+-+-+-+-+-+-+-+-+-+-+-+-+-+-+-+-+-+-+-+-


Ruta #1: [1, 31, 27, 17, 8, 2, 13]
Costo asociado: 95.03300000000002      Capacidad: 90.0

Ruta #2: [1, 25, 15, 28, 21, 6, 30, 12, 5]
Costo asociado: 274.38300000000004      Capacidad: 97.0

Ruta #3: [1, 14, 22, 32, 20, 18, 4]
Costo asociado: 203.47400000000002      Capacidad: 86.0

Ruta #4: [1, 7, 3, 24, 29, 9, 19, 23, 10]
Costo asociado: 238.75399999999996      Capacidad: 83.0

Ruta #5: [1, 26, 11, 16]
Costo asociado: 190.977      Capacidad: 54.0

--> Costo total: 1001.0980000000001          Capacidad total: 410.0

+-+-+-+-+-+-+-+-+-+-+-+-+-+-+-+-+-+-+-+-+-+- Iteracion 10  +-+-+-+-+-+-+-+-+-+-+-+-+-+-+-+-+-+-+-+-+-+-

La solución anterior duró 0min 0seg    -------> Nuevo optimo local. Costo: 1001.0980000000001       ==> Optimo: 784.0  Desvio: 27.9%
Lista tabu: [((11,12,72.028),5), ((30,16,19.647),5), ((11,16,17.117),3), ((17,13,10.05),6), ((8,1,37.054),6), ((8,17,12.649),4), ((27,17,8.944),3), ((13,1,28.844),3), ((13,27,18.248),2), ((27,17,8.944),4), ((2,13,8.246),4), ((2,27,19.416),3), ((27,17,8.944),5), ((13,1,28.844),5), ((13,27,18.248),4), ((31,27,7.071),6), ((2,13,8.246),6), ((2,31,19.416),5)]

+-+-+-+-+-+-+-+-+-+-+-+-+-+-+-+-+-+-+-+-+-+- Iteracion 11  +-+-+-+-+-+-+-+-+-+-+-+-+-+-+-+-+-+-+-+-+-+-


Ruta #1: [1, 31, 27, 17, 8, 2, 13]
Costo asociado: 95.03300000000002      Capacidad: 90.0

Ruta #2: [1, 25, 15, 28, 21, 6, 30, 12, 5]
Costo asociado: 274.38300000000004      Capacidad: 97.0

Ruta #3: [1, 14, 22, 32, 20, 18, 4]
Costo asociado: 203.47400000000002      Capacidad: 86.0

Ruta #4: [1, 7, 3, 24, 29, 9, 10, 23, 19]
Costo asociado: 237.231      Capacidad: 83.0

Ruta #5: [1, 26, 11, 16]
Costo asociado: 190.977      Capacidad: 54.0

--> Costo total: 1000.1700000000001          Capacidad total: 410.0

+-+-+-+-+-+-+-+-+-+-+-+-+-+-+-+-+-+-+-+-+-+- Iteracion 11  +-+-+-+-+-+-+-+-+-+-+-+-+-+-+-+-+-+-+-+-+-+-

La solución anterior duró 0min 0seg    -------> Nuevo optimo local. Costo: 1000.1700000000001       ==> Optimo: 784.0  Desvio: 27.7%
Lista tabu: [((11,12,72.028),4), ((30,16,19.647),4), ((11,16,17.117),2), ((17,13,10.05),5), ((8,1,37.054),5), ((8,17,12.649),3), ((27,17,8.944),2), ((13,1,28.844),2), ((13,27,18.248),1), ((27,17,8.944),3), ((2,13,8.246),3), ((2,27,19.416),2), ((27,17,8.944),4), ((13,1,28.844),4), ((13,27,18.248),3), ((31,27,7.071),5), ((2,13,8.246),5), ((2,31,19.416),4), ((9,19,9.434),10), ((10,1,88.142),10), ((9,10,19.209),8)]

+-+-+-+-+-+-+-+-+-+-+-+-+-+-+-+-+-+-+-+-+-+- Iteracion 20  +-+-+-+-+-+-+-+-+-+-+-+-+-+-+-+-+-+-+-+-+-+-


Ruta #1: [1, 31, 27, 17, 8, 2, 13]
Costo asociado: 95.03300000000002      Capacidad: 90.0

Ruta #2: [1, 15, 25, 28, 21, 6, 30, 12, 5]
Costo asociado: 273.45500000000004      Capacidad: 97.0

Ruta #3: [1, 14, 22, 32, 20, 18, 4]
Costo asociado: 203.47400000000002      Capacidad: 86.0

Ruta #4: [1, 7, 3, 24, 29, 9, 10, 23, 19]
Costo asociado: 237.231      Capacidad: 83.0

Ruta #5: [1, 26, 11, 16]
Costo asociado: 190.977      Capacidad: 54.0

--> Costo total: 971.6039999999999          Capacidad total: 410.0

+-+-+-+-+-+-+-+-+-+-+-+-+-+-+-+-+-+-+-+-+-+- Iteracion 20  +-+-+-+-+-+-+-+-+-+-+-+-+-+-+-+-+-+-+-+-+-+-

La solución anterior duró 0min 0seg    -------> Nuevo optimo local. Costo: 971.6039999999999       ==> Optimo: 784.0  Desvio: 27.6%
Lista tabu: [((9,19,9.434),1), ((10,1,88.142),1), ((1,25,25.239),2), ((15,28,10.77),2), ((15,25,3.0),1), ((28,21,25.0),1), ((6,30,21.024),2), ((26,11,16.155),2), ((6,11,26.926),1), ((27,17,8.944),3), ((8,2,13.0),3), ((8,27,16.492),2), ((31,27,7.071),4), ((2,13,8.246),4), ((2,31,19.416),3), ((7,3,26.249),5), ((24,29,19.925),5), ((7,24,26.401),4), ((15,25,3.0),6), ((28,21,25.0),6), ((15,28,10.77),5)]

+-+-+-+-+-+-+-+-+-+-+-+-+-+-+-+-+-+-+-+-+-+- Iteracion 21  +-+-+-+-+-+-+-+-+-+-+-+-+-+-+-+-+-+-+-+-+-+-


Ruta #1: [1, 31, 27, 17, 8, 2, 13]
Costo asociado: 95.03300000000002      Capacidad: 90.0

Ruta #2: [1, 15, 25, 28, 21, 6, 30, 10, 23, 19]
Costo asociado: 239.622      Capacidad: 85.0

Ruta #3: [1, 14, 22, 32, 20, 18, 4]
Costo asociado: 203.47400000000002      Capacidad: 86.0

Ruta #4: [1, 7, 3, 24, 29, 9, 12, 5]
Costo asociado: 242.498      Capacidad: 95.0

Ruta #5: [1, 26, 11, 16]
Costo asociado: 190.977      Capacidad: 54.0

--> Costo total: 943.0540000000001          Capacidad total: 410.0

+-+-+-+-+-+-+-+-+-+-+-+-+-+-+-+-+-+-+-+-+-+- Iteracion 21  +-+-+-+-+-+-+-+-+-+-+-+-+-+-+-+-+-+-+-+-+-+-

La solución anterior duró 0min 0seg    -------> Nuevo optimo local. Costo: 943.0540000000001       ==> Optimo: 784.0  Desvio: 23.9%
Lista tabu: [((1,25,25.239),1), ((15,28,10.77),1), ((6,30,21.024),1), ((26,11,16.155),1), ((27,17,8.944),2), ((8,2,13.0),2), ((8,27,16.492),1), ((31,27,7.071),3), ((2,13,8.246),3), ((2,31,19.416),2), ((7,3,26.249),4), ((24,29,19.925),4), ((7,24,26.401),3), ((15,25,3.0),5), ((28,21,25.0),5), ((15,28,10.77),4), ((9,10,19.209),10), ((30,12,61.847),10), ((9,12,16.643),8)]

+-+-+-+-+-+-+-+-+-+-+-+-+-+-+-+-+-+-+-+-+-+- Iteracion 73  +-+-+-+-+-+-+-+-+-+-+-+-+-+-+-+-+-+-+-+-+-+-


Ruta #1: [1, 31, 27, 17, 8, 2, 13]
Costo asociado: 95.03300000000002      Capacidad: 90.0

Ruta #2: [1, 15, 25, 28, 21, 6]
Costo asociado: 139.03      Capacidad: 62.0

Ruta #3: [1, 14, 22, 32, 20, 18, 4]
Costo asociado: 203.47400000000002      Capacidad: 86.0

Ruta #4: [1, 7, 3, 24, 29, 9, 12, 5]
Costo asociado: 242.498      Capacidad: 95.0

Ruta #5: [1, 26, 11, 16, 30, 10, 23, 19]
Costo asociado: 263.019      Capacidad: 77.0

--> Costo total: 941.595          Capacidad total: 410.0

+-+-+-+-+-+-+-+-+-+-+-+-+-+-+-+-+-+-+-+-+-+- Iteracion 73  +-+-+-+-+-+-+-+-+-+-+-+-+-+-+-+-+-+-+-+-+-+-

La solución anterior duró 0min 1seg    -------> Nuevo optimo local. Costo: 941.595       ==> Optimo: 784.0  Desvio: 20.3%
Lista tabu: [((12,5,8.544),1), ((23,19,17.205),1), ((16,30,19.647),2), ((10,23,4.243),2), ((10,16,26.019),1), ((14,22,17.804),3), ((18,4,42.426),3), ((14,18,24.042),2), ((6,1,54.571),4), ((16,30,19.647),4), ((6,30,21.024),3), ((17,8,12.649),5), ((2,13,8.246),5), ((2,17,10.63),4), ((15,25,3.0),6), ((28,21,25.0),6), ((15,28,10.77),5)]

+-+-+-+-+-+-+-+-+-+-+-+-+-+-+-+-+-+-+-+-+-+- Iteracion 89  +-+-+-+-+-+-+-+-+-+-+-+-+-+-+-+-+-+-+-+-+-+-


Ruta #1: [1, 31, 27, 17, 8, 2, 13]
Costo asociado: 95.03300000000002      Capacidad: 90.0

Ruta #2: [1, 15, 25, 28, 21]
Costo asociado: 99.316      Capacidad: 55.0

Ruta #3: [1, 14, 22, 32, 20, 18, 4]
Costo asociado: 203.47400000000002      Capacidad: 86.0

Ruta #4: [1, 7, 3, 24, 29, 9, 12, 5]
Costo asociado: 242.498      Capacidad: 95.0

Ruta #5: [1, 26, 11, 16, 6, 30, 10, 23, 19]
Costo asociado: 301.274      Capacidad: 84.0

--> Costo total: 935.652          Capacidad total: 410.0

+-+-+-+-+-+-+-+-+-+-+-+-+-+-+-+-+-+-+-+-+-+- Iteracion 89  +-+-+-+-+-+-+-+-+-+-+-+-+-+-+-+-+-+-+-+-+-+-

La solución anterior duró 0min 0seg    -------> Nuevo optimo local. Costo: 935.652       ==> Optimo: 784.0  Desvio: 20.1%
Lista tabu: [((17,8,12.649),1), ((2,13,8.246),1), ((29,9,12.728),2), ((5,1,97.581),2), ((12,5,8.544),2), ((5,29,12.806),1), ((29,9,12.728),3), ((9,12,16.643),3), ((10,23,4.243),3), ((9,23,20.125),2), ((32,20,5.385),4), ((18,4,42.426),4), ((18,32,7.616),3), ((27,17,8.944),5), ((2,13,8.246),5), ((8,2,13.0),5), ((2,27,19.416),4), ((31,27,7.071),6), ((17,8,12.649),6), ((17,31,9.487),5)]

+-+-+-+-+-+-+-+-+-+-+-+-+-+-+-+-+-+-+-+-+-+- Iteracion 111  +-+-+-+-+-+-+-+-+-+-+-+-+-+-+-+-+-+-+-+-+-+-


Ruta #1: [1, 31, 27, 17, 8, 2, 13]
Costo asociado: 95.03300000000002      Capacidad: 90.0

Ruta #2: [1, 15, 25, 28, 21]
Costo asociado: 99.316      Capacidad: 55.0

Ruta #3: [1, 14, 22, 32, 20, 18, 4]
Costo asociado: 203.47400000000002      Capacidad: 86.0

Ruta #4: [1, 7, 3, 24, 29, 9, 12, 5]
Costo asociado: 242.498      Capacidad: 95.0

Ruta #5: [1, 26, 6, 11, 16, 30, 10, 23, 19]
Costo asociado: 295.33099999999996      Capacidad: 84.0

--> Costo total: 929.5160000000001          Capacidad total: 410.0

+-+-+-+-+-+-+-+-+-+-+-+-+-+-+-+-+-+-+-+-+-+- Iteracion 111  +-+-+-+-+-+-+-+-+-+-+-+-+-+-+-+-+-+-+-+-+-+-

La solución anterior duró 0min 0seg    -------> Nuevo optimo local. Costo: 929.5160000000001       ==> Optimo: 784.0  Desvio: 19.3%
Lista tabu: [((9,12,16.643),1), ((5,1,97.581),1), ((29,9,12.728),2), ((9,12,16.643),2), ((10,23,4.243),2), ((9,23,20.125),1), ((14,22,17.804),3), ((18,4,42.426),3), ((20,18,2.236),3), ((14,18,24.042),2), ((31,27,7.071),4), ((2,13,8.246),4), ((8,2,13.0),4), ((2,31,19.416),3), ((15,25,3.0),5), ((28,21,25.0),5), ((15,28,10.77),4), ((1,15,27.019),6), ((15,25,3.0),6), ((1,31,16.279),6), ((15,31,24.021),5)]

+-+-+-+-+-+-+-+-+-+-+-+-+-+-+-+-+-+-+-+-+-+- Iteracion 115  +-+-+-+-+-+-+-+-+-+-+-+-+-+-+-+-+-+-+-+-+-+-


Ruta #1: [1, 31, 27, 17, 8, 2, 13]
Costo asociado: 95.03300000000002      Capacidad: 90.0

Ruta #2: [1, 15, 25, 28, 21]
Costo asociado: 99.316      Capacidad: 55.0

Ruta #3: [1, 14, 22, 32, 20, 18, 4]
Costo asociado: 203.47400000000002      Capacidad: 86.0

Ruta #4: [1, 7, 3, 24, 29, 9, 12, 5]
Costo asociado: 242.498      Capacidad: 95.0

Ruta #5: [1, 26, 6, 11, 30, 16, 10, 23, 19]
Costo asociado: 289.195      Capacidad: 84.0

--> Costo total: 928.0219999999999          Capacidad total: 410.0

+-+-+-+-+-+-+-+-+-+-+-+-+-+-+-+-+-+-+-+-+-+- Iteracion 115  +-+-+-+-+-+-+-+-+-+-+-+-+-+-+-+-+-+-+-+-+-+-

La solución anterior duró 0min 0seg    -------> Nuevo optimo local. Costo: 928.0219999999999       ==> Optimo: 784.0  Desvio: 18.6%
Lista tabu: [((15,25,3.0),1), ((28,21,25.0),1), ((1,15,27.019),2), ((15,25,3.0),2), ((1,31,16.279),2), ((15,31,24.021),1), ((11,16,17.117),7), ((30,10,35.847),7), ((11,30,20.809),5), ((31,27,7.071),4), ((13,1,28.844),4), ((2,13,8.246),4), ((13,31,15.264),3), ((1,15,27.019),5), ((15,25,3.0),5), ((31,27,7.071),5), ((15,27,19.416),4), ((32,20,5.385),6), ((18,4,42.426),6), ((18,32,7.616),5)]

+-+-+-+-+-+-+-+-+-+-+-+-+-+-+-+-+-+-+-+-+-+- Iteracion 118  +-+-+-+-+-+-+-+-+-+-+-+-+-+-+-+-+-+-+-+-+-+-


Ruta #1: [1, 31, 27, 17, 8, 2, 13]
Costo asociado: 95.03300000000002      Capacidad: 90.0

Ruta #2: [1, 15, 25, 28, 21]
Costo asociado: 99.316      Capacidad: 55.0

Ruta #3: [1, 14, 22, 32, 20, 18, 4]
Costo asociado: 203.47400000000002      Capacidad: 86.0

Ruta #4: [1, 7, 3, 24, 29, 9, 12, 5]
Costo asociado: 242.498      Capacidad: 95.0

Ruta #5: [1, 26, 6, 11, 30, 16, 23, 10, 19]
Costo asociado: 287.70099999999996      Capacidad: 84.0

--> Costo total: 927.591          Capacidad total: 410.0

+-+-+-+-+-+-+-+-+-+-+-+-+-+-+-+-+-+-+-+-+-+- Iteracion 118  +-+-+-+-+-+-+-+-+-+-+-+-+-+-+-+-+-+-+-+-+-+-

La solución anterior duró 0min 0seg    -------> Nuevo optimo local. Costo: 927.591       ==> Optimo: 784.0  Desvio: 18.4%
Lista tabu: [((11,16,17.117),4), ((30,10,35.847),4), ((11,30,20.809),2), ((31,27,7.071),1), ((13,1,28.844),1), ((2,13,8.246),1), ((1,15,27.019),2), ((15,25,3.0),2), ((31,27,7.071),2), ((15,27,19.416),1), ((32,20,5.385),3), ((18,4,42.426),3), ((18,32,7.616),2), ((16,10,26.019),8), ((23,19,17.205),8), ((16,23,23.345),6), ((14,22,17.804),5), ((18,4,42.426),5), ((20,18,2.236),5), ((14,18,24.042),4), ((29,9,12.728),6), ((9,12,16.643),6), ((23,10,4.243),6), ((9,10,19.209),5)]

+-+-+-+-+-+-+-+-+-+-+-+-+-+-+-+-+-+-+-+-+-+- Iteracion 130  +-+-+-+-+-+-+-+-+-+-+-+-+-+-+-+-+-+-+-+-+-+-


Ruta #1: [1, 31, 27, 17, 8, 2, 13]
Costo asociado: 95.03300000000002      Capacidad: 90.0

Ruta #2: [1, 15, 25, 28, 21]
Costo asociado: 99.316      Capacidad: 55.0

Ruta #3: [1, 14, 22, 32, 20, 18, 4]
Costo asociado: 203.47400000000002      Capacidad: 86.0

Ruta #4: [1, 7, 3, 24, 29, 12, 5]
Costo asociado: 231.80900000000003      Capacidad: 89.0

Ruta #5: [1, 26, 6, 11, 30, 16, 23, 10, 9, 19]
Costo asociado: 297.95899999999995      Capacidad: 90.0

--> Costo total: 926.066          Capacidad total: 410.0

+-+-+-+-+-+-+-+-+-+-+-+-+-+-+-+-+-+-+-+-+-+- Iteracion 130  +-+-+-+-+-+-+-+-+-+-+-+-+-+-+-+-+-+-+-+-+-+-

La solución anterior duró 0min 0seg    -------> Nuevo optimo local. Costo: 926.066       ==> Optimo: 784.0  Desvio: 18.3%
Lista tabu: [((14,22,17.804),1), ((18,4,42.426),1), ((20,18,2.236),1), ((27,17,8.944),2), ((2,13,8.246),2), ((8,2,13.0),2), ((2,27,19.416),1), ((31,27,7.071),3), ((8,2,13.0),3), ((17,8,12.649),3), ((8,31,21.024),2), ((32,20,5.385),4), ((18,4,42.426),4), ((18,32,7.616),3), ((1,31,16.279),5), ((17,8,12.649),5), ((27,17,8.944),5), ((1,17,25.71),4), ((9,19,9.434),6), ((19,1,76.844),6), ((24,29,19.925),6), ((19,29,17.464),5)]

+-+-+-+-+-+-+-+-+-+-+-+-+-+-+-+-+-+-+-+-+-+- Iteracion 133  +-+-+-+-+-+-+-+-+-+-+-+-+-+-+-+-+-+-+-+-+-+-


Ruta #1: [1, 31, 27, 17, 8, 2, 13]
Costo asociado: 95.03300000000002      Capacidad: 90.0

Ruta #2: [1, 15, 25, 28, 6, 21]
Costo asociado: 130.103      Capacidad: 62.0

Ruta #3: [1, 14, 22, 32, 20, 18, 4]
Costo asociado: 203.47400000000002      Capacidad: 86.0

Ruta #4: [1, 7, 3, 24, 29, 12, 5]
Costo asociado: 231.80900000000003      Capacidad: 89.0

Ruta #5: [1, 26, 11, 30, 16, 23, 10, 9, 19]
Costo asociado: 265.647      Capacidad: 83.0

--> Costo total: 924.0239999999999          Capacidad total: 410.0

+-+-+-+-+-+-+-+-+-+-+-+-+-+-+-+-+-+-+-+-+-+- Iteracion 133  +-+-+-+-+-+-+-+-+-+-+-+-+-+-+-+-+-+-+-+-+-+-

La solución anterior duró 0min 0seg    -------> Nuevo optimo local. Costo: 924.0239999999999       ==> Optimo: 784.0  Desvio: 18.1%
Lista tabu: [((32,20,5.385),1), ((18,4,42.426),1), ((1,31,16.279),2), ((17,8,12.649),2), ((27,17,8.944),2), ((1,17,25.71),1), ((9,19,9.434),3), ((19,1,76.844),3), ((24,29,19.925),3), ((19,29,17.464),2), ((26,6,21.541),8), ((6,11,26.926),8), ((28,21,25.0),8), ((6,21,21.378),6), ((27,17,8.944),5), ((13,1,28.844),5), ((2,13,8.246),5), ((13,27,18.248),4), ((1,15,27.019),6), ((15,25,3.0),6), ((31,27,7.071),6), ((15,27,19.416),5)]

+-+-+-+-+-+-+-+-+-+-+-+-+-+-+-+-+-+-+-+-+-+- Iteracion 155  +-+-+-+-+-+-+-+-+-+-+-+-+-+-+-+-+-+-+-+-+-+-


Ruta #1: [1, 31, 27, 17, 8, 2, 13]
Costo asociado: 95.03300000000002      Capacidad: 90.0

Ruta #2: [1, 15, 25, 28, 6, 21]
Costo asociado: 130.103      Capacidad: 62.0

Ruta #3: [1, 14, 22, 32, 20, 18, 4]
Costo asociado: 203.47400000000002      Capacidad: 86.0

Ruta #4: [1, 7, 3, 24, 29, 5, 12]
Costo asociado: 229.767      Capacidad: 89.0

Ruta #5: [1, 26, 11, 30, 16, 23, 10, 9, 19]
Costo asociado: 265.647      Capacidad: 83.0

--> Costo total: 881.848          Capacidad total: 410.0

+-+-+-+-+-+-+-+-+-+-+-+-+-+-+-+-+-+-+-+-+-+- Iteracion 155  +-+-+-+-+-+-+-+-+-+-+-+-+-+-+-+-+-+-+-+-+-+-

La solución anterior duró 0min 0seg    -------> Nuevo optimo local. Costo: 881.848       ==> Optimo: 784.0  Desvio: 17.9%
Lista tabu: [((17,8,12.649),1), ((2,13,8.246),1), ((32,20,5.385),2), ((18,4,42.426),2), ((18,32,7.616),1), ((1,15,27.019),3), ((25,28,8.062),3), ((1,25,25.239),2), ((31,27,7.071),4), ((2,13,8.246),4), ((8,2,13.0),4), ((2,31,19.416),3), ((1,15,27.019),5), ((15,25,3.0),5), ((31,27,7.071),5), ((15,27,19.416),4), ((32,20,5.385),6), ((18,4,42.426),6), ((18,32,7.616),5)]

+-+-+-+-+-+-+-+-+-+-+-+-+-+-+-+-+-+-+-+-+-+- Iteracion 163  +-+-+-+-+-+-+-+-+-+-+-+-+-+-+-+-+-+-+-+-+-+-


Ruta #1: [1, 31, 27, 17, 8, 2, 13]
Costo asociado: 95.03300000000002      Capacidad: 90.0

Ruta #2: [1, 15, 25, 28, 6, 21]
Costo asociado: 130.103      Capacidad: 62.0

Ruta #3: [1, 14, 22, 32, 20, 18]
Costo asociado: 160.00900000000001      Capacidad: 80.0

Ruta #4: [1, 7, 3, 4, 24, 29, 5, 12]
Costo asociado: 231.05599999999998      Capacidad: 95.0

Ruta #5: [1, 26, 11, 30, 16, 23, 10, 9, 19]
Costo asociado: 265.647      Capacidad: 83.0

--> Costo total: 878.202          Capacidad total: 410.0

+-+-+-+-+-+-+-+-+-+-+-+-+-+-+-+-+-+-+-+-+-+- Iteracion 163  +-+-+-+-+-+-+-+-+-+-+-+-+-+-+-+-+-+-+-+-+-+-

La solución anterior duró 0min 0seg    -------> Nuevo optimo local. Costo: 878.202       ==> Optimo: 784.0  Desvio: 12.5%
Lista tabu: [((18,4,42.426),3), ((4,1,75.584),3), ((3,24,8.944),3), ((4,24,7.071),1), ((27,17,8.944),1), ((8,2,13.0),1), ((22,32,9.0),2), ((20,18,2.236),2), ((20,22,12.083),1), ((1,31,16.279),3), ((27,17,8.944),3), ((1,27,21.095),2), ((10,9,19.209),4), ((19,1,76.844),4), ((10,19,18.385),3), ((31,27,7.071),5), ((2,13,8.246),5), ((8,2,13.0),5), ((2,31,19.416),4), ((31,27,7.071),6), ((2,13,8.246),6), ((8,2,13.0),6), ((2,31,19.416),5)]

+-+-+-+-+-+-+-+-+-+-+-+-+-+-+-+-+-+-+-+-+-+- Iteracion 166  +-+-+-+-+-+-+-+-+-+-+-+-+-+-+-+-+-+-+-+-+-+-


Ruta #1: [1, 31, 27, 17, 8, 2, 13]
Costo asociado: 95.03300000000002      Capacidad: 90.0

Ruta #2: [1, 15, 25, 28, 21]
Costo asociado: 99.316      Capacidad: 55.0

Ruta #3: [1, 14, 22, 32, 20, 18]
Costo asociado: 160.00900000000001      Capacidad: 80.0

Ruta #4: [1, 7, 3, 4, 24, 29, 5, 12]
Costo asociado: 231.05599999999998      Capacidad: 95.0

Ruta #5: [1, 26, 11, 6, 30, 16, 23, 10, 9, 19]
Costo asociado: 292.788      Capacidad: 90.0

--> Costo total: 863.1980000000001          Capacidad total: 410.0

+-+-+-+-+-+-+-+-+-+-+-+-+-+-+-+-+-+-+-+-+-+- Iteracion 166  +-+-+-+-+-+-+-+-+-+-+-+-+-+-+-+-+-+-+-+-+-+-

La solución anterior duró 0min 0seg    -------> Nuevo optimo local. Costo: 863.1980000000001       ==> Optimo: 784.0  Desvio: 12.0%
Lista tabu: [((10,9,19.209),1), ((19,1,76.844),1), ((31,27,7.071),2), ((2,13,8.246),2), ((8,2,13.0),2), ((2,31,19.416),1), ((31,27,7.071),3), ((2,13,8.246),3), ((8,2,13.0),3), ((2,31,19.416),2), ((28,6,34.409),8), ((6,21,21.378),8), ((11,30,20.809),8), ((6,30,21.024),6), ((31,27,7.071),5), ((13,1,28.844),5), ((2,13,8.246),5), ((13,31,15.264),4), ((22,32,9.0),6), ((18,1,74.545),6), ((20,18,2.236),6), ((18,22,13.892),5)]

+-+-+-+-+-+-+-+-+-+-+-+-+-+-+-+-+-+-+-+-+-+- Iteracion 171  +-+-+-+-+-+-+-+-+-+-+-+-+-+-+-+-+-+-+-+-+-+-


Ruta #1: [1, 31, 27, 17, 2, 13]
Costo asociado: 80.01400000000001      Capacidad: 74.0

Ruta #2: [1, 15, 25, 28, 21]
Costo asociado: 99.316      Capacidad: 55.0

Ruta #3: [1, 8, 14, 22, 32, 20, 18]
Costo asociado: 160.024      Capacidad: 96.0

Ruta #4: [1, 7, 3, 4, 24, 29, 5, 12]
Costo asociado: 231.05599999999998      Capacidad: 95.0

Ruta #5: [1, 26, 11, 6, 30, 16, 23, 10, 9, 19]
Costo asociado: 292.788      Capacidad: 90.0

--> Costo total: 862.5920000000001          Capacidad total: 410.0

+-+-+-+-+-+-+-+-+-+-+-+-+-+-+-+-+-+-+-+-+-+- Iteracion 171  +-+-+-+-+-+-+-+-+-+-+-+-+-+-+-+-+-+-+-+-+-+-

La solución anterior duró 0min 0seg    -------> Nuevo optimo local. Costo: 862.5920000000001       ==> Optimo: 784.0  Desvio: 10.1%
Lista tabu: [((28,6,34.409),3), ((6,21,21.378),3), ((11,30,20.809),3), ((6,30,21.024),1), ((22,32,9.0),1), ((18,1,74.545),1), ((20,18,2.236),1), ((17,8,12.649),6), ((8,2,13.0),6), ((1,14,51.039),6), ((8,14,14.0),4), ((31,27,7.071),3), ((2,13,8.246),3), ((17,2,10.63),3), ((2,31,19.416),2), ((23,10,4.243),4), ((9,19,9.434),4), ((9,23,20.125),3), ((27,17,8.944),5), ((13,1,28.844),5), ((2,13,8.246),5), ((13,27,18.248),4), ((23,10,4.243),6), ((9,19,9.434),6), ((9,23,20.125),5)]

Ruta #1: [1, 31, 27, 17, 2, 13]
Costo asociado: 80.01400000000001      Capacidad: 74.0

Ruta #2: [1, 15, 25, 28, 21]
Costo asociado: 99.316      Capacidad: 55.0

Ruta #3: [1, 8, 14, 22, 32, 20, 18]
Costo asociado: 160.024      Capacidad: 96.0

Ruta #4: [1, 7, 4, 3, 24, 29, 5, 12]
Costo asociado: 230.45      Capacidad: 95.0

Ruta #5: [1, 26, 11, 6, 30, 16, 23, 10, 9, 19]
Costo asociado: 292.788      Capacidad: 90.0

--> Costo total: 871.0550000000001          Capacidad total: 410.0

+-+-+-+-+-+-+-+-+-+-+-+-+-+-+-+-+-+-+-+-+-+- Iteracion 573  +-+-+-+-+-+-+-+-+-+-+-+-+-+-+-+-+-+-+-+-+-+-


Ruta #1: [1, 31, 27, 17, 2, 13]
Costo asociado: 80.01400000000001      Capacidad: 74.0

Ruta #2: [1, 15, 25, 28, 21]
Costo asociado: 99.316      Capacidad: 55.0

Ruta #3: [1, 8, 14, 22, 32, 20, 18]
Costo asociado: 160.024      Capacidad: 96.0

Ruta #4: [1, 7, 4, 3, 24, 29, 5, 12]
Costo asociado: 230.45      Capacidad: 95.0

Ruta #5: [1, 26, 11, 6, 30, 16, 23, 10, 9, 19]
Costo asociado: 292.788      Capacidad: 90.0

--> Costo total: 866.779          Capacidad total: 410.0

+-+-+-+-+-+-+-+-+-+-+-+-+-+-+-+-+-+-+-+-+-+- Iteracion 573  +-+-+-+-+-+-+-+-+-+-+-+-+-+-+-+-+-+-+-+-+-+-

Nuevo optimo. Costo: 866.779
Lista tabu: [((22,32,9.0),5), ((20,18,2.236),5), ((20,22,12.083),4), ((14,22,17.804),6), ((20,32,5.385),6), ((14,20,23.77),5)]

+-+-+-+-+-+-+-+-+-+-+-+-+-+-+-+-+-+-+-+-+-+- Iteracion 574  +-+-+-+-+-+-+-+-+-+-+-+-+-+-+-+-+-+-+-+-+-+-


Ruta #1: [1, 31, 27, 17, 2, 13]
Costo asociado: 80.01400000000001      Capacidad: 74.0

Ruta #2: [1, 15, 25, 28, 21]
Costo asociado: 99.316      Capacidad: 55.0

Ruta #3: [1, 8, 14, 22, 32, 20, 18]
Costo asociado: 160.024      Capacidad: 96.0

Ruta #4: [1, 7, 4, 3, 24, 29, 5, 12]
Costo asociado: 230.45      Capacidad: 95.0

Ruta #5: [1, 26, 11, 6, 30, 16, 23, 10, 9, 19]
Costo asociado: 292.788      Capacidad: 90.0

--> Costo total: 858.316          Capacidad total: 410.0

+-+-+-+-+-+-+-+-+-+-+-+-+-+-+-+-+-+-+-+-+-+- Iteracion 574  +-+-+-+-+-+-+-+-+-+-+-+-+-+-+-+-+-+-+-+-+-+-

La solución anterior duró 0min 3seg    -------> Nuevo optimo local. Costo: 858.316       ==> Optimo: 784.0  Desvio: 10.0%
Lista tabu: [((22,32,9.0),4), ((20,18,2.236),4), ((20,22,12.083),3), ((14,22,17.804),5), ((20,32,5.385),5), ((14,20,23.77),4), ((14,22,17.804),10), ((18,1,74.545),10), ((14,18,24.042),8)]

Ruta #1: [1, 31, 27, 17, 2, 13]
Costo asociado: 80.01400000000001      Capacidad: 74.0

Ruta #2: [1, 15, 25, 28, 21]
Costo asociado: 99.316      Capacidad: 55.0

Ruta #3: [1, 8, 14, 18, 20, 32, 22]
Costo asociado: 155.74800000000002      Capacidad: 96.0

Ruta #4: [1, 7, 4, 3, 24, 29, 5, 12]
Costo asociado: 230.45      Capacidad: 95.0

Ruta #5: [1, 26, 11, 6, 30, 16, 23, 10, 9, 19]
Costo asociado: 292.788      Capacidad: 90.0

--> Costo total: 879.7650000000001          Capacidad total: 410.0

+-+-+-+-+-+-+-+-+-+-+-+-+-+-+-+-+-+-+-+-+-+- Iteracion 1007  +-+-+-+-+-+-+-+-+-+-+-+-+-+-+-+-+-+-+-+-+-+-


Ruta #1: [1, 31, 27, 17, 2, 13]
Costo asociado: 80.01400000000001      Capacidad: 74.0

Ruta #2: [1, 15, 25, 28, 21]
Costo asociado: 99.316      Capacidad: 55.0

Ruta #3: [1, 8, 14, 18, 20, 32, 22]
Costo asociado: 155.74800000000002      Capacidad: 96.0

Ruta #4: [1, 7, 4, 3, 24, 29, 5, 12]
Costo asociado: 230.45      Capacidad: 95.0

Ruta #5: [1, 26, 11, 6, 30, 16, 23, 10, 9, 19]
Costo asociado: 292.788      Capacidad: 90.0

--> Costo total: 858.316          Capacidad total: 410.0

+-+-+-+-+-+-+-+-+-+-+-+-+-+-+-+-+-+-+-+-+-+- Iteracion 1007  +-+-+-+-+-+-+-+-+-+-+-+-+-+-+-+-+-+-+-+-+-+-

Nuevo optimo. Costo: 858.316
Lista tabu: [((29,5,12.806),1), ((12,1,101.415),1), ((17,2,10.63),2), ((13,1,28.844),2), ((13,17,10.05),1), ((14,18,24.042),3), ((18,22,13.892),3), ((32,20,5.385),3), ((20,1,73.824),3), ((14,20,23.77),2), ((4,3,3.162),4), ((24,29,19.925),4), ((4,24,7.071),3), ((22,32,9.0),5), ((20,1,73.824),5), ((20,22,12.083),4), ((10,9,19.209),6), ((19,1,76.844),6), ((10,19,18.385),5)]

Ruta #1: [1, 31, 27, 17, 2, 13]
Costo asociado: 80.01400000000001      Capacidad: 74.0

Ruta #2: [1, 15, 25, 28, 21]
Costo asociado: 99.316      Capacidad: 55.0

Ruta #3: [1, 8, 14, 18, 20, 32, 22]
Costo asociado: 155.74800000000002      Capacidad: 96.0

Ruta #4: [1, 7, 4, 3, 24, 29, 5, 12]
Costo asociado: 230.45      Capacidad: 95.0

Ruta #5: [1, 26, 11, 6, 30, 16, 23, 10, 9, 19]
Costo asociado: 292.788      Capacidad: 90.0

--> Costo total: 860.3580000000001          Capacidad total: 410.0

+-+-+-+-+-+-+-+-+-+-+-+-+-+-+-+-+-+-+-+-+-+- Iteracion 1527  +-+-+-+-+-+-+-+-+-+-+-+-+-+-+-+-+-+-+-+-+-+-


Ruta #1: [1, 31, 27, 17, 2, 13]
Costo asociado: 80.01400000000001      Capacidad: 74.0

Ruta #2: [1, 15, 25, 28, 21]
Costo asociado: 99.316      Capacidad: 55.0

Ruta #3: [1, 8, 14, 18, 20, 32, 22]
Costo asociado: 155.74800000000002      Capacidad: 96.0

Ruta #4: [1, 7, 4, 3, 24, 29, 5, 12]
Costo asociado: 230.45      Capacidad: 95.0

Ruta #5: [1, 26, 11, 6, 30, 16, 23, 10, 9, 19]
Costo asociado: 292.788      Capacidad: 90.0

--> Costo total: 858.316          Capacidad total: 410.0

+-+-+-+-+-+-+-+-+-+-+-+-+-+-+-+-+-+-+-+-+-+- Iteracion 1527  +-+-+-+-+-+-+-+-+-+-+-+-+-+-+-+-+-+-+-+-+-+-

Nuevo optimo. Costo: 858.316
Lista tabu: [((10,9,19.209),1), ((19,1,76.844),1), ((4,3,3.162),2), ((24,29,19.925),2), ((4,24,7.071),1), ((15,25,3.0),3), ((31,27,7.071),3), ((15,27,19.416),2), ((20,32,5.385),4), ((22,1,64.031),4), ((20,22,12.083),3), ((8,14,14.0),5), ((27,17,8.944),5), ((8,17,12.649),4), ((31,27,7.071),6), ((2,13,8.246),6), ((2,31,19.416),5)]

Ruta #1: [1, 31, 27, 17, 2, 13]
Costo asociado: 80.01400000000001      Capacidad: 74.0

Ruta #2: [1, 15, 25, 28, 21]
Costo asociado: 99.316      Capacidad: 55.0

Ruta #3: [1, 8, 14, 18, 20, 32, 22]
Costo asociado: 155.74800000000002      Capacidad: 96.0

Ruta #4: [1, 7, 4, 3, 24, 29, 5, 12]
Costo asociado: 230.45      Capacidad: 95.0

Ruta #5: [1, 26, 11, 6, 30, 16, 23, 10, 9, 19]
Costo asociado: 292.788      Capacidad: 90.0

--> Costo total: 864.4860000000001          Capacidad total: 410.0

+-+-+-+-+-+-+-+-+-+-+-+-+-+-+-+-+-+-+-+-+-+- Iteracion 1947  +-+-+-+-+-+-+-+-+-+-+-+-+-+-+-+-+-+-+-+-+-+-


Ruta #1: [1, 31, 27, 17, 2, 13]
Costo asociado: 80.01400000000001      Capacidad: 74.0

Ruta #2: [1, 15, 25, 28, 21]
Costo asociado: 99.316      Capacidad: 55.0

Ruta #3: [1, 8, 14, 18, 20, 32, 22]
Costo asociado: 155.74800000000002      Capacidad: 96.0

Ruta #4: [1, 7, 4, 3, 24, 29, 5, 12]
Costo asociado: 230.45      Capacidad: 95.0

Ruta #5: [1, 26, 11, 6, 30, 16, 23, 10, 9, 19]
Costo asociado: 292.788      Capacidad: 90.0

--> Costo total: 858.316          Capacidad total: 410.0

+-+-+-+-+-+-+-+-+-+-+-+-+-+-+-+-+-+-+-+-+-+- Iteracion 1947  +-+-+-+-+-+-+-+-+-+-+-+-+-+-+-+-+-+-+-+-+-+-

Nuevo optimo. Costo: 858.316
Lista tabu: [((11,6,26.926),1), ((16,23,23.345),1), ((8,14,14.0),2), ((14,18,24.042),2), ((31,27,7.071),2), ((27,13,18.248),2), ((8,27,16.492),1), ((4,3,3.162),3), ((24,29,19.925),3), ((4,24,7.071),2), ((4,3,3.162),4), ((24,29,19.925),4), ((4,24,7.071),3), ((20,32,5.385),5), ((22,1,64.031),5), ((20,22,12.083),4), ((11,6,26.926),6), ((16,23,23.345),6), ((11,16,17.117),5)]

Ruta #1: [1, 31, 27, 17, 2, 13]
Costo asociado: 80.01400000000001      Capacidad: 74.0

Ruta #2: [1, 15, 25, 28, 21]
Costo asociado: 99.316      Capacidad: 55.0

Ruta #3: [1, 8, 14, 18, 20, 32, 22]
Costo asociado: 155.74800000000002      Capacidad: 96.0

Ruta #4: [1, 7, 4, 3, 24, 29, 5, 12]
Costo asociado: 230.45      Capacidad: 95.0

Ruta #5: [1, 26, 11, 6, 30, 16, 23, 10, 9, 19]
Costo asociado: 292.788      Capacidad: 90.0

