+-+-+-+-+-+-+-+-+-+-+-+-+-+-+ GRAFO CARGADO +-+-+-+-+-+-+-+-+-+-+-+-+-+-+-
        1         2         3         4         5         6         7         8         9         10        11        12        13        14        15        16        17        18        19        20        21        22        23        24        25        26        27        28        29        30        31        32        33        34        35        36        37
1     0         57.219    86.649    61.66    24.207    74.525    25.0    16.125    55.362    70.838    69.656    78.816    94.366    41.881    11.18    67.779    16.031    36.235    23.324    43.463    39.319    72.45    90.609    104.043    10.0    50.16    58.258    56.754    91.924    18.028    66.641    42.154    69.376    71.386    38.484    52.086    20.1    
2     57.219    0         41.4    5.657    42.942    18.868    33.061    58.873    14.866    29.732    60.415    69.871    77.104    52.498    46.53    75.153    61.685    33.302    40.719    27.803    18.0    37.855    66.753    70.774    65.924    76.381    43.681    92.957    48.826    67.742    70.774    27.659    81.884    23.022    30.414    78.518    57.009    
3     86.649    41.4    0         42.544    64.327    43.932    67.742    80.895    55.758    15.811    46.043    50.912    48.754    59.414    75.611    66.888    83.863    51.196    64.031    43.417    54.203    17.464    36.249    32.14    92.65    81.043    38.079    99.725    7.616    101.553    61.911    44.643    74.947    18.439    48.508    82.565    93.295    
4     61.66    5.657    42.544    0         48.374    13.416    37.054    64.078    13.454    32.558    65.253    74.525    81.0    58.138    51.196    80.498    66.851    38.949    46.065    33.422    22.361    41.195    70.257    73.055    70.612    82.037    48.703    98.595    50.12    71.253    76.059    33.302    87.321    24.698    36.069    84.172    60.017    
5     24.207    42.942    64.327    48.374    0         61.774    22.561    17.029    47.381    48.662    46.325    55.946    70.803    20.396    15.264    48.374    20.025    13.153    3.162    21.095    28.284    49.041    66.483    79.881    28.46    38.079    34.059    51.856    68.964    41.725    46.098    20.025    52.01    51.01    16.031    40.311    38.91    
6     74.525    18.868    43.932    13.416    61.774    0         49.649    77.473    21.378    38.471    74.847    83.487    87.824    70.711    64.288    91.586    80.231    52.01    59.481    45.967    35.44    47.676    76.236    75.954    83.678    94.795    59.059    111.665    51.42    83.0    86.954    46.011    98.737    29.155    49.041    96.897    71.176    
7     25.0    33.061    67.742    37.054    22.561    49.649    0         31.828    30.463    52.431    64.195    74.33    87.235    42.012    15.811    70.007    33.971    25.298    19.416    28.844    15.133    56.586    80.455    90.609    34.54    60.407    48.754    72.719    74.061    34.928    67.186    27.459    74.243    50.567    25.495    62.626    25.554    
8     16.125    58.873    80.895    64.078    17.029    77.473    31.828    0         61.033    65.376    56.639    65.115    81.345    28.32    16.643    52.326    3.0    30.017    18.439    38.013    42.544    65.0    79.057    93.941    14.142    34.059    47.854    42.154    85.147    33.242    51.624    37.0    53.451    68.029    33.0    36.014    36.0    
9     55.362    14.866    55.758    13.454    47.381    21.378    30.463    61.033    0         44.598    73.437    83.217    91.444    61.294    46.065    86.331    63.514    41.183    44.553    37.947    19.105    52.631    81.394    85.615    65.0    84.054    56.436    99.156    63.285    62.129    82.28    37.336    92.477    37.59    38.91    86.267    50.01    
10    70.838    29.732    15.811    32.558    48.662    38.471    52.431    65.376    44.598    0         38.601    46.065    49.366    45.607    59.808    58.0    68.359    35.511    48.27    27.659    39.598    9.22    38.0    41.146    76.903    68.542    26.077    87.092    21.633    85.866    53.038    28.862    65.856    9.487    32.757    70.264    77.936    
11    69.656    60.415    46.043    65.253    46.325    74.847    64.195    56.639    73.437    38.601    0         10.198    24.759    28.32    61.587    21.024    58.898    38.897    48.374    37.216    59.211    30.414    24.042    41.437    70.767    40.2    17.029    58.009    45.188    87.618    16.155    38.328    29.069    47.707    39.051    41.049    85.088    
12    78.816    69.871    50.912    74.525    55.946    83.487    74.33    65.115    83.217    46.065    10.198    0         17.0    37.014    71.197    21.024    67.179    49.041    58.138    47.381    69.354    37.216    21.213    39.205    79.246    44.272    27.019    60.671    48.6    96.835    17.464    48.508    28.16    55.462    49.244    44.643    94.826    
13    94.366    77.104    48.754    81.0    70.803    87.824    87.235    81.345    91.444    49.366    24.759    17.0    0         53.038    86.023    37.108    83.546    62.177    72.67    58.873    80.081    40.2    12.53    26.833    95.483    61.098    38.484    76.903    44.102    112.294    34.176    60.166    43.29    58.694    61.741    61.351    109.293    
14    41.881    52.498    59.414    58.138    20.396    70.711    42.012    28.32    61.294    45.607    28.32    37.014    53.038    0         35.114    28.071    30.61    20.125    23.195    24.759    43.081    42.107    51.108    66.851    42.45    24.207    22.091    42.059    62.0    59.908    25.71    24.839    32.388    51.478    22.472    26.249    58.873    
15    11.18    46.53    75.611    51.196    15.264    64.288    15.811    16.643    46.065    59.808    61.587    71.197    86.023    35.114    0         62.586    18.439    25.807    13.454    32.65    28.862    61.774    81.345    94.021    19.416    48.508    48.795    58.6    81.025    27.019    60.729    31.305    65.376    60.208    27.785    50.636    23.77    
16    67.779    75.153    66.888    80.498    48.374    91.586    70.007    52.326    86.331    58.0    21.024    21.024    37.108    28.071    62.586    0         53.712    46.53    51.245    48.384    69.426    50.606    42.048    60.075    65.863    24.698    32.802    39.812    66.212    85.493    5.0    49.041    8.062    66.528    48.052    24.597    86.128    
17    16.031    61.685    83.863    66.851    20.025    80.231    33.971    3.0    63.514    68.359    58.898    67.179    83.546    30.61    18.439    53.712    0         33.015    21.378    41.012    45.177    67.912    81.541    96.602    12.207    34.366    50.567    41.11    88.074    32.28    53.254    40.0    54.424    71.028    36.0    36.222    36.125    
18    36.235    33.302    51.196    38.949    13.153    52.01    25.298    30.017    41.183    35.511    38.897    49.041    62.177    20.125    25.807    46.53    33.015    0         13.0    8.0    23.087    36.249    56.223    68.25    41.485    43.278    23.854    59.666    55.973    52.802    43.105    7.071    51.923    38.118    3.162    45.453    47.634    
19    23.324    40.719    64.031    46.065    3.162    59.481    19.416    18.439    44.553    48.27    48.374    58.138    72.67    23.195    13.454    51.245    21.378    13.0    0         20.616    25.495    49.244    67.897    80.802    28.636    41.231    35.355    54.818    68.949    40.361    48.836    19.416    55.036    50.04    15.524    43.463    36.715    
20    43.463    27.803    43.417    33.422    21.095    45.967    28.844    38.013    37.947    27.659    37.216    47.381    58.873    24.759    32.65    48.384    41.012    8.0    20.616    0         22.023    29.155    51.624    62.241    49.244    48.836    20.616    66.03    48.466    59.363    44.385    1.414    54.626    30.15    5.099    50.931    53.038    
21    39.319    18.0    54.203    22.361    28.284    35.44    15.133    42.544    19.105    39.598    59.211    69.354    80.081    43.081    28.862    69.426    45.177    23.087    25.495    22.023    0         45.222    71.694    79.63    48.27    65.192    42.426    80.056    60.959    50.01    65.765    21.0    75.0    36.359    21.378    67.417    39.925    
22    72.45    37.855    17.464    41.195    49.041    47.676    56.586    65.0    52.631    9.22    30.414    37.216    40.2    42.107    61.774    50.606    67.912    36.249    49.244    29.155    45.222    0         29.069    34.409    77.492    63.6    20.616    82.28    20.224    88.51    45.607    30.529    58.6    18.682    34.0    65.146    81.688    
23    90.609    66.753    36.249    70.257    66.483    76.236    80.455    79.057    81.394    38.0    24.042    21.213    12.53    51.108    81.345    42.048    81.541    56.223    67.897    51.624    71.694    29.069    0         18.028    93.005    63.953    32.558    81.222    31.623    108.19    38.013    53.0    49.366    47.096    55.218    64.63    103.856    
24    104.043    70.774    32.14    73.055    79.881    75.954    90.609    93.941    85.615    41.146    41.437    39.205    26.833    66.851    94.021    60.075    96.602    68.25    80.802    62.241    79.63    34.409    18.028    0         107.541    81.615    46.141    99.126    25.0    121.037    56.0    63.655    67.365    48.384    66.603    82.389    115.278    
25    10.0    65.924    92.65    70.612    28.46    83.678    34.54    14.142    65.0    76.903    70.767    79.246    95.483    42.45    19.416    65.863    12.207    41.485    28.636    49.244    48.27    77.492    93.005    107.541    0         45.607    61.4    49.366    97.417    21.095    65.46    48.052    66.31    78.409    44.147    47.297    27.857    
26    50.16    76.381    81.043    82.037    38.079    94.795    60.407    34.059    84.054    68.542    40.2    44.272    61.098    24.207    48.508    24.698    34.366    43.278    41.231    48.836    65.192    63.6    63.953    81.615    45.607    0         43.012    18.682    82.377    66.491    26.926    48.795    22.023    75.18    46.011    2.236    70.029    
27    58.258    43.681    38.079    48.703    34.059    59.059    48.754    47.854    56.436    26.077    17.029    27.019    38.484    22.091    48.795    32.802    50.567    23.854    35.355    20.616    42.426    20.616    32.558    46.141    61.4    43.012    0         61.685    40.05    75.69    28.018    21.84    40.361    33.971    23.259    44.598    71.4    
28    56.754    92.957    99.725    98.595    51.856    111.665    72.719    42.154    99.156    87.092    58.009    60.671    76.903    42.059    58.6    39.812    41.11    59.666    54.818    66.03    80.056    82.28    81.222    99.126    49.366    18.682    61.685    0         101.0    70.114    43.29    65.803    34.176    93.472    62.626    17.263    76.688    
29    91.924    48.826    7.616    50.12    68.964    51.42    74.061    85.147    63.285    21.633    45.188    48.6    44.102    62.0    81.025    66.212    88.074    55.973    68.949    48.466    60.959    20.224    31.623    25.0    97.417    82.377    40.05    101.0    0         107.355    61.327    49.769    74.25    25.807    53.488    83.744    99.569    
30    18.028    67.742    101.553    71.253    41.725    83.0    34.928    33.242    62.129    85.866    87.618    96.835    112.294    59.908    27.019    85.493    32.28    52.802    40.361    59.363    50.01    88.51    108.19    121.037    21.095    66.491    75.69    70.114    107.355    0         84.534    57.983    86.649    85.094    54.644    68.25    13.0    
31    66.641    70.774    61.911    76.059    46.098    86.954    67.186    51.624    82.28    53.038    16.155    17.464    34.176    25.71    60.729    5.0    53.254    43.105    48.836    44.385    65.765    45.607    38.013    56.0    65.46    26.926    28.018    43.29    61.327    84.534    0         45.122    13.038    61.62    44.407    27.203    84.433    
32    42.154    27.659    44.643    33.302    20.025    46.011    27.459    37.0    37.336    28.862    38.328    48.508    60.166    24.839    31.305    49.041    40.0    7.071    19.416    1.414    21.0    30.529    53.0    63.655    48.052    48.795    21.84    65.803    49.769    57.983    45.122    0         55.154    31.064    4.0    50.912    51.624    
33    69.376    81.884    74.947    87.321    52.01    98.737    74.243    53.451    92.477    65.856    29.069    28.16    43.29    32.388    65.376    8.062    54.424    51.923    55.036    54.626    75.0    58.6    49.366    67.365    66.31    22.023    40.361    34.176    74.25    86.649    13.038    55.154    0         74.25    53.759    21.213    88.459    
34    71.386    23.022    18.439    24.698    51.01    29.155    50.567    68.029    37.59    9.487    47.707    55.462    58.694    51.478    60.208    66.528    71.028    38.118    50.04    30.15    36.359    18.682    47.096    48.384    78.409    75.18    33.971    93.472    25.807    85.094    61.62    31.064    74.25    0         35.057    77.026    76.026    
35    38.484    30.414    48.508    36.069    16.031    49.041    25.495    33.0    38.91    32.757    39.051    49.244    61.741    22.472    27.785    48.052    36.0    3.162    15.524    5.099    21.378    34.0    55.218    66.603    44.147    46.011    23.259    62.626    53.488    54.644    44.407    4.0    53.759    35.057    0         48.166    48.836    
36    52.086    78.518    82.565    84.172    40.311    96.897    62.626    36.014    86.267    70.264    41.049    44.643    61.351    26.249    50.636    24.597    36.222    45.453    43.463    50.931    67.417    65.146    64.63    82.389    47.297    2.236    44.598    17.263    83.744    68.25    27.203    50.912    21.213    77.026    48.166    0         72.007    
37    20.1    57.009    93.295    60.017    38.91    71.176    25.554    36.0    50.01    77.936    85.088    94.826    109.293    58.873    23.77    86.128    36.125    47.634    36.715    53.038    39.925    81.688    103.856    115.278    27.857    70.029    71.4    76.688    99.569    13.0    84.433    51.624    88.459    76.026    48.836    72.007    0         


Demandas:
1: 0.0
2: 1.0
3: 23.0
4: 23.0
5: 5.0
6: 7.0
7: 18.0
8: 12.0
9: 20.0
10: 19.0
11: 19.0
12: 16.0
13: 2.0
14: 26.0
15: 13.0
16: 19.0
17: 17.0
18: 14.0
19: 8.0
20: 10.0
21: 5.0
22: 19.0
23: 12.0
24: 9.0
25: 18.0
26: 4.0
27: 20.0
28: 8.0
29: 3.0
30: 18.0
31: 26.0
32: 21.0
33: 21.0
34: 8.0
35: 19.0
36: 66.0
37: 21.0
+-+-+-+-+-+-+-+-+-+-+-+-+-+-+-+ SOLUCION INICIAL +-+-+-+-+-+-+-+-+-+-+-+-+-+-+-+-

Ruta #1: [1, 2, 21, 4, 6, 9, 22, 27, 5]
Costo asociado: 263.887      Capacidad: 100.0

Ruta #2: [1, 7, 15, 30, 37]
Costo asociado: 100.93      Capacidad: 70.0

Ruta #3: [1, 16, 33, 31, 11]
Costo asociado: 174.69      Capacidad: 85.0

Ruta #4: [1, 17, 25]
Costo asociado: 38.238      Capacidad: 35.0

Ruta #5: [1, 18, 19, 20, 35, 32, 14]
Costo asociado: 145.67000000000002      Capacidad: 98.0

Ruta #6: [1, 12, 13, 23, 24, 29, 3, 10, 34]
Costo asociado: 255.674      Capacidad: 92.0

Ruta #7: [1, 8, 26, 36, 28]
Costo asociado: 126.43699999999998      Capacidad: 90.0

--> Costo total: 1105.526          Capacidad total: 570.0

+-+-+-+-+-+-+-+-+-+-+-+-+-+-+-+-+-+-+-+-+-+-+-+-+- Iteracion 1  +-+-+-+-+-+-+-+-+-+-+-+-+-+-+-+-+-+-+-+-+-+-+-+-+-


Ruta #1: [1, 2, 21, 4, 6, 9, 22, 27, 5]
Costo asociado: 263.887      Capacidad: 100.0

Ruta #2: [1, 7, 15, 30, 37]
Costo asociado: 100.93      Capacidad: 70.0

Ruta #3: [1, 16, 33, 31, 11]
Costo asociado: 174.69      Capacidad: 85.0

Ruta #4: [1, 17, 25]
Costo asociado: 38.238      Capacidad: 35.0

Ruta #5: [1, 18, 19, 20, 35, 32, 14]
Costo asociado: 145.67000000000002      Capacidad: 98.0

Ruta #6: [1, 12, 13, 23, 24, 29, 3, 10, 34]
Costo asociado: 255.674      Capacidad: 92.0

Ruta #7: [1, 8, 26, 36, 28]
Costo asociado: 126.43699999999998      Capacidad: 90.0

--> Costo total: 1094.983          Capacidad total: 570.0

+-+-+-+-+-+-+-+-+-+-+-+-+-+-+-+-+-+-+-+-+-+-+-+-+- Iteracion 1  +-+-+-+-+-+-+-+-+-+-+-+-+-+-+-+-+-+-+-+-+-+-+-+-+-

La solución anterior duró 0min 0seg    -------> Nuevo optimo local. Costo: 1094.983       ==> Optimo: 949.0  Desvio: 15.4%
Lista tabu: []

+-+-+-+-+-+-+-+-+-+-+-+-+-+-+-+-+-+-+-+-+-+-+-+-+- Iteracion 2  +-+-+-+-+-+-+-+-+-+-+-+-+-+-+-+-+-+-+-+-+-+-+-+-+-


Ruta #1: [1, 2, 9, 6, 4, 21, 22, 27, 5]
Costo asociado: 253.34400000000002      Capacidad: 100.0

Ruta #2: [1, 7, 15, 30, 37]
Costo asociado: 100.93      Capacidad: 70.0

Ruta #3: [1, 16, 33, 31, 11]
Costo asociado: 174.69      Capacidad: 85.0

Ruta #4: [1, 17, 25]
Costo asociado: 38.238      Capacidad: 35.0

Ruta #5: [1, 18, 19, 20, 35, 32, 14]
Costo asociado: 145.67000000000002      Capacidad: 98.0

Ruta #6: [1, 12, 13, 23, 24, 29, 3, 10, 34]
Costo asociado: 255.674      Capacidad: 92.0

Ruta #7: [1, 8, 26, 36, 28]
Costo asociado: 126.43699999999998      Capacidad: 90.0

--> Costo total: 1088.83          Capacidad total: 570.0

+-+-+-+-+-+-+-+-+-+-+-+-+-+-+-+-+-+-+-+-+-+-+-+-+- Iteracion 2  +-+-+-+-+-+-+-+-+-+-+-+-+-+-+-+-+-+-+-+-+-+-+-+-+-

La solución anterior duró 0min 0seg    -------> Nuevo optimo local. Costo: 1088.83       ==> Optimo: 949.0  Desvio: 14.7%
Lista tabu: [((2,21,18.0),11), ((9,22,52.631),11), ((2,9,14.866),10)]

+-+-+-+-+-+-+-+-+-+-+-+-+-+-+-+-+-+-+-+-+-+-+-+-+- Iteracion 6  +-+-+-+-+-+-+-+-+-+-+-+-+-+-+-+-+-+-+-+-+-+-+-+-+-


Ruta #1: [1, 2, 9, 6, 4, 21, 22, 27, 5]
Costo asociado: 253.34400000000002      Capacidad: 100.0

Ruta #2: [1, 7, 15, 30, 37]
Costo asociado: 100.93      Capacidad: 70.0

Ruta #3: [1, 16, 33, 31, 11]
Costo asociado: 174.69      Capacidad: 85.0

Ruta #4: [1, 17, 25]
Costo asociado: 38.238      Capacidad: 35.0

Ruta #5: [1, 18, 19, 32, 20, 35, 14]
Costo asociado: 139.517      Capacidad: 98.0

Ruta #6: [1, 12, 13, 23, 24, 29, 3, 10, 34]
Costo asociado: 255.674      Capacidad: 92.0

Ruta #7: [1, 8, 26, 36, 28]
Costo asociado: 126.43699999999998      Capacidad: 90.0

--> Costo total: 1083.509          Capacidad total: 570.0

+-+-+-+-+-+-+-+-+-+-+-+-+-+-+-+-+-+-+-+-+-+-+-+-+- Iteracion 6  +-+-+-+-+-+-+-+-+-+-+-+-+-+-+-+-+-+-+-+-+-+-+-+-+-

La solución anterior duró 0min 0seg    -------> Nuevo optimo local. Costo: 1083.509       ==> Optimo: 949.0  Desvio: 14.2%
Lista tabu: []

+-+-+-+-+-+-+-+-+-+-+-+-+-+-+-+-+-+-+-+-+-+-+-+-+- Iteracion 15  +-+-+-+-+-+-+-+-+-+-+-+-+-+-+-+-+-+-+-+-+-+-+-+-+-


Ruta #1: [1, 2, 9, 6, 4, 21, 22, 27, 5]
Costo asociado: 253.34400000000002      Capacidad: 100.0

Ruta #2: [1, 7, 15, 37, 30]
Costo asociado: 95.60900000000001      Capacidad: 70.0

Ruta #3: [1, 16, 33, 31, 11]
Costo asociado: 174.69      Capacidad: 85.0

Ruta #4: [1, 17, 25]
Costo asociado: 38.238      Capacidad: 35.0

Ruta #5: [1, 18, 19, 32, 20, 35, 14]
Costo asociado: 139.517      Capacidad: 98.0

Ruta #6: [1, 12, 13, 23, 24, 29, 3, 10, 34]
Costo asociado: 255.674      Capacidad: 92.0

Ruta #7: [1, 8, 26, 36, 28]
Costo asociado: 126.43699999999998      Capacidad: 90.0

--> Costo total: 1071.0439999999999          Capacidad total: 570.0

+-+-+-+-+-+-+-+-+-+-+-+-+-+-+-+-+-+-+-+-+-+-+-+-+- Iteracion 15  +-+-+-+-+-+-+-+-+-+-+-+-+-+-+-+-+-+-+-+-+-+-+-+-+-

La solución anterior duró 0min 0seg    -------> Nuevo optimo local. Costo: 1071.0439999999999       ==> Optimo: 949.0  Desvio: 12.9%
Lista tabu: [((7,15,15.811),7), ((15,37,23.77),7), ((20,35,5.099),7), ((35,14,22.472),7), ((7,35,25.495),6)]

+-+-+-+-+-+-+-+-+-+-+-+-+-+-+-+-+-+-+-+-+-+-+-+-+- Iteracion 28  +-+-+-+-+-+-+-+-+-+-+-+-+-+-+-+-+-+-+-+-+-+-+-+-+-


Ruta #1: [1, 2, 4, 6, 9, 21, 22, 27, 5]
Costo asociado: 240.879      Capacidad: 100.0

Ruta #2: [1, 7, 15, 37, 30]
Costo asociado: 95.60900000000001      Capacidad: 70.0

Ruta #3: [1, 16, 33, 31, 11]
Costo asociado: 174.69      Capacidad: 85.0

Ruta #4: [1, 17, 25]
Costo asociado: 38.238      Capacidad: 35.0

Ruta #5: [1, 18, 19, 32, 20, 35, 14]
Costo asociado: 139.517      Capacidad: 98.0

Ruta #6: [1, 12, 13, 23, 24, 29, 3, 10, 34]
Costo asociado: 255.674      Capacidad: 92.0

Ruta #7: [1, 8, 26, 36, 28]
Costo asociado: 126.43699999999998      Capacidad: 90.0

--> Costo total: 1059.0079999999998          Capacidad total: 570.0

+-+-+-+-+-+-+-+-+-+-+-+-+-+-+-+-+-+-+-+-+-+-+-+-+- Iteracion 28  +-+-+-+-+-+-+-+-+-+-+-+-+-+-+-+-+-+-+-+-+-+-+-+-+-

La solución anterior duró 0min 1seg    -------> Nuevo optimo local. Costo: 1059.0079999999998       ==> Optimo: 949.0  Desvio: 11.600000000000001%
Lista tabu: [((19,32,19.416),6), ((20,35,5.099),6), ((19,20,20.616),5), ((1,7,25.0),7), ((37,30,13.0),7), ((15,37,23.77),7), ((1,37,20.1),6)]

+-+-+-+-+-+-+-+-+-+-+-+-+-+-+-+-+-+-+-+-+-+-+-+-+- Iteracion 38  +-+-+-+-+-+-+-+-+-+-+-+-+-+-+-+-+-+-+-+-+-+-+-+-+-


Ruta #1: [1, 2, 4, 6, 9, 21, 22, 27, 5]
Costo asociado: 240.879      Capacidad: 100.0

Ruta #2: [1, 15, 7, 37, 30]
Costo asociado: 83.57300000000001      Capacidad: 70.0

Ruta #3: [1, 16, 33, 31, 11]
Costo asociado: 174.69      Capacidad: 85.0

Ruta #4: [1, 17, 25]
Costo asociado: 38.238      Capacidad: 35.0

Ruta #5: [1, 18, 19, 32, 20, 35, 14]
Costo asociado: 139.517      Capacidad: 98.0

Ruta #6: [1, 12, 13, 23, 24, 29, 3, 10, 34]
Costo asociado: 255.674      Capacidad: 92.0

Ruta #7: [1, 8, 26, 36, 28]
Costo asociado: 126.43699999999998      Capacidad: 90.0

--> Costo total: 1049.8929999999998          Capacidad total: 570.0

+-+-+-+-+-+-+-+-+-+-+-+-+-+-+-+-+-+-+-+-+-+-+-+-+- Iteracion 38  +-+-+-+-+-+-+-+-+-+-+-+-+-+-+-+-+-+-+-+-+-+-+-+-+-

La solución anterior duró 0min 0seg    -------> Nuevo optimo local. Costo: 1049.8929999999998       ==> Optimo: 949.0  Desvio: 10.6%
Lista tabu: [((1,7,25.0),2), ((15,37,23.77),2), ((1,15,11.18),1), ((27,5,34.059),1), ((5,1,24.207),1), ((1,8,16.125),1), ((32,20,1.414),2), ((14,1,41.881),2), ((35,14,22.472),2), ((14,32,24.839),1), ((20,35,5.099),3), ((35,14,22.472),3), ((22,27,20.616),3), ((27,5,34.059),3), ((20,27,20.616),2), ((26,36,2.236),4), ((28,1,56.754),4), ((26,28,18.682),3), ((4,6,13.416),5), ((21,22,45.222),5), ((4,21,22.361),4), ((19,32,19.416),6), ((14,1,41.881),6), ((35,14,22.472),6), ((14,19,23.195),5), ((2,4,5.657),7), ((21,22,45.222),7), ((2,21,18.0),6)]

+-+-+-+-+-+-+-+-+-+-+-+-+-+-+-+-+-+-+-+-+-+-+-+-+- Iteracion 42  +-+-+-+-+-+-+-+-+-+-+-+-+-+-+-+-+-+-+-+-+-+-+-+-+-


Ruta #1: [1, 2, 4, 6, 9, 21, 22, 27, 5]
Costo asociado: 240.879      Capacidad: 100.0

Ruta #2: [1, 15, 7, 37, 30]
Costo asociado: 83.57300000000001      Capacidad: 70.0

Ruta #3: [1, 16, 33, 31, 11]
Costo asociado: 174.69      Capacidad: 85.0

Ruta #4: [1, 17, 25]
Costo asociado: 38.238      Capacidad: 35.0

Ruta #5: [1, 18, 35, 20, 32, 19, 14]
Costo asociado: 130.402      Capacidad: 98.0

Ruta #6: [1, 12, 13, 23, 24, 29, 3, 10, 34]
Costo asociado: 255.674      Capacidad: 92.0

Ruta #7: [1, 8, 26, 36, 28]
Costo asociado: 126.43699999999998      Capacidad: 90.0

--> Costo total: 1047.576          Capacidad total: 570.0

+-+-+-+-+-+-+-+-+-+-+-+-+-+-+-+-+-+-+-+-+-+-+-+-+- Iteracion 42  +-+-+-+-+-+-+-+-+-+-+-+-+-+-+-+-+-+-+-+-+-+-+-+-+-

La solución anterior duró 0min 0seg    -------> Nuevo optimo local. Costo: 1047.576       ==> Optimo: 949.0  Desvio: 10.4%
Lista tabu: [((27,5,34.059),6), ((5,1,24.207),6), ((1,8,16.125),6), ((5,8,17.029),5), ((20,32,1.414),7), ((14,1,41.881),7), ((19,14,23.195),7), ((14,20,24.759),6)]

+-+-+-+-+-+-+-+-+-+-+-+-+-+-+-+-+-+-+-+-+-+-+-+-+- Iteracion 163  +-+-+-+-+-+-+-+-+-+-+-+-+-+-+-+-+-+-+-+-+-+-+-+-+-


Ruta #1: [1, 2, 4, 6, 9, 21, 22, 27, 5]
Costo asociado: 240.879      Capacidad: 100.0

Ruta #2: [1, 15, 7, 37, 30]
Costo asociado: 83.57300000000001      Capacidad: 70.0

Ruta #3: [1, 16, 33, 31, 11]
Costo asociado: 174.69      Capacidad: 85.0

Ruta #4: [1, 17, 25]
Costo asociado: 38.238      Capacidad: 35.0

Ruta #5: [1, 18, 14, 35, 20, 32, 19]
Costo asociado: 128.085      Capacidad: 98.0

Ruta #6: [1, 12, 13, 23, 24, 29, 3, 10, 34]
Costo asociado: 255.674      Capacidad: 92.0

Ruta #7: [1, 8, 26, 36, 28]
Costo asociado: 126.43699999999998      Capacidad: 90.0

--> Costo total: 1046.051          Capacidad total: 570.0

+-+-+-+-+-+-+-+-+-+-+-+-+-+-+-+-+-+-+-+-+-+-+-+-+- Iteracion 163  +-+-+-+-+-+-+-+-+-+-+-+-+-+-+-+-+-+-+-+-+-+-+-+-+-

La solución anterior duró 0min 5seg    -------> Nuevo optimo local. Costo: 1046.051       ==> Optimo: 949.0  Desvio: 10.2%
Lista tabu: [((15,7,15.811),2), ((37,30,13.0),2), ((15,37,23.77),1), ((3,10,15.811),3), ((10,34,9.487),3), ((21,22,45.222),3), ((22,27,20.616),3), ((3,22,17.464),2), ((27,5,34.059),4), ((5,1,24.207),4), ((15,7,15.811),4), ((5,7,22.561),3), ((2,4,5.657),5), ((9,21,19.105),5), ((2,9,14.866),4), ((14,35,22.472),6), ((35,20,5.099),6), ((22,27,20.616),6), ((27,5,34.059),6), ((14,27,22.091),5), ((2,4,5.657),7), ((21,22,45.222),7), ((2,21,18.0),6)]

+-+-+-+-+-+-+-+-+-+-+-+-+-+-+-+-+-+-+-+-+-+-+-+-+- Iteracion 201  +-+-+-+-+-+-+-+-+-+-+-+-+-+-+-+-+-+-+-+-+-+-+-+-+-


Ruta #1: [1, 2, 4, 6, 9, 21, 22, 27, 5]
Costo asociado: 240.879      Capacidad: 100.0

Ruta #2: [1, 15, 7, 37, 30]
Costo asociado: 83.57300000000001      Capacidad: 70.0

Ruta #3: [1, 16, 33, 31, 11]
Costo asociado: 174.69      Capacidad: 85.0

Ruta #4: [1, 17, 25]
Costo asociado: 38.238      Capacidad: 35.0

Ruta #5: [1, 18, 14, 32, 20, 35, 19]
Costo asociado: 126.56      Capacidad: 98.0

Ruta #6: [1, 12, 13, 23, 24, 29, 3, 10, 34]
Costo asociado: 255.674      Capacidad: 92.0

Ruta #7: [1, 8, 26, 36, 28]
Costo asociado: 126.43699999999998      Capacidad: 90.0

--> Costo total: 1044.8719999999998          Capacidad total: 570.0

+-+-+-+-+-+-+-+-+-+-+-+-+-+-+-+-+-+-+-+-+-+-+-+-+- Iteracion 201  +-+-+-+-+-+-+-+-+-+-+-+-+-+-+-+-+-+-+-+-+-+-+-+-+-

La solución anterior duró 0min 2seg    -------> Nuevo optimo local. Costo: 1044.8719999999998       ==> Optimo: 949.0  Desvio: 10.100000000000001%
Lista tabu: [((32,20,1.414),2), ((35,19,15.524),2), ((32,35,4.0),1), ((27,5,34.059),3), ((5,1,24.207),3), ((1,15,11.18),3), ((5,15,15.264),2), ((27,5,34.059),4), ((5,1,24.207),4), ((1,15,11.18),4), ((5,15,15.264),3), ((5,27,34.059),5), ((27,22,20.616),5), ((20,35,5.099),5), ((35,19,15.524),5), ((5,35,16.031),4), ((21,22,45.222),6), ((22,27,20.616),6), ((20,35,5.099),6), ((35,19,15.524),6), ((21,35,21.378),5), ((27,5,34.059),7), ((5,1,24.207),7), ((1,15,11.18),7), ((5,15,15.264),6)]

+-+-+-+-+-+-+-+-+-+-+-+-+-+-+-+-+-+-+-+-+-+-+-+-+- Iteracion 346  +-+-+-+-+-+-+-+-+-+-+-+-+-+-+-+-+-+-+-+-+-+-+-+-+-


Ruta #1: [1, 2, 4, 6, 9, 21, 22, 27, 5]
Costo asociado: 240.879      Capacidad: 100.0

Ruta #2: [1, 15, 7, 37, 30]
Costo asociado: 83.57300000000001      Capacidad: 70.0

Ruta #3: [1, 16, 33, 31, 11]
Costo asociado: 174.69      Capacidad: 85.0

Ruta #4: [1, 17, 25]
Costo asociado: 38.238      Capacidad: 35.0

Ruta #5: [1, 18, 14, 20, 32, 35, 19]
Costo asociado: 125.381      Capacidad: 98.0

Ruta #6: [1, 12, 13, 23, 24, 29, 3, 10, 34]
Costo asociado: 255.674      Capacidad: 92.0

Ruta #7: [1, 8, 26, 36, 28]
Costo asociado: 126.43699999999998      Capacidad: 90.0

--> Costo total: 1035.58          Capacidad total: 570.0

+-+-+-+-+-+-+-+-+-+-+-+-+-+-+-+-+-+-+-+-+-+-+-+-+- Iteracion 346  +-+-+-+-+-+-+-+-+-+-+-+-+-+-+-+-+-+-+-+-+-+-+-+-+-

La solución anterior duró 0min 6seg    -------> Nuevo optimo local. Costo: 1035.58       ==> Optimo: 949.0  Desvio: 9.1%
Lista tabu: [((14,20,24.759),5), ((20,32,1.414),5), ((8,26,34.059),5), ((26,36,2.236),5), ((14,26,24.207),4), ((32,35,4.0),6), ((19,1,23.324),6), ((19,32,19.416),5), ((2,4,5.657),7), ((9,21,19.105),7), ((2,9,14.866),6)]

Ruta #1: [1, 2, 4, 6, 9, 21, 22, 27, 5]
Costo asociado: 240.879      Capacidad: 100.0

Ruta #2: [1, 15, 7, 37, 30]
Costo asociado: 83.57300000000001      Capacidad: 70.0

Ruta #3: [1, 16, 33, 31, 11]
Costo asociado: 174.69      Capacidad: 85.0

Ruta #4: [1, 17, 25]
Costo asociado: 38.238      Capacidad: 35.0

Ruta #5: [1, 18, 35, 32, 20, 14, 19]
Costo asociado: 116.08899999999998      Capacidad: 98.0

Ruta #6: [1, 12, 13, 23, 24, 29, 3, 10, 34]
Costo asociado: 255.674      Capacidad: 92.0

Ruta #7: [1, 8, 26, 36, 28]
Costo asociado: 126.43699999999998      Capacidad: 90.0

--> Costo total: 1044.8719999999998          Capacidad total: 570.0

+-+-+-+-+-+-+-+-+-+-+-+-+-+-+-+-+-+-+-+-+-+-+-+-+- Iteracion 778  +-+-+-+-+-+-+-+-+-+-+-+-+-+-+-+-+-+-+-+-+-+-+-+-+-


Ruta #1: [1, 2, 4, 6, 9, 21, 22, 27, 5]
Costo asociado: 240.879      Capacidad: 100.0

Ruta #2: [1, 15, 7, 37, 30]
Costo asociado: 83.57300000000001      Capacidad: 70.0

Ruta #3: [1, 16, 33, 31, 11]
Costo asociado: 174.69      Capacidad: 85.0

Ruta #4: [1, 17, 25]
Costo asociado: 38.238      Capacidad: 35.0

Ruta #5: [1, 18, 35, 32, 20, 14, 19]
Costo asociado: 116.08899999999998      Capacidad: 98.0

Ruta #6: [1, 12, 13, 23, 24, 29, 3, 10, 34]
Costo asociado: 255.674      Capacidad: 92.0

Ruta #7: [1, 8, 26, 36, 28]
Costo asociado: 126.43699999999998      Capacidad: 90.0

--> Costo total: 1035.58          Capacidad total: 570.0

+-+-+-+-+-+-+-+-+-+-+-+-+-+-+-+-+-+-+-+-+-+-+-+-+- Iteracion 778  +-+-+-+-+-+-+-+-+-+-+-+-+-+-+-+-+-+-+-+-+-+-+-+-+-

Nuevo optimo. Costo: 1035.58
Lista tabu: [((27,5,34.059),6), ((5,1,24.207),6), ((15,7,15.811),6), ((5,7,22.561),5), ((27,5,34.059),7), ((5,1,24.207),7), ((1,15,11.18),7), ((5,15,15.264),6)]

Ruta #1: [1, 2, 4, 6, 9, 21, 22, 27, 5]
Costo asociado: 240.879      Capacidad: 100.0

Ruta #2: [1, 15, 7, 37, 30]
Costo asociado: 83.57300000000001      Capacidad: 70.0

Ruta #3: [1, 16, 33, 31, 11]
Costo asociado: 174.69      Capacidad: 85.0

Ruta #4: [1, 17, 25]
Costo asociado: 38.238      Capacidad: 35.0

Ruta #5: [1, 18, 35, 32, 20, 14, 19]
Costo asociado: 116.08899999999998      Capacidad: 98.0

Ruta #6: [1, 12, 13, 23, 24, 29, 3, 10, 34]
Costo asociado: 255.674      Capacidad: 92.0

Ruta #7: [1, 8, 26, 36, 28]
Costo asociado: 126.43699999999998      Capacidad: 90.0

--> Costo total: 1046.051          Capacidad total: 570.0

+-+-+-+-+-+-+-+-+-+-+-+-+-+-+-+-+-+-+-+-+-+-+-+-+- Iteracion 993  +-+-+-+-+-+-+-+-+-+-+-+-+-+-+-+-+-+-+-+-+-+-+-+-+-


Ruta #1: [1, 2, 4, 6, 9, 21, 22, 27, 5]
Costo asociado: 240.879      Capacidad: 100.0

Ruta #2: [1, 15, 7, 37, 30]
Costo asociado: 83.57300000000001      Capacidad: 70.0

Ruta #3: [1, 16, 33, 31, 11]
Costo asociado: 174.69      Capacidad: 85.0

Ruta #4: [1, 17, 25]
Costo asociado: 38.238      Capacidad: 35.0

Ruta #5: [1, 18, 35, 32, 20, 14, 19]
Costo asociado: 116.08899999999998      Capacidad: 98.0

Ruta #6: [1, 12, 13, 23, 24, 29, 3, 10, 34]
Costo asociado: 255.674      Capacidad: 92.0

Ruta #7: [1, 8, 26, 36, 28]
Costo asociado: 126.43699999999998      Capacidad: 90.0

--> Costo total: 1035.58          Capacidad total: 570.0

+-+-+-+-+-+-+-+-+-+-+-+-+-+-+-+-+-+-+-+-+-+-+-+-+- Iteracion 993  +-+-+-+-+-+-+-+-+-+-+-+-+-+-+-+-+-+-+-+-+-+-+-+-+-

Nuevo optimo. Costo: 1035.58
Lista tabu: [((8,26,34.059),6), ((1,15,11.18),6), ((8,15,16.643),5), ((14,32,24.839),7), ((35,19,15.524),7), ((14,35,22.472),6)]

Ruta #1: [1, 2, 4, 6, 9, 21, 22, 27, 5]
Costo asociado: 240.879      Capacidad: 100.0

Ruta #2: [1, 15, 7, 37, 30]
Costo asociado: 83.57300000000001      Capacidad: 70.0

Ruta #3: [1, 16, 33, 31, 11]
Costo asociado: 174.69      Capacidad: 85.0

Ruta #4: [1, 17, 25]
Costo asociado: 38.238      Capacidad: 35.0

Ruta #5: [1, 18, 35, 32, 20, 14, 19]
Costo asociado: 116.08899999999998      Capacidad: 98.0

Ruta #6: [1, 12, 13, 23, 24, 29, 3, 10, 34]
Costo asociado: 255.674      Capacidad: 92.0

Ruta #7: [1, 8, 26, 36, 28]
Costo asociado: 126.43699999999998      Capacidad: 90.0

--> Costo total: 1047.576          Capacidad total: 570.0

+-+-+-+-+-+-+-+-+-+-+-+-+-+-+-+-+-+-+-+-+-+-+-+-+- Iteracion 1245  +-+-+-+-+-+-+-+-+-+-+-+-+-+-+-+-+-+-+-+-+-+-+-+-+-


Ruta #1: [1, 2, 4, 6, 9, 21, 22, 27, 5]
Costo asociado: 240.879      Capacidad: 100.0

Ruta #2: [1, 15, 7, 37, 30]
Costo asociado: 83.57300000000001      Capacidad: 70.0

Ruta #3: [1, 16, 33, 31, 11]
Costo asociado: 174.69      Capacidad: 85.0

Ruta #4: [1, 17, 25]
Costo asociado: 38.238      Capacidad: 35.0

Ruta #5: [1, 18, 35, 32, 20, 14, 19]
Costo asociado: 116.08899999999998      Capacidad: 98.0

Ruta #6: [1, 12, 13, 23, 24, 29, 3, 10, 34]
Costo asociado: 255.674      Capacidad: 92.0

Ruta #7: [1, 8, 26, 36, 28]
Costo asociado: 126.43699999999998      Capacidad: 90.0

--> Costo total: 1046.051          Capacidad total: 570.0

+-+-+-+-+-+-+-+-+-+-+-+-+-+-+-+-+-+-+-+-+-+-+-+-+- Iteracion 1245  +-+-+-+-+-+-+-+-+-+-+-+-+-+-+-+-+-+-+-+-+-+-+-+-+-

Nuevo optimo. Costo: 1046.051
Lista tabu: []

+-+-+-+-+-+-+-+-+-+-+-+-+-+-+-+-+-+-+-+-+-+-+-+-+- Iteracion 1295  +-+-+-+-+-+-+-+-+-+-+-+-+-+-+-+-+-+-+-+-+-+-+-+-+-


Ruta #1: [1, 2, 4, 6, 9, 21, 22, 27, 5]
Costo asociado: 240.879      Capacidad: 100.0

Ruta #2: [1, 15, 7, 37, 30]
Costo asociado: 83.57300000000001      Capacidad: 70.0

Ruta #3: [1, 16, 33, 31, 11]
Costo asociado: 174.69      Capacidad: 85.0

Ruta #4: [1, 17, 25]
Costo asociado: 38.238      Capacidad: 35.0

Ruta #5: [1, 18, 35, 32, 20, 14, 19]
Costo asociado: 116.08899999999998      Capacidad: 98.0

Ruta #6: [1, 12, 13, 23, 24, 29, 3, 10, 34]
Costo asociado: 255.674      Capacidad: 92.0

Ruta #7: [1, 8, 26, 36, 28]
Costo asociado: 126.43699999999998      Capacidad: 90.0

--> Costo total: 1035.58          Capacidad total: 570.0

+-+-+-+-+-+-+-+-+-+-+-+-+-+-+-+-+-+-+-+-+-+-+-+-+- Iteracion 1295  +-+-+-+-+-+-+-+-+-+-+-+-+-+-+-+-+-+-+-+-+-+-+-+-+-

Nuevo optimo. Costo: 1035.58
Lista tabu: [((5,27,34.059),6), ((27,22,20.616),6), ((20,35,5.099),6), ((35,19,15.524),6), ((5,35,16.031),5), ((18,14,20.125),7), ((19,1,23.324),7), ((18,19,13.0),6)]

Ruta #1: [1, 2, 4, 6, 9, 21, 22, 27, 5]
Costo asociado: 240.879      Capacidad: 100.0

Ruta #2: [1, 15, 7, 37, 30]
Costo asociado: 83.57300000000001      Capacidad: 70.0

Ruta #3: [1, 16, 33, 31, 11]
Costo asociado: 174.69      Capacidad: 85.0

Ruta #4: [1, 17, 25]
Costo asociado: 38.238      Capacidad: 35.0

Ruta #5: [1, 18, 35, 32, 20, 14, 19]
Costo asociado: 116.08899999999998      Capacidad: 98.0

Ruta #6: [1, 12, 13, 23, 24, 29, 3, 10, 34]
Costo asociado: 255.674      Capacidad: 92.0

Ruta #7: [1, 8, 26, 36, 28]
Costo asociado: 126.43699999999998      Capacidad: 90.0

--> Costo total: 1049.8929999999998          Capacidad total: 570.0

+-+-+-+-+-+-+-+-+-+-+-+-+-+-+-+-+-+-+-+-+-+-+-+-+- Iteracion 1501  +-+-+-+-+-+-+-+-+-+-+-+-+-+-+-+-+-+-+-+-+-+-+-+-+-


Ruta #1: [1, 2, 4, 6, 9, 21, 22, 27, 5]
Costo asociado: 240.879      Capacidad: 100.0

Ruta #2: [1, 15, 7, 37, 30]
Costo asociado: 83.57300000000001      Capacidad: 70.0

Ruta #3: [1, 16, 33, 31, 11]
Costo asociado: 174.69      Capacidad: 85.0

Ruta #4: [1, 17, 25]
Costo asociado: 38.238      Capacidad: 35.0

Ruta #5: [1, 18, 35, 32, 20, 14, 19]
Costo asociado: 116.08899999999998      Capacidad: 98.0

Ruta #6: [1, 12, 13, 23, 24, 29, 3, 10, 34]
Costo asociado: 255.674      Capacidad: 92.0

Ruta #7: [1, 8, 26, 36, 28]
Costo asociado: 126.43699999999998      Capacidad: 90.0

--> Costo total: 1047.576          Capacidad total: 570.0

+-+-+-+-+-+-+-+-+-+-+-+-+-+-+-+-+-+-+-+-+-+-+-+-+- Iteracion 1501  +-+-+-+-+-+-+-+-+-+-+-+-+-+-+-+-+-+-+-+-+-+-+-+-+-

Nuevo optimo. Costo: 1047.576
Lista tabu: []

+-+-+-+-+-+-+-+-+-+-+-+-+-+-+-+-+-+-+-+-+-+-+-+-+- Iteracion 1539  +-+-+-+-+-+-+-+-+-+-+-+-+-+-+-+-+-+-+-+-+-+-+-+-+-


Ruta #1: [1, 2, 4, 6, 9, 21, 22, 27, 5]
Costo asociado: 240.879      Capacidad: 100.0

Ruta #2: [1, 15, 7, 37, 30]
Costo asociado: 83.57300000000001      Capacidad: 70.0

Ruta #3: [1, 16, 33, 31, 11]
Costo asociado: 174.69      Capacidad: 85.0

Ruta #4: [1, 17, 25]
Costo asociado: 38.238      Capacidad: 35.0

Ruta #5: [1, 18, 35, 32, 20, 14, 19]
Costo asociado: 116.08899999999998      Capacidad: 98.0

Ruta #6: [1, 12, 13, 23, 24, 29, 3, 10, 34]
Costo asociado: 255.674      Capacidad: 92.0

Ruta #7: [1, 8, 26, 36, 28]
Costo asociado: 126.43699999999998      Capacidad: 90.0

--> Costo total: 1038.301          Capacidad total: 570.0

+-+-+-+-+-+-+-+-+-+-+-+-+-+-+-+-+-+-+-+-+-+-+-+-+- Iteracion 1539  +-+-+-+-+-+-+-+-+-+-+-+-+-+-+-+-+-+-+-+-+-+-+-+-+-

Nuevo optimo. Costo: 1038.301
Lista tabu: []

+-+-+-+-+-+-+-+-+-+-+-+-+-+-+-+-+-+-+-+-+-+-+-+-+- Iteracion 1545  +-+-+-+-+-+-+-+-+-+-+-+-+-+-+-+-+-+-+-+-+-+-+-+-+-


Ruta #1: [1, 2, 4, 6, 9, 21, 22, 27, 5]
Costo asociado: 240.879      Capacidad: 100.0

Ruta #2: [1, 15, 7, 37, 30]
Costo asociado: 83.57300000000001      Capacidad: 70.0

Ruta #3: [1, 16, 33, 31, 11]
Costo asociado: 174.69      Capacidad: 85.0

Ruta #4: [1, 17, 25]
Costo asociado: 38.238      Capacidad: 35.0

Ruta #5: [1, 18, 35, 32, 20, 14, 19]
Costo asociado: 116.08899999999998      Capacidad: 98.0

Ruta #6: [1, 12, 13, 23, 24, 29, 3, 10, 34]
Costo asociado: 255.674      Capacidad: 92.0

Ruta #7: [1, 8, 26, 36, 28]
Costo asociado: 126.43699999999998      Capacidad: 90.0

--> Costo total: 1038.1309999999999          Capacidad total: 570.0

+-+-+-+-+-+-+-+-+-+-+-+-+-+-+-+-+-+-+-+-+-+-+-+-+- Iteracion 1545  +-+-+-+-+-+-+-+-+-+-+-+-+-+-+-+-+-+-+-+-+-+-+-+-+-

Nuevo optimo. Costo: 1038.1309999999999
Lista tabu: [((18,14,20.125),6), ((32,19,19.416),6), ((18,32,7.071),5), ((2,4,5.657),3), ((6,9,21.378),3), ((2,6,18.868),2), ((20,35,5.099),4), ((14,19,23.195),4), ((14,20,24.759),3), ((16,33,8.062),5), ((31,11,16.155),5), ((16,31,5.0),4), ((29,3,7.616),6), ((10,34,9.487),6), ((10,29,21.633),5), ((27,5,34.059),7), ((5,1,24.207),7), ((15,7,15.811),7), ((5,7,22.561),6)]

+-+-+-+-+-+-+-+-+-+-+-+-+-+-+-+-+-+-+-+-+-+-+-+-+- Iteracion 1561  +-+-+-+-+-+-+-+-+-+-+-+-+-+-+-+-+-+-+-+-+-+-+-+-+-


Ruta #1: [1, 2, 4, 6, 9, 21, 22, 27, 5]
Costo asociado: 240.879      Capacidad: 100.0

Ruta #2: [1, 15, 7, 37, 30]
Costo asociado: 83.57300000000001      Capacidad: 70.0

Ruta #3: [1, 16, 33, 31, 11]
Costo asociado: 174.69      Capacidad: 85.0

Ruta #4: [1, 17, 25]
Costo asociado: 38.238      Capacidad: 35.0

Ruta #5: [1, 18, 35, 32, 20, 14, 19]
Costo asociado: 116.08899999999998      Capacidad: 98.0

Ruta #6: [1, 12, 13, 23, 24, 29, 3, 10, 34]
Costo asociado: 255.674      Capacidad: 92.0

Ruta #7: [1, 8, 26, 36, 28]
Costo asociado: 126.43699999999998      Capacidad: 90.0

--> Costo total: 1035.58          Capacidad total: 570.0

+-+-+-+-+-+-+-+-+-+-+-+-+-+-+-+-+-+-+-+-+-+-+-+-+- Iteracion 1561  +-+-+-+-+-+-+-+-+-+-+-+-+-+-+-+-+-+-+-+-+-+-+-+-+-

Nuevo optimo. Costo: 1035.58
Lista tabu: [((8,26,34.059),1), ((26,36,2.236),1), ((1,19,23.324),1), ((19,14,23.195),1), ((5,27,34.059),2), ((27,22,20.616),2), ((32,35,4.0),2), ((35,14,22.472),2), ((5,35,16.031),1), ((18,20,8.0),3), ((32,35,4.0),3), ((18,32,7.071),2), ((4,6,13.416),4), ((9,21,19.105),4), ((4,9,13.454),3), ((4,6,13.416),5), ((9,21,19.105),5), ((4,9,13.454),4), ((35,14,22.472),6), ((19,1,23.324),6), ((19,35,15.524),5), ((21,22,45.222),7), ((22,27,20.616),7), ((32,35,4.0),7), ((35,14,22.472),7), ((21,35,21.378),6)]

Ruta #1: [1, 2, 4, 6, 9, 21, 22, 27, 5]
Costo asociado: 240.879      Capacidad: 100.0

Ruta #2: [1, 15, 7, 37, 30]
Costo asociado: 83.57300000000001      Capacidad: 70.0

Ruta #3: [1, 16, 33, 31, 11]
Costo asociado: 174.69      Capacidad: 85.0

Ruta #4: [1, 17, 25]
Costo asociado: 38.238      Capacidad: 35.0

Ruta #5: [1, 18, 35, 32, 20, 14, 19]
Costo asociado: 116.08899999999998      Capacidad: 98.0

Ruta #6: [1, 12, 13, 23, 24, 29, 3, 10, 34]
Costo asociado: 255.674      Capacidad: 92.0

Ruta #7: [1, 8, 26, 36, 28]
Costo asociado: 126.43699999999998      Capacidad: 90.0

--> Costo total: 1059.0079999999998          Capacidad total: 570.0

+-+-+-+-+-+-+-+-+-+-+-+-+-+-+-+-+-+-+-+-+-+-+-+-+- Iteracion 1776  +-+-+-+-+-+-+-+-+-+-+-+-+-+-+-+-+-+-+-+-+-+-+-+-+-


Ruta #1: [1, 2, 4, 6, 9, 21, 22, 27, 5]
Costo asociado: 240.879      Capacidad: 100.0

Ruta #2: [1, 15, 7, 37, 30]
Costo asociado: 83.57300000000001      Capacidad: 70.0

Ruta #3: [1, 16, 33, 31, 11]
Costo asociado: 174.69      Capacidad: 85.0

Ruta #4: [1, 17, 25]
Costo asociado: 38.238      Capacidad: 35.0

Ruta #5: [1, 18, 35, 32, 20, 14, 19]
Costo asociado: 116.08899999999998      Capacidad: 98.0

Ruta #6: [1, 12, 13, 23, 24, 29, 3, 10, 34]
Costo asociado: 255.674      Capacidad: 92.0

Ruta #7: [1, 8, 26, 36, 28]
Costo asociado: 126.43699999999998      Capacidad: 90.0

--> Costo total: 1033.752          Capacidad total: 570.0

