+-+-+-+-+-+-+-+-+-+-+-+-+-+-+ GRAFO CARGADO +-+-+-+-+-+-+-+-+-+-+-+-+-+-+-
        1         2         3         4         5         6         7         8         9         10        11        12        13        14        15        16        17        18        19        20        21        22        23        24        25        26        27        28        29        30        31        32        33        34        35        36        37        38        39
1     0         40.0    60.033    18.439    77.795    15.232    30.067    56.921    57.723    42.048    67.201    24.413    42.048    12.166    56.321    8.246    87.132    54.332    52.839    72.691    28.844    45.122    61.774    48.166    8.944    80.523    10.198    60.828    32.311    26.683    18.439    49.396    45.255    74.243    64.9    85.088    42.755    46.69    38.833    
2     40.0    0         71.021    55.317    75.71    48.083    10.198    58.31    61.741    80.05    54.0    24.413    80.05    39.85    77.795    42.755    74.243    15.232    26.683    78.0    33.941    10.77    33.106    8.944    48.166    98.407    39.294    42.19    71.021    66.272    40.249    78.23    32.985    81.437    38.626    107.517    8.246    79.624    75.286    
3     60.033    71.021    0         50.596    26.077    74.431    68.029    17.088    12.649    87.658    38.471    76.158    58.0    48.0    18.974    52.154    46.174    84.024    55.606    14.422    38.626    65.299    60.033    72.471    56.886    28.425    70.0    45.695    78.791    71.694    42.048    33.287    41.037    14.56    57.271    40.249    78.892    42.802    50.99    
4     18.439    55.317    50.596    0         72.719    27.203    46.174    52.802    52.154    38.419    68.411    42.802    24.739    16.0    42.048    12.649    86.279    70.342    61.612    64.622    32.311    58.034    70.342    62.514    10.0    66.272    27.203    65.299    28.844    21.633    18.974    32.311    50.16    65.146    72.111    68.964    59.464    28.425    20.591    
5     77.795    75.71    26.077    72.719    0         92.973    76.236    20.881    20.591    110.941    25.612    88.091    83.546    65.788    44.721    70.937    22.0    85.44    52.802    14.142    50.636    67.052    53.254    74.0    76.968    44.181    86.833    37.736    101.548    94.34    59.464    59.363    42.755    18.0    48.415    58.138    83.952    68.819    76.42    
6     15.232    48.083    74.431    27.203    92.973    0         37.947    72.111    72.801    32.249    82.098    26.0    45.255    27.203    68.731    22.361    102.215    60.531    65.605    87.476    43.909    55.462    74.404    56.921    18.111    93.059    8.944    75.073    24.083    21.541    33.526    59.464    59.666    88.814    78.102    96.167    48.374    54.589    44.407    
7     30.067    10.198    68.029    46.174    76.236    37.947    0         57.271    60.166    69.857    56.886    15.62    70.88    31.305    72.471    33.526    77.666    24.331    32.249    76.655    29.53    18.439    40.0    18.974    38.471    94.34    29.12    46.174    60.828    56.143    32.802    71.218    34.059    79.699    44.944    102.45    13.416    71.694    66.483    
8     56.921    58.31    17.088    52.802    20.881    72.111    57.271    0         4.472    91.214    22.0    68.029    66.573    44.944    34.0    50.16    34.409    69.971    39.598    19.698    30.067    51.108    43.267    58.31    56.356    44.944    65.97    28.636    81.609    74.404    38.626    45.607    26.077    23.324    40.249    57.271    66.483    53.852    59.363    
9     57.723    61.741    12.649    52.154    20.591    72.801    60.166    4.472    0         90.443    26.077    70.257    64.405    45.607    30.067    50.596    36.715    73.783    43.863    16.492    32.062    54.918    47.707    62.129    56.462    40.497    67.082    33.106    80.994    73.783    39.294    42.379    30.0    19.698    44.721    52.802    69.857    50.99    57.201    
10    42.048    80.05    87.658    38.419    110.941    32.249    69.857    91.214    90.443    0         106.151    58.138    36.0    50.0    75.286    44.407    124.579    92.779    94.826    102.0    68.411    86.649    103.769    88.769    37.202    97.673    40.792    101.607    10.0    16.971    55.317    61.188    86.023    101.98    106.677    96.083    80.623    52.345    40.447    
11    67.201    54.0    38.471    68.411    25.612    82.098    56.886    22.0    26.077    106.151    0         70.88    85.907    56.639    56.0    62.29    20.881    61.612    28.636    34.986    38.419    44.181    27.785    50.636    69.311    64.622    74.431    12.649    96.208    89.196    50.912    67.082    23.409    39.446    22.804    77.795    62.032    74.726    78.791    
12    24.413    24.413    76.158    42.802    88.091    26.0    15.62    68.029    70.257    58.138    70.88    0         66.242    31.623    76.942    31.113    91.761    34.928    47.707    86.579    38.21    33.941    55.606    33.287    33.287    100.319    18.439    60.926    50.04    46.69    35.777    72.471    47.539    89.107    60.465    106.677    22.804    70.767    63.246    
13    42.048    80.05    58.0    24.739    83.546    45.255    70.88    66.573    64.405    36.0    85.907    66.242    0         40.447    42.19    37.363    100.955    95.079    84.38    72.25    54.332    82.389    92.779    87.132    33.106    62.642    48.826    85.44    31.048    26.833    42.0    26.833    71.386    71.218    93.744    60.133    84.119    17.088    7.211    
14    12.166    39.85    48.0    16.0    65.788    27.203    31.305    44.944    45.607    50.0    56.639    31.623    40.447    0         45.695    5.657    76.026    55.027    46.174    60.531    18.439    42.048    55.027    46.69    12.806    69.57    22.0    51.614    40.0    33.287    6.325    41.037    36.056    62.129    57.271    75.18    44.721    40.497    35.44    
15    56.321    77.795    18.974    42.048    44.721    68.731    72.471    34.0    30.067    75.286    56.0    76.942    42.19    45.695    0         48.083    65.146    92.195    68.029    31.623    43.863    74.404    74.0    81.216    50.636    24.331    66.483    61.188    67.469    60.828    41.183    15.62    52.802    29.732    72.277    30.0    84.9    25.612    35.777    
16    8.246    42.755    52.154    12.649    70.937    22.361    33.526    50.16    50.596    44.407    62.29    31.113    37.363    5.657    48.083    0         81.609    57.723    51.264    65.115    24.083    46.043    60.166    50.16    7.211    72.277    18.439    57.201    34.409    27.785    11.662    41.617    41.617    66.483    62.61    76.968    46.819    39.699    33.106    
17    87.132    74.243    46.174    86.279    22.0    102.215    77.666    34.409    36.715    124.579    20.881    91.761    100.955    76.026    65.146    81.609    0         80.399    48.0    36.056    58.31    64.031    44.721    70.029    88.408    66.121    94.826    32.062    114.769    107.629    70.0    78.791    44.272    40.0    38.833    80.1    82.098    87.658    93.744    
18    54.332    15.232    84.024    70.342    85.44    60.531    24.331    69.971    73.783    92.779    61.612    34.928    95.079    55.027    92.195    57.723    80.399    0         32.985    89.554    48.415    18.868    36.0    11.662    62.801    111.946    52.154    49.031    84.214    80.0    55.462    93.295    43.909    93.295    42.0    121.655    12.166    94.847    90.443    
19    52.839    26.683    55.606    61.612    52.802    65.605    32.249    39.598    43.863    94.826    28.636    47.707    84.38    46.174    68.029    51.264    48.0    32.985    0         58.412    30.067    16.125    8.944    22.091    58.31    84.024    56.851    16.125    84.971    78.791    42.755    73.756    15.232    62.482    12.806    95.415    34.234    78.409    78.102    
20    72.691    78.0    14.422    64.622    14.142    87.476    76.655    19.698    16.492    102.0    34.986    86.579    72.25    60.531    31.623    65.115    36.056    89.554    58.412    0         48.374    70.711    60.828    77.897    70.342    30.594    82.389    45.343    93.038    85.907    54.332    46.861    45.651    4.472    56.851    44.407    86.163    56.639    65.299    
21    28.844    33.941    38.626    32.311    50.636    43.909    29.53    30.067    32.062    68.411    38.419    38.21    54.332    18.439    43.863    24.083    58.31    48.415    30.067    48.374    0         31.305    38.471    37.736    31.241    64.9    36.77    33.287    58.412    51.614    13.416    45.695    17.889    50.99    39.85    73.593    41.231    49.031    48.042    
22    45.122    10.77    65.299    58.034    67.052    55.462    18.439    51.108    54.918    86.649    44.181    33.941    82.389    42.048    74.404    46.043    64.031    18.868    16.125    70.711    31.305    0         22.361    7.211    52.345    93.381    46.519    32.0    77.201    71.805    40.792    76.968    25.06    74.431    27.857    103.479    18.111    79.699    76.942    
23    61.774    33.106    60.033    70.342    53.254    74.404    40.0    43.267    47.707    103.769    27.785    55.606    92.779    55.027    74.0    60.166    44.721    36.0    8.944    60.828    38.471    22.361    0         26.683    67.231    88.204    65.605    15.62    93.915    87.727    51.42    80.895    22.091    65.115    6.0    100.24    39.85    86.093    86.371    
24    48.166    8.944    72.471    62.514    74.0    56.921    18.974    58.31    62.129    88.769    50.636    33.287    87.132    46.69    81.216    50.16    70.029    11.662    22.091    77.897    37.736    7.211    26.683    0         56.0    100.499    48.083    38.21    79.624    74.673    46.174    83.187    32.249    81.633    32.558    110.454    13.416    85.44    82.0    
25    8.944    48.166    56.886    10.0    76.968    18.111    38.471    56.356    56.462    37.202    69.311    33.287    33.106    12.806    50.636    7.211    88.408    62.801    58.31    70.342    31.241    52.345    67.231    56.0    0         74.967    17.205    64.405    27.203    20.591    18.439    42.048    48.826    71.386    69.771    78.435    51.42    38.419    30.0    
26    80.523    98.407    28.425    66.272    44.181    93.059    94.34    44.944    40.497    97.673    64.622    100.319    62.642    69.57    24.331    72.277    66.121    111.946    84.024    30.594    64.9    93.381    88.204    100.499    74.967    0         90.708    73.43    90.554    84.214    64.622    36.497    69.426    26.306    85.088    14.0    106.019    45.607    57.271    
27    10.198    39.294    70.0    27.203    86.833    8.944    29.12    65.97    67.082    40.792    74.431    18.439    48.826    22.0    66.483    18.439    94.826    52.154    56.851    82.389    36.77    46.519    65.605    48.083    17.205    90.708    0         66.843    32.062    28.284    28.071    59.059    51.614    84.095    69.426    95.079    40.05    55.606    46.69    
28    60.828    42.19    45.695    65.299    37.736    75.073    46.174    28.636    33.106    101.607    12.649    60.926    85.44    51.614    61.188    57.201    32.062    49.031    16.125    45.343    33.287    32.0    15.62    38.21    64.405    73.43    66.843    0         91.608    84.876    46.648    70.0    15.62    49.679    11.662    85.907    50.04    76.42    78.588    
29    32.311    71.021    78.791    28.844    101.548    24.083    60.828    81.609    80.994    10.0    96.208    50.04    31.048    40.0    67.469    34.409    114.769    84.214    84.971    93.038    58.412    77.201    93.915    79.624    27.203    90.554    32.062    91.608    0         7.211    45.343    54.148    76.026    93.231    96.747    90.089    72.111    46.043    34.059    
30    26.683    66.272    71.694    21.633    94.34    21.541    56.143    74.404    73.783    16.971    89.196    46.69    26.833    33.287    60.828    27.785    107.629    80.0    78.791    85.907    51.614    71.805    87.727    74.673    20.591    84.214    28.284    84.876    7.211    0         38.419    48.0    69.34    86.163    90.355    84.38    68.029    40.447    28.636    
31    18.439    40.249    42.048    18.974    59.464    33.526    32.802    38.626    39.294    55.317    50.912    35.777    42.0    6.325    41.183    11.662    70.0    55.462    42.755    54.332    13.416    40.792    51.42    46.174    18.439    64.622    28.071    46.648    45.343    38.419    0         38.419    31.305    56.036    53.141    71.021    46.043    39.395    36.222    
32    49.396    78.23    33.287    32.311    59.363    59.464    71.218    45.607    42.379    61.188    67.082    72.471    26.833    41.037    15.62    41.617    78.791    93.295    73.756    46.861    45.695    76.968    80.895    83.187    42.048    36.497    59.059    70.0    54.148    48.0    38.419    0         58.856    45.255    80.225    36.878    84.404    10.0    20.881    
33    45.255    32.985    41.037    50.16    42.755    59.666    34.059    26.077    30.0    86.023    23.409    47.539    71.386    36.056    52.802    41.617    44.272    43.909    15.232    45.651    17.889    25.06    22.091    32.249    48.826    69.426    51.614    15.62    76.026    69.34    31.305    58.856    0         49.396    22.361    80.449    41.231    64.031    64.777    
34    74.243    81.437    14.56    65.146    18.0    88.814    79.699    23.324    19.698    101.98    39.446    89.107    71.218    62.129    29.732    66.483    40.0    93.295    62.482    4.472    50.99    74.431    65.115    81.633    71.386    26.306    84.095    49.679    93.231    86.163    56.036    45.255    49.396    0         61.221    40.2    89.554    55.172    64.405    
35    64.9    38.626    57.271    72.111    48.415    78.102    44.944    40.249    44.721    106.677    22.804    60.465    93.744    57.271    72.277    62.61    38.833    42.0    12.806    56.851    39.85    27.857    6.0    32.558    69.771    85.088    69.426    11.662    96.747    90.355    53.141    80.225    22.361    61.221    0         97.509    45.607    86.023    87.132    
36    85.088    107.517    40.249    68.964    58.138    96.167    102.45    57.271    52.802    96.083    77.795    106.677    60.133    75.18    30.0    76.968    80.1    121.655    95.415    44.407    73.593    103.479    100.24    110.454    78.435    14.0    95.079    85.907    90.089    84.38    71.021    36.878    80.449    40.2    97.509    0         114.769    44.045    56.036    
37    42.755    8.246    78.892    59.464    83.952    48.374    13.416    66.483    69.857    80.623    62.032    22.804    84.119    44.721    84.9    46.819    82.098    12.166    34.234    86.163    41.231    18.111    39.85    13.416    51.42    106.019    40.05    50.04    72.111    68.029    46.043    84.404    41.231    89.554    45.607    114.769    0         85.088    79.85    
38    46.69    79.624    42.802    28.425    68.819    54.589    71.694    53.852    50.99    52.345    74.726    70.767    17.088    40.497    25.612    39.699    87.658    94.847    78.409    56.639    49.031    79.699    86.093    85.44    38.419    45.607    55.606    76.42    46.043    40.447    39.395    10.0    64.031    55.172    86.023    44.045    85.088    0         12.0    
39    38.833    75.286    50.99    20.591    76.42    44.407    66.483    59.363    57.201    40.447    78.791    63.246    7.211    35.44    35.777    33.106    93.744    90.443    78.102    65.299    48.042    76.942    86.371    82.0    30.0    57.271    46.69    78.588    34.059    28.636    36.222    20.881    64.777    64.405    87.132    56.036    79.85    12.0    0         


Demandas:
1: 0.0
2: 18.0
3: 16.0
4: 22.0
5: 24.0
6: 3.0
7: 19.0
8: 6.0
9: 6.0
10: 6.0
11: 12.0
12: 18.0
13: 16.0
14: 72.0
15: 7.0
16: 16.0
17: 23.0
18: 4.0
19: 22.0
20: 23.0
21: 7.0
22: 11.0
23: 11.0
24: 1.0
25: 22.0
26: 16.0
27: 15.0
28: 7.0
29: 5.0
30: 22.0
31: 9.0
32: 10.0
33: 11.0
34: 9.0
35: 3.0
36: 7.0
37: 15.0
38: 10.0
39: 2.0
+-+-+-+-+-+-+-+-+-+-+-+-+-+-+-+ SOLUCION INICIAL +-+-+-+-+-+-+-+-+-+-+-+-+-+-+-+-

Ruta #1: [1, 16, 14]
Costo asociado: 26.069000000000003      Capacidad: 88.0

Ruta #2: [1, 25, 4, 31, 21, 33, 19]
Costo asociado: 137.29399999999998      Capacidad: 93.0

Ruta #3: [1, 27, 6, 30, 29, 10, 13, 39, 38, 32]
Costo asociado: 172.501      Capacidad: 89.0

Ruta #4: [1, 12, 7, 2, 37, 18, 24, 22, 23]
Costo asociado: 173.651      Capacidad: 97.0

Ruta #5: [1, 15, 3, 9, 8, 20, 34, 5]
Costo asociado: 212.38100000000003      Capacidad: 91.0

Ruta #6: [1, 28, 35, 11, 17, 26, 36]
Costo asociado: 281.384      Capacidad: 68.0

--> Costo total: 1003.2800000000001          Capacidad total: 526.0

+-+-+-+-+-+-+-+-+-+-+-+-+-+-+-+-+-+-+-+-+-+- Iteracion 21  +-+-+-+-+-+-+-+-+-+-+-+-+-+-+-+-+-+-+-+-+-+-


Ruta #1: [1, 16, 14]
Costo asociado: 26.069000000000003      Capacidad: 88.0

Ruta #2: [1, 25, 4, 31, 21, 33, 19]
Costo asociado: 137.29399999999998      Capacidad: 93.0

Ruta #3: [1, 27, 6, 30, 29, 10, 13, 39, 38, 32]
Costo asociado: 172.501      Capacidad: 89.0

Ruta #4: [1, 12, 7, 2, 37, 18, 24, 22, 23]
Costo asociado: 173.651      Capacidad: 97.0

Ruta #5: [1, 15, 3, 9, 8, 20, 34, 5]
Costo asociado: 212.38100000000003      Capacidad: 91.0

Ruta #6: [1, 28, 35, 11, 17, 26, 36]
Costo asociado: 281.384      Capacidad: 68.0

--> Costo total: 998.5250000000001          Capacidad total: 526.0

+-+-+-+-+-+-+-+-+-+-+-+-+-+-+-+-+-+-+-+-+-+- Iteracion 21  +-+-+-+-+-+-+-+-+-+-+-+-+-+-+-+-+-+-+-+-+-+-

La solución anterior duró 0min 0seg    -------> Nuevo optimo local. Costo: 998.5250000000001       ==> Optimo: 831.0  Desvio: 20.200000000000003%
Lista tabu: [((2,37,8.246),1), ((18,24,11.662),1), ((7,2,10.198),2), ((24,22,7.211),2), ((7,24,18.974),1), ((1,27,10.198),3), ((6,30,21.541),3), ((1,6,15.232),2), ((2,37,8.246),4), ((22,23,22.361),4), ((2,22,10.77),3), ((8,20,19.698),5), ((35,11,22.804),5), ((8,11,22.0),4), ((9,8,4.472),6), ((34,5,18.0),6), ((9,34,19.698),5), ((3,9,12.649),7), ((8,20,19.698),7), ((3,8,17.088),6)]

+-+-+-+-+-+-+-+-+-+-+-+-+-+-+-+-+-+-+-+-+-+- Iteracion 45  +-+-+-+-+-+-+-+-+-+-+-+-+-+-+-+-+-+-+-+-+-+-


Ruta #1: [1, 16, 14]
Costo asociado: 26.069000000000003      Capacidad: 88.0

Ruta #2: [1, 25, 4, 31, 21, 33, 19]
Costo asociado: 137.29399999999998      Capacidad: 93.0

Ruta #3: [1, 27, 6, 30, 29, 10, 13, 39, 38, 32]
Costo asociado: 172.501      Capacidad: 89.0

Ruta #4: [1, 12, 7, 2, 37, 18, 24, 22, 23]
Costo asociado: 173.651      Capacidad: 97.0

Ruta #5: [1, 15, 3, 9, 5, 34, 20, 8]
Costo asociado: 207.626      Capacidad: 91.0

Ruta #6: [1, 28, 35, 11, 17, 26, 36]
Costo asociado: 281.384      Capacidad: 68.0

--> Costo total: 995.609          Capacidad total: 526.0

+-+-+-+-+-+-+-+-+-+-+-+-+-+-+-+-+-+-+-+-+-+- Iteracion 45  +-+-+-+-+-+-+-+-+-+-+-+-+-+-+-+-+-+-+-+-+-+-

La solución anterior duró 0min 0seg    -------> Nuevo optimo local. Costo: 995.609       ==> Optimo: 831.0  Desvio: 19.8%
Lista tabu: [((25,4,10.0),1), ((31,21,13.416),1), ((9,5,20.591),2), ((34,20,4.472),2), ((9,34,19.698),1), ((13,39,7.211),3), ((38,32,10.0),3), ((13,38,17.088),2), ((13,39,7.211),4), ((38,32,10.0),4), ((13,38,17.088),3), ((28,35,11.662),5), ((11,17,20.881),5), ((11,28,12.649),4), ((30,29,7.211),6), ((10,13,36.0),6), ((10,30,16.971),5), ((9,5,20.591),7), ((34,20,4.472),7), ((9,34,19.698),6)]

+-+-+-+-+-+-+-+-+-+-+-+-+-+-+-+-+-+-+-+-+-+- Iteracion 50  +-+-+-+-+-+-+-+-+-+-+-+-+-+-+-+-+-+-+-+-+-+-


Ruta #1: [1, 16, 14]
Costo asociado: 26.069000000000003      Capacidad: 88.0

Ruta #2: [1, 25, 4, 31, 21, 33, 19]
Costo asociado: 137.29399999999998      Capacidad: 93.0

Ruta #3: [1, 27, 6, 30, 29, 10, 13, 39, 38, 32]
Costo asociado: 172.501      Capacidad: 89.0

Ruta #4: [1, 12, 7, 2, 37, 18, 24, 22, 23]
Costo asociado: 173.651      Capacidad: 97.0

Ruta #5: [1, 15, 3, 9, 20, 34, 5, 8]
Costo asociado: 204.70999999999998      Capacidad: 91.0

Ruta #6: [1, 28, 35, 11, 17, 26, 36]
Costo asociado: 281.384      Capacidad: 68.0

--> Costo total: 994.9570000000001          Capacidad total: 526.0

+-+-+-+-+-+-+-+-+-+-+-+-+-+-+-+-+-+-+-+-+-+- Iteracion 50  +-+-+-+-+-+-+-+-+-+-+-+-+-+-+-+-+-+-+-+-+-+-

La solución anterior duró 0min 0seg    -------> Nuevo optimo local. Costo: 994.9570000000001       ==> Optimo: 831.0  Desvio: 19.7%
Lista tabu: [((30,29,7.211),1), ((10,13,36.0),1), ((9,5,20.591),2), ((34,20,4.472),2), ((9,34,19.698),1), ((9,5,20.591),7), ((20,8,19.698),7), ((9,20,16.492),6), ((20,34,4.472),4), ((8,1,56.921),4), ((8,20,19.698),3), ((1,25,8.944),5), ((31,21,13.416),5), ((1,31,18.439),4), ((3,9,12.649),6), ((34,5,18.0),6), ((3,34,14.56),5), ((20,34,4.472),7), ((8,1,56.921),7), ((8,20,19.698),6)]

+-+-+-+-+-+-+-+-+-+-+-+-+-+-+-+-+-+-+-+-+-+- Iteracion 102  +-+-+-+-+-+-+-+-+-+-+-+-+-+-+-+-+-+-+-+-+-+-


Ruta #1: [1, 16, 14]
Costo asociado: 26.069000000000003      Capacidad: 88.0

Ruta #2: [1, 25, 4, 31, 21, 33, 19]
Costo asociado: 137.29399999999998      Capacidad: 93.0

Ruta #3: [1, 27, 6, 30, 29, 10, 13, 39, 38, 32]
Costo asociado: 172.501      Capacidad: 89.0

Ruta #4: [1, 12, 7, 2, 37, 18, 24, 22, 23]
Costo asociado: 173.651      Capacidad: 97.0

Ruta #5: [1, 15, 3, 9, 34, 20, 5, 8]
Costo asociado: 204.058      Capacidad: 91.0

Ruta #6: [1, 28, 35, 11, 17, 26, 36]
Costo asociado: 281.384      Capacidad: 68.0

--> Costo total: 989.4100000000001          Capacidad total: 526.0

+-+-+-+-+-+-+-+-+-+-+-+-+-+-+-+-+-+-+-+-+-+- Iteracion 102  +-+-+-+-+-+-+-+-+-+-+-+-+-+-+-+-+-+-+-+-+-+-

La solución anterior duró 0min 0seg    -------> Nuevo optimo local. Costo: 989.4100000000001       ==> Optimo: 831.0  Desvio: 19.1%
Lista tabu: [((37,18,12.166),1), ((22,23,22.361),1), ((2,37,8.246),2), ((24,22,7.211),2), ((2,24,8.944),1), ((3,9,12.649),3), ((8,1,56.921),3), ((3,8,17.088),2), ((18,24,11.662),4), ((22,23,22.361),4), ((18,22,18.868),3), ((2,37,8.246),5), ((22,23,22.361),5), ((2,22,10.77),4), ((1,25,8.944),6), ((31,21,13.416),6), ((4,31,18.974),6), ((1,31,18.439),5), ((7,2,10.198),7), ((37,18,12.166),7), ((7,37,13.416),6)]

Ruta #1: [1, 16, 14]
Costo asociado: 26.069000000000003      Capacidad: 88.0

Ruta #2: [1, 25, 4, 31, 21, 33]
Costo asociado: 114.47800000000001      Capacidad: 71.0

Ruta #3: [1, 27, 6, 30, 29, 10, 13, 39, 38, 32]
Costo asociado: 172.501      Capacidad: 89.0

Ruta #4: [1, 12, 7, 2, 37, 18, 24, 22, 23]
Costo asociado: 173.651      Capacidad: 97.0

Ruta #5: [1, 15, 3, 9, 34, 20, 5, 8]
Costo asociado: 204.058      Capacidad: 91.0

Ruta #6: [1, 28, 19, 35, 11, 17, 26, 36]
Costo asociado: 298.653      Capacidad: 90.0

--> Costo total: 994.9570000000001          Capacidad total: 526.0

+-+-+-+-+-+-+-+-+-+-+-+-+-+-+-+-+-+-+-+-+-+- Iteracion 553  +-+-+-+-+-+-+-+-+-+-+-+-+-+-+-+-+-+-+-+-+-+-


Ruta #1: [1, 16, 14]
Costo asociado: 26.069000000000003      Capacidad: 88.0

Ruta #2: [1, 25, 4, 31, 21, 33]
Costo asociado: 114.47800000000001      Capacidad: 71.0

Ruta #3: [1, 27, 6, 30, 29, 10, 13, 39, 38, 32]
Costo asociado: 172.501      Capacidad: 89.0

Ruta #4: [1, 12, 7, 2, 37, 18, 24, 22, 23]
Costo asociado: 173.651      Capacidad: 97.0

Ruta #5: [1, 15, 3, 9, 34, 20, 5, 8]
Costo asociado: 204.058      Capacidad: 91.0

Ruta #6: [1, 28, 19, 35, 11, 17, 26, 36]
Costo asociado: 298.653      Capacidad: 90.0

--> Costo total: 989.4100000000001          Capacidad total: 526.0

+-+-+-+-+-+-+-+-+-+-+-+-+-+-+-+-+-+-+-+-+-+- Iteracion 553  +-+-+-+-+-+-+-+-+-+-+-+-+-+-+-+-+-+-+-+-+-+-

Nuevo optimo. Costo: 989.4100000000001
Lista tabu: [((1,25,8.944),1), ((31,21,13.416),1), ((30,29,7.211),2), ((10,13,36.0),2), ((10,30,16.971),1), ((3,9,12.649),3), ((8,1,56.921),3), ((3,8,17.088),2), ((34,20,4.472),4), ((5,8,20.881),4), ((5,34,18.0),3), ((7,2,10.198),5), ((24,22,7.211),5), ((7,24,18.974),4), ((25,4,10.0),6), ((6,30,21.541),6), ((25,30,20.591),5), ((7,2,10.198),7), ((24,22,7.211),7), ((18,24,11.662),7), ((7,24,18.974),6)]

Ruta #1: [1, 16, 14]
Costo asociado: 26.069000000000003      Capacidad: 88.0

Ruta #2: [1, 25, 4, 31, 21, 33]
Costo asociado: 114.47800000000001      Capacidad: 71.0

Ruta #3: [1, 27, 6, 30, 29, 10, 13, 39, 38, 32]
Costo asociado: 172.501      Capacidad: 89.0

Ruta #4: [1, 12, 7, 2, 37, 18, 24, 22, 23]
Costo asociado: 173.651      Capacidad: 97.0

Ruta #5: [1, 15, 3, 9, 34, 20, 5, 8]
Costo asociado: 204.058      Capacidad: 91.0

Ruta #6: [1, 28, 19, 35, 11, 17, 26, 36]
Costo asociado: 298.653      Capacidad: 90.0

--> Costo total: 995.609          Capacidad total: 526.0

+-+-+-+-+-+-+-+-+-+-+-+-+-+-+-+-+-+-+-+-+-+- Iteracion 775  +-+-+-+-+-+-+-+-+-+-+-+-+-+-+-+-+-+-+-+-+-+-


Ruta #1: [1, 16, 14]
Costo asociado: 26.069000000000003      Capacidad: 88.0

Ruta #2: [1, 25, 4, 31, 21, 33]
Costo asociado: 114.47800000000001      Capacidad: 71.0

Ruta #3: [1, 27, 6, 30, 29, 10, 13, 39, 38, 32]
Costo asociado: 172.501      Capacidad: 89.0

Ruta #4: [1, 12, 7, 2, 37, 18, 24, 22, 23]
Costo asociado: 173.651      Capacidad: 97.0

Ruta #5: [1, 15, 3, 9, 34, 20, 5, 8]
Costo asociado: 204.058      Capacidad: 91.0

Ruta #6: [1, 28, 19, 35, 11, 17, 26, 36]
Costo asociado: 298.653      Capacidad: 90.0

--> Costo total: 994.9570000000001          Capacidad total: 526.0

+-+-+-+-+-+-+-+-+-+-+-+-+-+-+-+-+-+-+-+-+-+- Iteracion 775  +-+-+-+-+-+-+-+-+-+-+-+-+-+-+-+-+-+-+-+-+-+-

Nuevo optimo. Costo: 994.9570000000001
Lista tabu: [((9,20,16.492),1), ((5,8,20.881),1), ((25,4,10.0),2), ((4,31,18.974),2), ((6,30,21.541),2), ((30,29,7.211),2), ((25,30,20.591),1), ((15,3,18.974),3), ((3,9,12.649),3), ((1,32,49.396),3), ((32,38,10.0),3), ((15,32,15.62),2), ((23,22,22.361),4), ((22,24,7.211),4), ((1,28,60.828),4), ((28,35,11.662),4), ((23,28,15.62),3), ((19,33,15.232),5), ((33,21,17.889),5), ((1,23,61.774),5), ((23,22,22.361),5), ((19,23,8.944),4), ((8,5,20.881),6), ((5,34,18.0),6), ((35,11,22.804),6), ((11,17,20.881),6), ((8,11,22.0),5), ((1,25,8.944),7), ((31,21,13.416),7), ((1,31,18.439),6)]

+-+-+-+-+-+-+-+-+-+-+-+-+-+-+-+-+-+-+-+-+-+- Iteracion 921  +-+-+-+-+-+-+-+-+-+-+-+-+-+-+-+-+-+-+-+-+-+-


Ruta #1: [1, 16, 14]
Costo asociado: 26.069000000000003      Capacidad: 88.0

Ruta #2: [1, 25, 4, 31, 21, 33]
Costo asociado: 114.47800000000001      Capacidad: 71.0

Ruta #3: [1, 27, 6, 30, 29, 10, 13, 39, 38, 32]
Costo asociado: 172.501      Capacidad: 89.0

Ruta #4: [1, 12, 7, 2, 37, 18, 24, 22, 23]
Costo asociado: 173.651      Capacidad: 97.0

Ruta #5: [1, 15, 3, 9, 34, 20, 5, 8]
Costo asociado: 204.058      Capacidad: 91.0

Ruta #6: [1, 28, 19, 35, 11, 17, 26, 36]
Costo asociado: 298.653      Capacidad: 90.0

--> Costo total: 989.4100000000001          Capacidad total: 526.0

+-+-+-+-+-+-+-+-+-+-+-+-+-+-+-+-+-+-+-+-+-+- Iteracion 921  +-+-+-+-+-+-+-+-+-+-+-+-+-+-+-+-+-+-+-+-+-+-

Nuevo optimo. Costo: 989.4100000000001
Lista tabu: [((1,25,8.944),1), ((4,31,18.974),1), ((9,34,19.698),2), ((20,5,14.142),2), ((9,20,16.492),1), ((3,9,12.649),3), ((20,5,14.142),3), ((34,20,4.472),3), ((3,20,14.422),2), ((9,34,19.698),4), ((5,8,20.881),4), ((20,5,14.142),4), ((5,9,20.591),3), ((18,24,11.662),5), ((22,23,22.361),5), ((18,22,18.868),4), ((1,25,8.944),6), ((31,21,13.416),6), ((4,31,18.974),6), ((1,31,18.439),5), ((1,28,60.828),7), ((28,35,11.662),7), ((21,33,17.889),7), ((28,33,15.62),6)]

Ruta #1: [1, 16, 14]
Costo asociado: 26.069000000000003      Capacidad: 88.0

Ruta #2: [1, 25, 4, 31, 21, 33]
Costo asociado: 114.47800000000001      Capacidad: 71.0

Ruta #3: [1, 27, 6, 30, 29, 10, 13, 39, 38, 32]
Costo asociado: 172.501      Capacidad: 89.0

Ruta #4: [1, 12, 7, 2, 37, 18, 24, 22, 23]
Costo asociado: 173.651      Capacidad: 97.0

Ruta #5: [1, 15, 3, 9, 34, 20, 5, 8]
Costo asociado: 204.058      Capacidad: 91.0

Ruta #6: [1, 28, 19, 35, 11, 17, 26, 36]
Costo asociado: 298.653      Capacidad: 90.0

--> Costo total: 998.5250000000001          Capacidad total: 526.0

+-+-+-+-+-+-+-+-+-+-+-+-+-+-+-+-+-+-+-+-+-+- Iteracion 1143  +-+-+-+-+-+-+-+-+-+-+-+-+-+-+-+-+-+-+-+-+-+-


Ruta #1: [1, 16, 14]
Costo asociado: 26.069000000000003      Capacidad: 88.0

Ruta #2: [1, 25, 4, 31, 21, 33]
Costo asociado: 114.47800000000001      Capacidad: 71.0

Ruta #3: [1, 27, 6, 30, 29, 10, 13, 39, 38, 32]
Costo asociado: 172.501      Capacidad: 89.0

Ruta #4: [1, 12, 7, 2, 37, 18, 24, 22, 23]
Costo asociado: 173.651      Capacidad: 97.0

Ruta #5: [1, 15, 3, 9, 34, 20, 5, 8]
Costo asociado: 204.058      Capacidad: 91.0

Ruta #6: [1, 28, 19, 35, 11, 17, 26, 36]
Costo asociado: 298.653      Capacidad: 90.0

--> Costo total: 993.849          Capacidad total: 526.0

+-+-+-+-+-+-+-+-+-+-+-+-+-+-+-+-+-+-+-+-+-+- Iteracion 1143  +-+-+-+-+-+-+-+-+-+-+-+-+-+-+-+-+-+-+-+-+-+-

Nuevo optimo. Costo: 993.849
Lista tabu: [((23,22,22.361),1), ((22,24,7.211),1), ((28,35,11.662),1), ((35,11,22.804),1), ((9,5,20.591),2), ((5,34,18.0),2), ((20,8,19.698),2), ((8,1,56.921),2), ((8,9,4.472),1), ((19,33,15.232),3), ((33,21,17.889),3), ((24,22,7.211),3), ((22,23,22.361),3), ((19,22,16.125),2), ((30,29,7.211),4), ((10,13,36.0),4), ((10,30,16.971),3), ((23,22,22.361),5), ((22,24,7.211),5), ((21,33,17.889),5), ((33,19,15.232),5), ((23,33,22.091),4), ((25,4,10.0),6), ((4,31,18.974),6), ((1,27,10.198),6), ((27,6,8.944),6), ((25,27,17.205),5), ((19,33,15.232),7), ((33,21,17.889),7), ((24,22,7.211),7), ((22,23,22.361),7), ((19,22,16.125),6)]

+-+-+-+-+-+-+-+-+-+-+-+-+-+-+-+-+-+-+-+-+-+- Iteracion 1176  +-+-+-+-+-+-+-+-+-+-+-+-+-+-+-+-+-+-+-+-+-+-


Ruta #1: [1, 16, 14]
Costo asociado: 26.069000000000003      Capacidad: 88.0

Ruta #2: [1, 25, 4, 31, 21, 33]
Costo asociado: 114.47800000000001      Capacidad: 71.0

Ruta #3: [1, 27, 6, 30, 29, 10, 13, 39, 38, 32]
Costo asociado: 172.501      Capacidad: 89.0

Ruta #4: [1, 12, 7, 2, 37, 18, 24, 22, 23]
Costo asociado: 173.651      Capacidad: 97.0

Ruta #5: [1, 15, 3, 9, 34, 20, 5, 8]
Costo asociado: 204.058      Capacidad: 91.0

Ruta #6: [1, 28, 19, 35, 11, 17, 26, 36]
Costo asociado: 298.653      Capacidad: 90.0

--> Costo total: 985.0720000000001          Capacidad total: 526.0

+-+-+-+-+-+-+-+-+-+-+-+-+-+-+-+-+-+-+-+-+-+- Iteracion 1176  +-+-+-+-+-+-+-+-+-+-+-+-+-+-+-+-+-+-+-+-+-+-

La solución anterior duró 0min 12seg    -------> Nuevo optimo local. Costo: 985.0720000000001       ==> Optimo: 831.0  Desvio: 18.5%
Lista tabu: [((7,2,10.198),1), ((2,37,8.246),1), ((18,24,11.662),1), ((24,22,7.211),1), ((39,38,12.0),2), ((32,1,49.396),2), ((32,39,20.881),1), ((19,33,15.232),3), ((33,21,17.889),3), ((1,23,61.774),3), ((23,22,22.361),3), ((19,23,8.944),2), ((2,37,8.246),4), ((18,24,11.662),4), ((2,18,15.232),3), ((3,20,14.422),5), ((20,5,14.142),5), ((34,9,19.698),5), ((9,8,4.472),5), ((3,9,12.649),4), ((25,4,10.0),6), ((4,31,18.974),6), ((6,30,21.541),6), ((30,29,7.211),6), ((25,30,20.591),5), ((13,39,7.211),7), ((38,32,10.0),7), ((13,38,17.088),6)]

+-+-+-+-+-+-+-+-+-+-+-+-+-+-+-+-+-+-+-+-+-+- Iteracion 1280  +-+-+-+-+-+-+-+-+-+-+-+-+-+-+-+-+-+-+-+-+-+-


Ruta #1: [1, 16, 14]
Costo asociado: 26.069000000000003      Capacidad: 88.0

Ruta #2: [1, 25, 4, 31, 21, 33, 19]
Costo asociado: 137.29399999999998      Capacidad: 93.0

Ruta #3: [1, 27, 6, 30, 29, 10, 13, 39, 38, 32]
Costo asociado: 172.501      Capacidad: 89.0

Ruta #4: [1, 12, 7, 2, 37, 18, 24, 22, 23]
Costo asociado: 173.651      Capacidad: 97.0

Ruta #5: [1, 15, 3, 20, 34, 5, 9, 8]
Costo asociado: 194.173      Capacidad: 91.0

Ruta #6: [1, 28, 35, 11, 17, 26, 36]
Costo asociado: 281.384      Capacidad: 68.0

--> Costo total: 970.392          Capacidad total: 526.0

+-+-+-+-+-+-+-+-+-+-+-+-+-+-+-+-+-+-+-+-+-+- Iteracion 1280  +-+-+-+-+-+-+-+-+-+-+-+-+-+-+-+-+-+-+-+-+-+-

La solución anterior duró 0min 1seg    -------> Nuevo optimo local. Costo: 970.392       ==> Optimo: 831.0  Desvio: 16.8%
Lista tabu: [((7,2,10.198),1), ((24,22,7.211),1), ((25,4,10.0),2), ((6,30,21.541),2), ((25,30,20.591),1), ((5,9,20.591),3), ((8,1,56.921),3), ((5,8,20.881),2), ((39,38,12.0),4), ((32,1,49.396),4), ((32,39,20.881),3), ((37,18,12.166),5), ((22,23,22.361),5), ((24,22,7.211),5), ((22,37,18.111),4), ((7,2,10.198),6), ((37,18,12.166),6), ((7,37,13.416),5), ((37,18,12.166),7), ((24,22,7.211),7), ((24,37,13.416),6)]

+-+-+-+-+-+-+-+-+-+-+-+-+-+-+-+-+-+-+-+-+-+- Iteracion 1310  +-+-+-+-+-+-+-+-+-+-+-+-+-+-+-+-+-+-+-+-+-+-


Ruta #1: [1, 16, 14]
Costo asociado: 26.069000000000003      Capacidad: 88.0

Ruta #2: [1, 25, 4, 31, 21, 33]
Costo asociado: 114.47800000000001      Capacidad: 71.0

Ruta #3: [1, 27, 6, 30, 29, 10, 13, 39, 38, 32]
Costo asociado: 172.501      Capacidad: 89.0

Ruta #4: [1, 12, 7, 2, 37, 18, 24, 22, 23]
Costo asociado: 173.651      Capacidad: 97.0

Ruta #5: [1, 15, 3, 20, 34, 5, 9, 8]
Costo asociado: 194.173      Capacidad: 91.0

Ruta #6: [1, 19, 28, 35, 11, 17, 26, 36]
Costo asociado: 289.52      Capacidad: 90.0

--> Costo total: 956.9180000000001          Capacidad total: 526.0

+-+-+-+-+-+-+-+-+-+-+-+-+-+-+-+-+-+-+-+-+-+- Iteracion 1310  +-+-+-+-+-+-+-+-+-+-+-+-+-+-+-+-+-+-+-+-+-+-

La solución anterior duró 0min 0seg    -------> Nuevo optimo local. Costo: 956.9180000000001       ==> Optimo: 831.0  Desvio: 15.2%
Lista tabu: [((20,34,4.472),1), ((9,8,4.472),1), ((5,9,20.591),1), ((20,34,4.472),2), ((9,8,4.472),2), ((5,9,20.591),2), ((9,20,16.492),1), ((3,20,14.422),3), ((8,1,56.921),3), ((9,8,4.472),3), ((3,8,17.088),2), ((2,37,8.246),4), ((22,23,22.361),4), ((24,22,7.211),4), ((2,22,10.77),3), ((30,29,7.211),5), ((10,13,36.0),5), ((10,30,16.971),4), ((9,8,4.472),6), ((8,1,56.921),6), ((35,11,22.804),6), ((8,11,22.0),5), ((27,6,8.944),7), ((6,30,21.541),7), ((1,25,8.944),7), ((6,25,18.111),6)]

+-+-+-+-+-+-+-+-+-+-+-+-+-+-+-+-+-+-+-+-+-+- Iteracion 1347  +-+-+-+-+-+-+-+-+-+-+-+-+-+-+-+-+-+-+-+-+-+-


Ruta #1: [1, 16, 14]
Costo asociado: 26.069000000000003      Capacidad: 88.0

Ruta #2: [1, 25, 4, 31, 21, 33]
Costo asociado: 114.47800000000001      Capacidad: 71.0

Ruta #3: [1, 27, 6, 30, 29, 10, 13, 39, 38, 32]
Costo asociado: 172.501      Capacidad: 89.0

Ruta #4: [1, 12, 7, 2, 37, 18, 24, 22, 23]
Costo asociado: 173.651      Capacidad: 97.0

Ruta #5: [1, 15, 3, 20, 34, 5, 9, 8]
Costo asociado: 194.173      Capacidad: 91.0

Ruta #6: [1, 19, 35, 28, 11, 17, 26, 36]
Costo asociado: 276.046      Capacidad: 90.0

--> Costo total: 953.1980000000001          Capacidad total: 526.0

+-+-+-+-+-+-+-+-+-+-+-+-+-+-+-+-+-+-+-+-+-+- Iteracion 1347  +-+-+-+-+-+-+-+-+-+-+-+-+-+-+-+-+-+-+-+-+-+-

La solución anterior duró 0min 0seg    -------> Nuevo optimo local. Costo: 953.1980000000001       ==> Optimo: 831.0  Desvio: 14.7%
Lista tabu: [((7,2,10.198),1), ((24,22,7.211),1), ((18,24,11.662),1), ((30,29,7.211),2), ((10,13,36.0),2), ((10,30,16.971),1), ((3,20,14.422),3), ((9,8,4.472),3), ((5,9,20.591),3), ((3,9,12.649),2), ((13,39,7.211),4), ((38,32,10.0),4), ((13,38,17.088),3), ((2,37,8.246),5), ((18,24,11.662),5), ((2,18,15.232),4), ((1,19,52.839),6), ((19,35,12.806),6), ((21,33,17.889),6), ((19,33,15.232),5), ((13,39,7.211),7), ((38,32,10.0),7), ((13,38,17.088),6)]

Ruta #1: [1, 16, 14]
Costo asociado: 26.069000000000003      Capacidad: 88.0

Ruta #2: [1, 25, 4, 31, 21, 33]
Costo asociado: 114.47800000000001      Capacidad: 71.0

Ruta #3: [1, 27, 6, 30, 29, 10, 13, 39, 38, 32]
Costo asociado: 172.501      Capacidad: 89.0

Ruta #4: [1, 12, 7, 2, 37, 18, 24, 22, 23]
Costo asociado: 173.651      Capacidad: 97.0

Ruta #5: [1, 15, 3, 34, 20, 5, 9, 8]
Costo asociado: 190.453      Capacidad: 91.0

Ruta #6: [1, 19, 35, 28, 11, 17, 26, 36]
Costo asociado: 276.046      Capacidad: 90.0

--> Costo total: 956.9180000000001          Capacidad total: 526.0

+-+-+-+-+-+-+-+-+-+-+-+-+-+-+-+-+-+-+-+-+-+- Iteracion 1774  +-+-+-+-+-+-+-+-+-+-+-+-+-+-+-+-+-+-+-+-+-+-


Ruta #1: [1, 16, 14]
Costo asociado: 26.069000000000003      Capacidad: 88.0

Ruta #2: [1, 25, 4, 31, 21, 33]
Costo asociado: 114.47800000000001      Capacidad: 71.0

Ruta #3: [1, 27, 6, 30, 29, 10, 13, 39, 38, 32]
Costo asociado: 172.501      Capacidad: 89.0

Ruta #4: [1, 12, 7, 2, 37, 18, 24, 22, 23]
Costo asociado: 173.651      Capacidad: 97.0

Ruta #5: [1, 15, 3, 34, 20, 5, 9, 8]
Costo asociado: 190.453      Capacidad: 91.0

Ruta #6: [1, 19, 35, 28, 11, 17, 26, 36]
Costo asociado: 276.046      Capacidad: 90.0

--> Costo total: 953.1980000000001          Capacidad total: 526.0

+-+-+-+-+-+-+-+-+-+-+-+-+-+-+-+-+-+-+-+-+-+- Iteracion 1774  +-+-+-+-+-+-+-+-+-+-+-+-+-+-+-+-+-+-+-+-+-+-

Nuevo optimo. Costo: 953.1980000000001
Lista tabu: [((20,34,4.472),1), ((8,1,56.921),1), ((30,29,7.211),2), ((10,13,36.0),2), ((10,30,16.971),1), ((4,31,18.974),3), ((13,39,7.211),3), ((4,39,20.591),2), ((37,18,12.166),4), ((22,23,22.361),4), ((22,37,18.111),3), ((37,18,12.166),5), ((24,22,7.211),5), ((24,37,13.416),4), ((2,37,8.246),6), ((18,24,11.662),6), ((2,18,15.232),5), ((25,4,10.0),7), ((31,21,13.416),7), ((25,31,18.439),6)]

Ruta #1: [1, 16, 14]
Costo asociado: 26.069000000000003      Capacidad: 88.0

Ruta #2: [1, 25, 4, 31, 21, 33]
Costo asociado: 114.47800000000001      Capacidad: 71.0

Ruta #3: [1, 27, 6, 30, 29, 10, 13, 39, 38, 32]
Costo asociado: 172.501      Capacidad: 89.0

Ruta #4: [1, 12, 7, 2, 37, 18, 24, 22, 23]
Costo asociado: 173.651      Capacidad: 97.0

Ruta #5: [1, 15, 3, 34, 20, 5, 9, 8]
Costo asociado: 190.453      Capacidad: 91.0

Ruta #6: [1, 19, 35, 28, 11, 17, 26, 36]
Costo asociado: 276.046      Capacidad: 90.0

--> Costo total: 970.392          Capacidad total: 526.0

+-+-+-+-+-+-+-+-+-+-+-+-+-+-+-+-+-+-+-+-+-+- Iteracion 1996  +-+-+-+-+-+-+-+-+-+-+-+-+-+-+-+-+-+-+-+-+-+-


Ruta #1: [1, 16, 14]
Costo asociado: 26.069000000000003      Capacidad: 88.0

Ruta #2: [1, 25, 4, 31, 21, 33]
Costo asociado: 114.47800000000001      Capacidad: 71.0

Ruta #3: [1, 27, 6, 30, 29, 10, 13, 39, 38, 32]
Costo asociado: 172.501      Capacidad: 89.0

Ruta #4: [1, 12, 7, 2, 37, 18, 24, 22, 23]
Costo asociado: 173.651      Capacidad: 97.0

Ruta #5: [1, 15, 3, 34, 20, 5, 9, 8]
Costo asociado: 190.453      Capacidad: 91.0

Ruta #6: [1, 19, 35, 28, 11, 17, 26, 36]
Costo asociado: 276.046      Capacidad: 90.0

--> Costo total: 956.9180000000001          Capacidad total: 526.0

+-+-+-+-+-+-+-+-+-+-+-+-+-+-+-+-+-+-+-+-+-+- Iteracion 1996  +-+-+-+-+-+-+-+-+-+-+-+-+-+-+-+-+-+-+-+-+-+-

Nuevo optimo. Costo: 956.9180000000001
Lista tabu: [((13,39,7.211),1), ((38,32,10.0),1), ((7,2,10.198),2), ((24,22,7.211),2), ((18,24,11.662),2), ((7,24,18.974),1), ((20,34,4.472),3), ((5,9,20.591),3), ((5,20,14.142),2), ((1,25,8.944),4), ((31,21,13.416),4), ((4,31,18.974),4), ((1,31,18.439),3), ((2,37,8.246),5), ((24,22,7.211),5), ((18,24,11.662),5), ((2,24,8.944),4), ((7,2,10.198),6), ((24,22,7.211),6), ((18,24,11.662),6), ((7,24,18.974),5), ((1,15,56.321),7), ((15,3,18.974),7), ((38,32,10.0),7), ((15,32,15.62),6)]

+-+-+-+-+-+-+-+-+-+-+-+-+-+-+-+-+-+-+-+-+-+- Iteracion 2037  +-+-+-+-+-+-+-+-+-+-+-+-+-+-+-+-+-+-+-+-+-+-


Ruta #1: [1, 16, 14]
Costo asociado: 26.069000000000003      Capacidad: 88.0

Ruta #2: [1, 25, 4, 31, 21, 33]
Costo asociado: 114.47800000000001      Capacidad: 71.0

Ruta #3: [1, 27, 6, 30, 29, 10, 13, 39, 38, 32]
Costo asociado: 172.501      Capacidad: 89.0

Ruta #4: [1, 12, 7, 2, 37, 18, 24, 22, 23]
Costo asociado: 173.651      Capacidad: 97.0

Ruta #5: [1, 15, 3, 34, 20, 5, 9, 8]
Costo asociado: 190.453      Capacidad: 91.0

Ruta #6: [1, 19, 35, 28, 11, 17, 26, 36]
Costo asociado: 276.046      Capacidad: 90.0

--> Costo total: 953.1980000000001          Capacidad total: 526.0

+-+-+-+-+-+-+-+-+-+-+-+-+-+-+-+-+-+-+-+-+-+- Iteracion 2037  +-+-+-+-+-+-+-+-+-+-+-+-+-+-+-+-+-+-+-+-+-+-

Nuevo optimo. Costo: 953.1980000000001
Lista tabu: [((7,2,10.198),1), ((37,18,12.166),1), ((30,29,7.211),2), ((10,13,36.0),2), ((10,30,16.971),1), ((34,5,18.0),3), ((9,8,4.472),3), ((9,34,19.698),2), ((30,29,7.211),4), ((10,13,36.0),4), ((10,30,16.971),3), ((25,4,10.0),5), ((31,21,13.416),5), ((25,31,18.439),4), ((3,20,14.422),6), ((9,8,4.472),6), ((5,9,20.591),6), ((3,9,12.649),5), ((2,37,8.246),7), ((22,23,22.361),7), ((24,22,7.211),7), ((2,22,10.77),6)]

Ruta #1: [1, 16, 14]
Costo asociado: 26.069000000000003      Capacidad: 88.0

Ruta #2: [1, 25, 4, 31, 21, 33]
Costo asociado: 114.47800000000001      Capacidad: 71.0

