+-+-+-+-+-+-+-+-+-+-+-+-+-+-+ GRAFO CARGADO +-+-+-+-+-+-+-+-+-+-+-+-+-+-+-
        1         2         3         4         5         6         7         8         9         10        11        12        13        14        15        16        17        18        19        20        21        22        23        24        25        26        27        28        29        30        31        32        33        34        35        36        37        38        39        40        41        42        43        44        45        46        47        48        49        50        51        52        53        54        55        56        57        58        59        60        61        62        63        64        65        66        67        68        69
1     0         54.231    34.655    54.129    44.822    37.537    57.245    13.038    61.131    46.271    60.0    39.217    27.857    53.814    27.203    55.009    44.283    57.009    22.825    6.083    63.812    36.346    23.259    30.364    11.18    40.311    25.612    24.413    8.246    31.575    47.676    17.493    57.009    55.444    17.493    66.468    61.098    44.045    49.729    56.436    46.69    59.363    26.019    19.647    52.479    69.311    37.802    38.601    52.555    64.637    45.277    50.695    29.069    32.696    26.907    39.205    55.0    22.561    21.932    61.741    44.822    36.401    45.177    49.193    31.016    28.32    29.732    28.16    47.508    
2     54.231    0         87.464    75.027    79.246    25.962    81.154    66.098    38.079    86.683    15.133    40.311    39.205    62.586    58.215    74.33    10.198    14.866    73.498    55.946    55.145    87.476    42.45    64.661    45.277    58.189    30.414    70.349    53.6    33.015    79.925    69.116    14.866    106.4    59.304    68.066    7.071    17.464    34.059    28.636    29.275    53.0    49.254    34.886    69.893    69.0    28.46    73.682    2.236    114.215    11.18    74.733    25.298    81.056    32.016    81.056    21.587    45.011    49.518    47.381    85.288    90.477    17.72    36.235    85.235    71.028    49.649    81.609    45.891    
3     34.655    87.464    0         54.12    59.076    72.139    53.254    27.731    84.38    29.732    94.493    71.868    52.887    63.063    52.811    55.902    77.936    91.548    14.56    31.623    79.63    31.016    48.083    34.366    42.19    67.052    60.208    38.328    39.408    58.822    40.224    18.358    91.548    21.471    42.154    75.584    94.021    78.645    73.824    82.765    72.78    75.425    56.356    52.697    56.08    78.746    72.25    55.036    85.586    31.385    79.404    49.649    63.008    13.416    61.522    48.374    83.522    54.918    41.976    81.025    52.953    17.205    75.392    82.662    13.601    43.186    47.17    21.213    66.0    
4     54.129    75.027    54.12    0         98.27    77.026    6.403    61.612    48.836    28.16    88.6    86.579    39.115    15.811    81.154    2.0    70.093    86.833    44.688    48.301    34.438    79.981    39.051    24.413    48.508    93.301    65.069    76.276    62.241    43.738    15.133    46.69    86.833    58.31    71.554    24.083    78.721    77.782    43.829    53.413    47.011    31.906    78.16    54.148    5.657    27.019    79.0    92.282    72.801    60.133    73.756    4.472    62.073    40.706    69.181    90.802    58.523    73.246    34.713    40.224    96.4    69.893    57.385    93.005    64.405    80.994    29.017    68.68    30.806    
5     44.822    79.246    59.076    98.27    0         53.46    100.648    37.162    100.846    84.202    76.007    41.049    70.292    98.595    21.932    99.323    69.857    73.0    57.567    50.22    107.168    31.048    66.528    73.926    53.759    23.537    51.624    22.472    37.483    71.847    89.554    53.488    73.0    78.313    27.586    111.126    85.988    62.394    89.889    93.915    85.586    102.825    30.364    55.758    97.082    113.899    51.245    6.403    78.645    88.459    68.066    94.515    58.31    66.708    48.384    11.402    90.078    35.468    66.603    103.812    9.899    45.541    79.31    50.804    46.011    17.464    74.33    38.0    90.785    
6     37.537    25.962    72.139    77.026    53.46    0         82.219    46.615    55.606    79.85    24.352    15.0    38.013    68.884    33.061    77.0    17.493    21.19    60.0    41.617    68.447    65.192    38.21    59.203    33.106    32.311    13.0    47.127    33.601    34.525    76.903    54.818    21.19    92.957    36.401    78.16    32.558    9.0    47.011    46.755    41.677    65.0    24.083    23.77    73.027    80.006    2.828    48.094    25.632    102.005    14.866    75.24    15.033    69.34    10.63    56.143    41.037    20.881    43.932    62.266    60.0    71.021    31.241    16.279    66.611    46.872    48.094    61.4    54.406    
7     57.245    81.154    53.254    6.403    100.648    82.219    0         63.632    55.172    25.298    94.557    91.198    44.553    22.023    84.433    7.81    75.961    92.72    45.343    51.264    40.311    80.66    44.045    26.926    52.612    97.015    70.007    78.39    65.46    49.477    13.038    48.01    92.72    55.109    74.465    28.862    84.971    83.361    50.22    59.816    53.339    38.013    82.0    59.0    12.042    31.575    84.095    94.81    78.924    56.009    79.555    7.0    67.365    40.0    74.007    92.65    64.9    77.279    39.115    46.4    98.184    69.656    63.561    98.046    64.444    83.241    34.132    69.354    37.202    
8     13.038    66.098    27.731    61.612    37.162    46.615    63.632    0         73.98    47.676    70.328    44.407    40.522    63.891    25.495    62.801    55.973    67.231    21.095    15.652    75.591    23.345    35.735    37.202    24.187    39.812    36.249    14.765    13.038    44.553    52.393    16.492    67.231    49.193    14.56    76.837    73.082    54.203    62.586    69.462    59.682    71.12    28.653    32.249    60.959    79.812    46.228    31.623    64.56    59.093    56.462    57.689    40.804    31.0    36.359    29.206    68.007    27.659    33.121    74.095    34.828    24.597    58.078    55.444    20.0    19.698    40.817    15.524    59.506    
9     61.131    38.079    84.38    48.836    100.846    55.606    55.172    73.98    0         70.682    53.151    70.178    33.541    33.242    79.076    47.381    39.825    52.887    70.114    58.856    18.682    97.293    38.471    51.662    50.0    85.041    50.448    84.504    65.552    29.732    59.682    68.007    52.887    97.801    74.733    33.242    38.053    50.606    11.402    9.487    15.264    18.358    71.61    45.177    43.186    33.242    58.412    94.515    36.401    102.883    43.829    50.606    43.932    73.348    54.562    98.489    16.492    66.03    43.012    10.44    103.788    94.191    24.413    70.491    88.142    87.321    37.216    87.966    19.698    
10    46.271    86.683    29.732    28.16    84.202    79.85    25.298    47.676    70.682    0         97.637    84.929    47.508    41.437    72.062    30.15    79.057    95.189    26.683    40.447    60.208    59.682    44.407    22.023    46.819    86.0    66.851    61.847    54.083    53.814    13.038    31.257    95.189    30.15    61.131    52.01    92.022    83.648    62.434    72.402    63.6    56.754    72.25    56.365    32.016    55.036    80.994    79.076    84.504    32.757    81.835    24.021    66.648    17.889    69.893    74.673    75.604    68.731    37.443    64.195    79.85    46.861    70.711    93.963    42.438    66.94    37.483    48.765    50.99    
11    60.0    15.133    94.493    88.6    76.007    24.352    94.557    70.328    53.151    97.637    0         35.014    50.99    76.942    56.886    88.057    18.788    3.162    81.345    63.032    70.257    89.538    53.339    75.802    53.038    53.151    34.409    71.47    57.306    45.31    92.136    76.485    3.162    114.586    60.745    83.006    16.643    16.125    49.0    43.738    44.045    68.029    48.052    42.45    83.678    84.024    25.71    71.176    17.029    123.069    15.811    87.92    31.828    89.872    34.0    79.906    36.674    45.222    60.208    62.514    83.385    94.895    32.14    27.203    90.211    71.063    61.741    85.422    60.407    
12    39.217    40.311    71.868    86.579    41.049    15.0    91.198    44.407    70.178    84.929    35.014    0         48.765    80.362    23.707    86.833    32.45    32.062    61.847    44.643    81.988    58.523    47.676    66.121    39.051    18.248    22.136    40.224    32.65    46.615    84.149    56.462    32.062    93.295    31.113    90.62    46.487    22.847    61.033    61.522    55.803    78.294    16.279    32.558    83.187    92.704    12.207    36.497    40.249    102.956    29.53    84.214    27.295    71.868    17.72    45.88    55.973    17.0    52.086    76.276    48.836    67.179    45.967    11.402    63.781    38.471    57.706    57.28    67.119    
13    27.857    39.205    52.887    39.115    70.292    38.013    44.553    40.522    33.541    47.508    50.99    48.765    0         31.623    49.518    39.013    32.202    48.847    38.328    25.318    36.878    63.789    5.0    25.495    17.0    58.83    26.683    51.884    33.287    6.403    41.146    35.355    48.847    69.354    43.012    42.544    44.553    38.833    22.204    30.15    20.1    32.558    43.829    16.553    35.014    44.944    40.112    63.891    37.014    76.276    35.468    37.656    23.0    43.829    31.048    66.37    30.676    38.275    11.18    34.0    71.868    61.0    23.601    54.148    55.009    55.227    10.77    54.452    20.518    
14    53.814    62.586    63.063    15.811    98.595    68.884    22.023    63.891    33.242    41.437    76.942    80.362    31.623    0         79.322    14.213    59.135    75.538    51.078    48.795    18.974    84.906    33.541    29.155    45.486    89.894    58.241    77.795    61.221    34.366    28.862    51.478    75.538    71.063    71.063    13.038    65.46    68.029    29.547    38.588    33.526    16.125    74.706    48.104    10.296    16.125    71.197    92.315    60.415    74.148    63.071    18.385    53.935    50.01    62.642    92.655    44.283    69.318    32.016    24.413    98.311    77.078    44.911    85.159    71.176    82.037    24.413    73.926    16.763    
15    27.203    58.215    52.811    81.154    21.932    33.061    84.433    25.495    79.076    72.062    56.886    23.707    49.518    79.322    0         81.939    48.508    53.759    46.098    33.242    86.279    35.0    46.228    57.567    33.838    14.318    29.732    16.971    18.974    50.448    74.733    41.012    53.759    74.095    11.045    91.4    65.123    42.048    68.242    72.007    63.812    82.024    9.0    34.205    79.158    94.021    31.257    15.811    57.428    84.155    47.096    77.833    36.401    56.223    26.683    23.087    68.154    13.601    47.508    82.462    27.074    45.0    57.385    34.986    42.544    14.765    54.918    35.228    70.007    
16    55.009    74.33    55.902    2.0    99.323    77.0    7.81    62.801    47.381    30.15    88.057    86.833    39.013    14.213    81.939    0         69.635    86.348    46.228    49.244    32.65    81.468    39.205    25.612    49.041    93.92    65.192    77.421    63.071    43.417    17.117    48.083    86.348    60.299    72.471    22.091    77.878    77.524    42.72    52.202    46.065    30.232    78.746    54.332    4.472    25.02    79.025    93.295    72.111    62.129    73.348    6.325    62.008    42.485    69.354    92.005    57.454    73.763    35.171    38.601    97.617    71.561    56.648    93.048    66.03    82.098    29.155    70.178    29.682    
17    44.283    10.198    77.936    70.093    69.857    17.493    75.961    55.973    39.825    79.057    18.788    32.45    32.202    59.135    48.508    69.635    0         16.763    64.203    46.325    54.818    77.279    34.67    57.14    35.805    49.659    20.224    60.208    43.417    26.571    73.348    59.641    16.763    97.309    49.163    66.37    17.263    10.817    32.985    30.529    27.659    51.971    39.623    25.239    65.307    67.742    20.248    64.133    9.0    105.418    4.123    69.26    15.232    72.18    22.023    71.176    24.207    35.128    41.617    47.76    75.538    80.411    15.811    30.806    75.24    61.0    42.953    71.47    43.012    
18    57.009    14.866    91.548    86.833    73.0    21.19    92.72    67.231    52.887    95.189    3.162    32.062    48.847    75.538    53.759    86.348    16.763    0         78.492    60.141    69.584    86.377    51.0    73.43    50.249    50.249    31.401    68.308    54.203    43.324    89.961    73.593    0.0    111.732    57.585    82.024    17.692    13.038    48.094    43.417    43.012    67.186    44.911    39.699    82.0    83.15    22.561    68.118    16.492    120.283    13.416    86.023    29.069    87.115    30.887    76.792    36.401    42.059    57.801    61.984    80.306    91.788    31.0    24.698    87.132    67.912    59.615    82.298    59.135    
19    22.825    73.498    14.56    44.688    57.567    60.0    45.343    21.095    70.114    26.683    81.345    61.847    38.328    51.078    46.098    46.228    64.203    78.492    0         18.439    66.491    35.355    33.526    21.932    28.425    60.299    47.508    35.171    29.411    44.272    33.015    5.385    78.492    33.242    35.057    63.977    79.925    65.795    59.414    68.25    58.249    62.169    47.539    39.051    45.486    67.119    60.465    52.393    71.561    42.012    65.947    40.361    49.578    10.198    49.406    48.332    68.964    44.944    27.459    67.268    53.666    26.0    60.926    72.007    20.125    40.262    33.0    24.042    52.154    
20    6.083    55.946    31.623    48.301    50.22    41.617    51.264    15.652    58.856    40.447    63.032    44.643    25.318    48.795    33.242    49.244    46.325    60.141    18.439    0         59.942    38.601    20.396    24.352    10.77    46.39    29.069    29.0    14.318    30.0    41.593    13.454    60.141    51.624    23.259    61.62    62.61    47.381    47.518    55.009    45.044    55.471    32.0    21.095    46.872    64.537    42.19    44.102    54.12    60.44    47.802    44.777    31.401    27.785    31.064    43.863    54.332    28.284    17.493    58.523    49.518    36.222    45.122    54.231    30.414    33.302    25.239    29.155    43.863    
21    63.812    55.145    79.63    34.438    107.168    68.447    40.311    75.591    18.682    60.208    70.257    81.988    36.878    18.974    86.279    32.65    54.818    69.584    66.491    59.942    0         98.087    40.804    45.277    53.6    94.641    60.465    88.204    70.0    36.235    47.802    65.803    69.584    89.454    79.812    14.765    56.08    65.146    21.84    27.074    27.203    4.472    80.056    52.402    29.155    14.56    71.113    100.767    53.235    92.962    58.941    37.336    54.708    67.119    64.9    102.903    34.015    74.411    42.485    8.246    108.467    92.179    39.051    84.309    86.128    91.837    34.928    87.664    16.401    
22    36.346    87.476    31.016    79.981    31.048    65.192    80.66    23.345    97.293    59.682    89.538    58.523    63.789    84.906    35.0    81.468    77.279    86.377    35.355    38.601    98.087    0         58.941    56.4    47.518    46.755    57.07    18.358    34.132    67.897    68.118    33.601    86.377    48.01    28.792    97.944    94.541    73.682    85.907    92.779    83.024    93.622    42.544    55.0    80.43    101.02    64.078    29.069    86.145    58.009    77.13    75.69    62.514    41.881    56.045    19.647    91.137    44.385    55.714    97.082    23.022    15.033    81.006    69.893    17.464    20.518    63.159    11.314    82.28    
23    23.259    42.45    48.083    39.051    66.528    38.21    44.045    35.735    38.471    44.407    53.339    47.676    5.0    33.541    46.228    39.205    34.67    51.0    33.526    20.396    40.804    58.941    0         22.472    12.806    56.356    26.019    47.508    29.206    10.77    39.217    30.414    51.0    65.0    39.051    45.222    48.166    40.162    27.166    35.128    25.08    36.401    41.183    15.133    35.511    47.802    40.05    60.141    40.311    72.201    37.59    37.054    23.537    39.446    30.15    62.129    35.44    35.777    7.071    38.484    67.676    56.0    27.785    54.009    50.01    51.039    10.05    49.497    24.413    
24    30.364    64.661    34.366    24.413    73.926    59.203    26.926    37.202    51.662    22.023    75.802    66.121    25.495    29.155    57.567    25.612    57.14    73.43    21.932    24.352    45.277    56.4    22.472    0         27.074    70.406    46.325    51.865    38.601    31.828    18.028    22.804    73.43    46.174    47.539    42.048    70.036    62.241    42.154    51.894    42.544    41.11    55.579    35.44    24.083    45.188    60.638    68.0    62.482    51.884    60.033    20.591    45.31    22.023    49.82    66.4    54.378    51.157    15.652    47.096    72.007    47.927    48.836    74.148    42.048    56.604    15.811    45.222    32.388    
25    11.18    45.277    42.19    48.508    53.759    33.106    52.612    24.187    50.0    46.819    53.038    39.051    17.0    45.486    33.838    49.041    35.805    50.249    28.425    10.77    53.6    47.518    12.806    27.074    0         44.944    20.125    34.886    16.401    20.396    45.1    23.854    50.249    61.62    26.249    57.628    51.884    37.802    38.601    45.277    35.511    49.204    29.732    10.63    45.88    60.308    34.176    47.381    43.417    70.036    37.537    45.706    21.213    36.878    23.087    49.396    44.045    24.739    13.928    51.0    54.918    46.69    34.525    47.297    41.0    38.275    21.095    39.013    37.202    
26    40.311    58.189    67.052    93.301    23.537    32.311    97.015    39.812    85.041    86.0    53.151    18.248    58.83    89.894    14.318    93.92    49.659    50.249    60.299    46.39    94.641    46.755    56.356    70.406    44.944    0         34.655    30.017    32.14    58.412    87.966    55.145    50.249    88.255    25.318    101.356    64.56    40.804    74.953    77.006    70.036    90.604    15.232    42.438    90.824    103.774    29.732    20.125    57.94    98.351    47.17    90.25    41.11    70.456    30.48    30.529    72.111    20.591    58.873    89.872    32.311    58.31    61.612    27.295    56.365    26.401    65.795    48.765    78.816    
27    25.612    30.414    60.208    65.069    51.624    13.0    70.007    36.249    50.448    66.851    34.409    22.136    26.683    58.241    29.732    65.192    20.224    31.401    47.508    29.069    60.465    57.07    26.019    46.325    20.125    34.655    0         40.05    23.409    24.597    64.133    42.45    31.401    80.66    29.017    68.542    37.483    18.439    40.311    42.72    35.384    56.604    21.471    11.045    61.4    70.682    14.318    45.541    29.155    89.499    20.248    63.008    6.708    56.613    4.472    51.624    38.484    16.155    31.257    55.317    56.294    60.836    27.731    28.071    55.946    41.11    36.056    51.624    45.177    
28    24.413    70.349    38.328    76.276    22.472    47.127    78.39    14.765    84.504    61.847    71.47    40.224    51.884    77.795    16.971    77.421    60.208    68.308    35.171    29.0    88.204    18.358    47.508    51.865    34.886    30.017    40.05    0         18.974    54.781    67.119    31.016    68.308    58.941    11.045    90.609    77.414    55.785    73.164    78.848    69.57    83.762    24.187    40.025    75.432    93.509    45.88    17.263    69.181    69.123    59.682    72.402    46.011    44.553    38.471    14.866    76.295    26.249    46.228    85.884    20.518    28.302    65.765    51.614    26.571    5.099    54.037    18.788    71.868    
29    8.246    53.6    39.408    62.241    37.483    33.601    65.46    13.038    65.552    54.083    57.306    32.65    33.287    61.221    18.974    63.071    43.417    54.203    29.411    14.318    70.0    34.132    29.206    38.601    16.401    32.14    23.409    18.974    0         35.847    55.902    24.042    54.203    60.745    9.899    73.661    60.638    41.183    54.231    59.908    50.596    65.605    18.248    21.213    60.415    76.42    33.302    31.145    52.173    70.328    43.658    58.873    28.443    39.56    23.324    33.121    57.559    15.652    29.206    67.231    38.588    37.59    47.17    43.267    33.015    21.954    36.878    28.231    53.6    
30    31.575    33.015    58.822    43.738    71.847    34.525    49.477    44.553    29.732    53.814    45.31    46.615    6.403    34.366    50.448    43.417    26.571    43.324    44.272    30.0    36.235    67.897    10.77    31.828    20.396    58.412    24.597    54.781    35.847    0         47.011    41.0    43.324    75.664    45.177    44.011    38.21    34.132    18.385    25.02    15.133    32.202    43.863    16.279    39.205    46.098    36.878    65.46    30.806    82.662    30.083    42.72    19.647    50.12    29.069    68.877    24.739    38.21    17.493    32.016    74.243    66.121    17.205    50.804    60.208    57.697    16.643    59.076    20.591    
31    47.676    79.925    40.224    15.133    89.554    76.903    13.038    52.393    59.682    13.038    92.136    84.149    41.146    28.862    74.733    17.117    73.348    89.961    33.015    41.593    47.802    68.118    39.217    18.028    45.1    87.966    64.133    67.119    55.902    47.011    0         36.235    89.961    43.186    64.288    39.0    84.629    79.379    52.498    62.482    54.452    44.598    73.335    53.151    19.105    42.012    78.447    83.934    77.698    45.398    76.557    11.0    62.642    27.019    67.742    81.006    66.468    69.065    32.985    52.393    86.452    56.727    63.008    92.071    51.624    72.09    30.414    56.851    40.224    
32    17.493    69.116    18.358    46.69    53.488    54.818    48.01    16.492    68.007    31.257    76.485    56.462    35.355    51.478    41.012    48.083    59.641    73.593    5.385    13.454    65.803    33.601    30.414    22.804    23.854    55.145    42.45    31.016    24.042    41.0    36.235    0         73.593    38.21    30.0    64.498    75.664    60.811    57.035    65.49    55.444    61.4    42.202    34.409    46.861    67.602    55.218    48.083    67.231    47.202    61.221    42.521    44.822    15.524    44.204    44.777    65.734    39.56    25.0    65.924    50.249    26.476    57.245    66.648    20.396    36.056    31.401    22.472    50.804    
33    57.009    14.866    91.548    86.833    73.0    21.19    92.72    67.231    52.887    95.189    3.162    32.062    48.847    75.538    53.759    86.348    16.763    0.0    78.492    60.141    69.584    86.377    51.0    73.43    50.249    50.249    31.401    68.308    54.203    43.324    89.961    73.593    0         111.732    57.585    82.024    17.692    13.038    48.094    43.417    43.012    67.186    44.911    39.699    82.0    83.15    22.561    68.118    16.492    120.283    13.416    86.023    29.069    87.115    30.887    76.792    36.401    42.059    57.801    61.984    80.306    91.788    31.0    24.698    87.132    67.912    59.615    82.298    59.135    
34    55.444    106.4    21.471    58.31    78.313    92.957    55.109    49.193    97.801    30.15    114.586    93.295    69.354    71.063    74.095    60.299    97.309    111.732    33.242    51.624    89.454    48.01    65.0    46.174    61.62    88.255    80.66    58.941    60.745    75.664    43.186    38.21    111.732    0         63.561    82.098    112.645    99.005    88.255    97.862    88.238    85.709    77.827    72.25    62.032    85.147    93.236    74.967    104.403    10.198    99.156    54.148    82.807    25.554    82.329    67.119    99.745    76.322    58.181    92.574    71.0    33.0    92.785    104.01    32.558    63.561    61.465    40.608    78.339    
35    17.493    59.304    42.154    71.554    27.586    36.401    74.465    14.56    74.733    61.131    60.745    31.113    43.012    71.063    11.045    72.471    49.163    57.585    35.057    23.259    79.812    28.792    39.051    47.539    26.249    25.318    29.017    11.045    9.899    45.177    64.288    30.0    57.585    63.561    0         83.546    66.37    44.922    63.506    68.622    59.615    75.432    14.866    29.732    69.971    86.313    35.341    21.26    58.138    73.539    48.662    68.029    35.057    45.177    27.459    23.77    65.734    15.652    39.051    76.851    29.069    36.069    55.109    42.45    32.802    12.649    46.755    26.173    63.411    
36    66.468    68.066    75.584    24.083    111.126    78.16    28.862    76.837    33.242    52.01    83.006    90.62    42.544    13.038    91.4    22.091    66.37    82.024    63.977    61.62    14.765    97.944    45.222    42.048    57.628    101.356    68.542    90.609    73.661    44.011    39.0    64.498    82.024    82.098    83.546    0         69.721    76.118    34.015    41.0    39.013    15.297    86.284    59.059    20.1    3.162    80.654    104.805    66.03    84.214    70.456    28.0    63.569    62.362    73.007    105.475    47.676    80.777    44.553    22.847    111.126    89.961    51.039    94.372    84.095    94.763    36.797    86.954    23.77    
37    61.098    7.071    94.021    78.721    85.988    32.558    84.971    73.082    38.053    92.022    16.643    46.487    44.553    65.46    65.123    77.878    17.263    17.692    79.925    62.61    56.08    94.541    48.166    70.036    51.884    64.56    37.483    77.414    60.638    38.21    84.629    75.664    17.692    112.645    66.37    69.721    0         23.77    36.139    29.017    31.953    54.452    56.143    41.629    73.41    70.349    34.928    80.505    8.544    120.254    18.028    78.772    32.28    87.201    39.051    88.023    22.091    52.0    55.227    48.01    92.195    97.406    21.633    41.34    92.114    78.058    54.672    88.6    48.703    
38    44.045    17.464    78.645    77.782    62.394    9.0    83.361    54.203    50.606    83.648    16.125    22.847    38.833    68.029    42.048    77.524    10.817    13.038    65.795    47.381    65.146    73.682    40.162    62.241    37.802    40.804    18.439    55.785    41.183    34.132    79.379    60.811    13.038    99.005    44.922    76.118    23.77    0         43.324    41.34    37.947    62.097    33.061    27.459    73.335    77.666    11.18    57.079    17.493    107.713    7.071    76.485    17.0    74.653    17.889    65.123    35.0    29.614    46.615    58.31    69.0    78.772    26.401    20.0    74.095    55.731    49.477    69.318    52.469    
39    49.729    34.059    73.824    43.829    89.889    47.011    50.22    62.586    11.402    62.434    49.0    61.033    22.204    29.547    68.242    42.72    32.985    48.094    59.414    47.518    21.84    85.907    27.166    42.154    38.601    74.953    40.311    73.164    54.231    18.385    52.498    57.035    48.094    88.255    63.506    34.015    36.139    43.324    0         10.0    5.385    19.105    61.074    34.132    38.275    35.057    49.739    83.528    32.016    93.941    37.108    44.688    34.059    63.325    44.598    87.235    14.765    55.444    32.062    15.264    92.574    83.054    17.263    62.65    77.026    76.059    26.926    76.655    13.038    
40    56.436    28.636    82.765    53.413    93.915    46.755    59.816    69.462    9.487    72.402    43.738    61.522    30.15    38.588    72.007    52.202    30.529    43.417    68.25    55.009    27.074    92.779    35.128    51.894    45.277    77.006    42.72    78.848    59.908    25.02    62.482    65.49    43.417    97.862    68.622    41.0    29.017    41.34    10.0    0         10.05    25.71    64.14    38.897    47.802    41.437    49.578    87.664    26.926    103.755    34.482    54.489    36.056    72.732    46.615    92.358    7.071    58.669    40.792    19.0    97.499    91.049    15.556    61.294    85.094    81.271    36.401    84.095    22.672    
41    46.69    29.275    72.78    47.011    85.586    41.677    53.339    59.682    15.264    63.6    44.045    55.803    20.1    33.526    63.812    46.065    27.659    43.012    58.249    45.044    27.203    83.024    25.08    42.544    35.511    70.036    35.384    69.57    50.596    15.133    54.452    55.444    43.012    88.238    59.615    39.013    31.953    37.947    5.385    10.05    0         24.331    56.4    29.967    41.593    40.2    44.418    79.259    27.166    94.414    31.78    47.434    29.0    62.968    39.598    83.385    12.042    50.804    30.806    20.591    88.64    81.025    12.042    57.271    75.06    72.236    26.833    74.169    16.763    
42    59.363    53.0    75.425    31.906    102.825    65.0    38.013    71.12    18.358    56.754    68.029    78.294    32.558    16.125    82.024    30.232    51.971    67.186    62.169    55.471    4.472    93.622    36.401    41.11    49.204    90.604    56.604    83.762    65.605    32.202    44.598    61.4    67.186    85.709    75.432    15.297    54.452    62.097    19.105    25.71    24.331    0         75.928    48.27    26.42    16.0    67.624    96.426    51.01    89.499    56.089    34.438    51.0    63.032    61.057    98.473    32.388    70.292    38.013    8.485    104.043    87.801    36.346    80.994    81.744    87.419    30.463    83.217    12.042    
43    26.019    49.254    56.356    78.16    30.364    24.083    82.0    28.653    71.61    72.25    48.052    16.279    43.829    74.706    9.0    78.746    39.623    44.911    47.539    32.0    80.056    42.544    41.183    55.579    29.732    15.232    21.471    24.187    18.248    43.863    73.335    42.202    44.911    77.827    14.866    86.284    56.143    33.061    61.074    64.14    56.4    75.928    0         27.659    75.611    88.752    22.361    24.515    48.508    87.664    38.118    75.186    28.178    57.723    18.028    32.062    59.933    5.657    43.658    75.69    36.056    50.912    49.193    27.659    47.634    23.087    50.567    41.012    64.031    
44    19.647    34.886    52.697    54.148    55.758    23.77    59.0    32.249    45.177    56.365    42.45    32.558    16.553    48.104    34.205    54.332    25.239    39.699    39.051    21.095    52.402    55.0    15.133    35.44    10.63    42.438    11.045    40.025    21.213    16.279    53.151    34.409    39.699    72.25    29.732    59.059    41.629    27.459    34.132    38.897    29.967    48.27    27.659    0         50.636    61.4    25.318    49.396    33.106    80.623    26.907    52.0    10.63    47.424    15.033    53.488    36.346    22.023    20.224    48.27    58.694    56.045    26.019    39.115    50.596    42.379    25.179    47.676    36.401    
45    52.479    69.893    56.08    5.657    97.082    73.027    12.042    60.959    43.186    32.016    83.678    83.187    35.014    10.296    79.158    4.472    65.307    82.0    45.486    46.872    29.155    80.43    35.511    24.083    45.88    90.824    61.4    75.432    60.415    39.205    19.105    46.861    82.0    62.032    69.971    20.1    73.41    73.335    38.275    47.802    41.593    26.42    75.611    50.636    0         23.195    75.107    90.973    67.676    64.498    69.051    8.246    58.009    42.72    65.62    90.139    53.0    70.52    31.953    34.67    95.776    71.197    52.202    89.14    65.513    80.0    25.495    69.203    25.239    
46    69.311    69.0    78.746    27.019    113.899    80.006    31.575    79.812    33.242    55.036    84.024    92.704    44.944    16.125    94.021    25.02    67.742    83.15    67.119    64.537    14.56    101.02    47.802    45.188    60.308    103.774    70.682    93.509    76.42    46.098    42.012    67.602    83.15    85.147    86.313    3.162    70.349    77.666    35.057    41.437    40.2    16.0    88.752    61.4    23.195    0         82.541    107.564    67.007    87.144    71.847    31.016    65.552    65.521    75.153    108.374    48.26    83.217    47.381    22.804    114.022    93.107    52.24    96.167    87.235    97.622    39.598    90.05    25.632    
47    37.802    28.46    72.25    79.0    51.245    2.828    84.095    46.228    58.412    80.994    25.71    12.207    40.112    71.197    31.257    79.025    20.248    22.561    60.465    42.19    71.113    64.078    40.05    60.638    34.176    29.732    14.318    45.88    33.302    36.878    78.447    55.218    22.561    93.236    35.341    80.654    34.928    11.18    49.739    49.578    44.418    67.624    22.361    25.318    75.107    82.541    0         46.011    28.231    102.416    17.464    77.104    17.263    69.971    11.18    54.332    43.863    19.698    45.541    65.0    58.034    70.456    34.059    14.036    66.219    45.354    50.01    60.745    56.921    
48    38.601    73.682    55.036    92.282    6.403    48.094    94.81    31.623    94.515    79.076    71.176    36.497    63.891    92.315    15.811    93.295    64.133    68.118    52.393    44.102    100.767    29.069    60.141    68.0    47.381    20.125    45.541    17.263    31.145    65.46    83.934    48.083    68.118    74.967    21.26    104.805    80.505    57.079    83.528    87.664    79.259    96.426    24.515    49.396    90.973    107.564    46.011    0         72.993    85.159    62.514    88.589    52.202    61.814    42.45    10.63    83.934    29.411    60.308    97.417    12.369    42.72    73.164    46.84    42.426    12.166    68.015    34.366    84.386    
49    52.555    2.236    85.586    72.801    78.645    25.632    78.924    64.56    36.401    84.504    17.029    40.249    37.014    60.415    57.428    72.111    9.0    16.492    71.561    54.12    53.235    86.145    40.311    62.482    43.417    57.94    29.155    69.181    52.173    30.806    77.698    67.231    16.492    104.403    58.138    66.03    8.544    17.493    32.016    26.926    27.166    51.01    48.508    33.106    67.676    67.007    28.231    72.993    0         112.161    10.77    72.498    23.77    79.025    31.016    80.156    19.925    44.102    47.381    45.541    84.481    88.865    15.524    36.797    83.57    70.0    47.434    80.081    43.738    
50    64.637    114.215    31.385    60.133    88.459    102.005    56.009    59.093    102.883    32.757    123.069    102.956    76.276    74.148    84.155    62.129    105.418    120.283    42.012    60.44    92.962    58.009    72.201    51.884    70.036    98.351    89.499    69.123    70.328    82.662    45.398    47.202    120.283    10.198    73.539    84.214    120.254    107.713    93.941    103.755    94.414    89.499    87.664    80.623    64.498    87.144    102.416    85.159    112.161    0         107.48    56.321    91.241    33.242    91.4    77.233    106.174    85.959    65.215    96.84    81.025    43.046    99.865    113.534    42.755    73.756    67.602    50.804    83.217    
51    45.277    11.18    79.404    73.756    68.066    14.866    79.555    56.462    43.829    81.835    15.811    29.53    35.468    63.071    47.096    73.348    4.123    13.416    65.947    47.802    58.941    77.13    37.59    60.033    37.537    47.17    20.248    59.682    43.658    30.083    76.557    61.221    13.416    99.156    48.662    70.456    18.028    7.071    37.108    34.482    31.78    56.089    38.118    26.907    69.051    71.847    17.464    62.514    10.77    107.48    0         72.801    16.401    74.25    21.213    70.007    28.018    34.015    44.418    51.865    74.169    81.025    19.925    27.019    76.026    60.133    46.239    71.868    47.043    
52    50.695    74.733    49.649    4.472    94.515    75.24    7.0    57.689    50.606    24.021    87.92    84.214    37.656    18.385    77.833    6.325    69.26    86.023    40.361    44.777    37.336    75.69    37.054    20.591    45.706    90.25    63.008    72.402    58.873    42.72    11.0    42.521    86.023    54.148    68.029    28.0    78.772    76.485    44.688    54.489    47.434    34.438    75.186    52.0    8.246    31.016    77.104    88.589    72.498    56.321    72.801    0         60.407    36.235    67.007    86.839    59.203    70.406    32.14    42.544    92.418    65.46    57.245    91.049    60.0    77.175    27.166    64.382    31.828    
53    29.069    25.298    63.008    62.073    58.31    15.033    67.365    40.804    43.932    66.648    31.828    27.295    23.0    53.935    36.401    62.008    15.232    29.069    49.578    31.401    54.708    62.514    23.537    45.31    21.213    41.11    6.708    46.011    28.443    19.647    62.642    44.822    29.069    82.807    35.057    63.569    32.28    17.0    34.059    36.056    29.0    51.0    28.178    10.63    58.009    65.552    17.263    52.202    23.77    91.241    16.401    60.407    0         58.052    10.63    58.052    31.78    22.847    29.732    49.204    62.817    65.192    21.024    31.257    60.008    47.381    33.242    56.321    39.925    
54    32.696    81.056    13.416    40.706    66.708    69.34    40.0    31.0    73.348    17.889    89.872    71.868    43.829    50.01    56.223    42.485    72.18    87.115    10.198    27.785    67.119    41.881    39.446    22.023    36.878    70.456    56.613    44.553    39.56    50.12    27.019    15.524    87.115    25.554    45.177    62.362    87.201    74.653    63.325    72.732    62.968    63.032    57.723    47.424    42.72    65.521    69.971    61.814    79.025    33.242    74.25    36.235    58.052    0         58.83    56.921    74.324    55.027    32.65    69.116    62.032    29.732    67.231    81.86    24.839    49.649    36.401    30.887    54.332    
55    26.907    32.016    61.522    69.181    48.384    10.63    74.007    36.359    54.562    69.893    34.0    17.72    31.048    62.642    26.683    69.354    22.023    30.887    49.406    31.064    64.9    56.045    30.15    49.82    23.087    30.48    4.472    38.471    23.324    29.069    67.742    44.204    30.887    82.329    27.459    73.007    39.051    17.889    44.598    46.615    39.598    61.057    18.028    15.033    65.62    75.153    11.18    42.45    31.016    91.4    21.213    67.007    10.63    58.83    0         49.163    42.059    13.153    35.057    59.666    53.6    60.902    31.385    24.331    56.303    39.013    40.2    51.43    49.649    
56    39.205    81.056    48.374    90.802    11.402    56.143    92.65    29.206    98.489    74.673    79.906    45.88    66.37    92.655    23.087    92.005    71.176    76.792    48.332    43.863    102.903    19.647    62.129    66.4    49.396    30.529    51.624    14.866    33.121    68.877    81.006    44.777    76.792    67.119    23.77    105.475    88.023    65.123    87.235    92.358    83.385    98.473    32.062    53.488    90.139    108.374    54.332    10.63    80.156    77.233    70.007    86.839    58.052    56.921    49.163    0         89.286    36.056    61.074    100.344    5.657    34.234    78.588    56.648    35.057    11.18    68.884    27.166    86.533    
57    55.0    21.587    83.522    58.523    90.078    41.037    64.9    68.007    16.492    75.604    36.674    55.973    30.676    44.283    68.154    57.454    24.207    36.401    68.964    54.332    34.015    91.137    35.44    54.378    44.045    72.111    38.484    76.295    57.559    24.739    66.468    65.734    36.401    99.745    65.734    47.676    22.091    35.0    14.765    7.071    12.042    32.388    59.933    36.346    53.0    48.26    43.863    83.934    19.925    106.174    28.018    59.203    31.78    74.324    42.059    89.286    0         54.626    41.785    26.019    94.255    90.554    10.77    55.0    84.717    78.339    38.588    83.054    27.785    
