+-+-+-+-+-+-+-+-+-+-+-+-+-+-+ GRAFO CARGADO +-+-+-+-+-+-+-+-+-+-+-+-+-+-+-
        1         2         3         4         5         6         7         8         9         10        11        12        13        14        15        16        17        18        19        20        21        22        23        24        25        26        27        28        29        30        31        32        33        34        35        36        37        38        39        40        41        42        43        44        45        46        47        48        49        50
1     0         52.953    43.863    36.222    32.062    57.689    28.844    27.857    65.054    27.893    37.336    60.877    27.857    53.16    38.601    28.32    39.319    48.27    34.785    47.434    60.811    48.6    26.0    29.155    45.891    30.887    53.759    41.304    42.45    31.016    29.155    24.413    42.45    24.166    27.019    29.017    52.326    59.548    27.203    50.695    29.698    22.804    37.336    41.976    45.804    49.739    46.84    20.591    46.755    29.833    
2     52.953    0         92.13    61.741    23.324    61.351    76.026    64.031    56.321    25.179    63.071    51.478    26.0    5.099    68.542    77.473    63.953    97.99    67.067    98.234    53.759    54.129    28.0    24.042    70.328    69.123    7.071    64.885    91.706    22.847    65.253    32.249    91.706    30.0    77.833    25.495    63.953    49.497    26.077    10.296    79.31    34.234    63.071    68.425    96.385    59.481    7.616    34.0    96.177    80.411    
3     43.863    92.13    0         72.801    68.877    64.031    16.125    61.351    77.279    69.065    73.389    75.538    70.0    93.648    71.568    15.556    75.273    7.071    67.72    10.296    73.824    59.414    68.411    68.6    79.812    60.877    94.668    77.162    3.162    69.354    61.984    67.941    3.162    66.843    17.493    66.648    55.082    75.326    68.819    92.358    14.213    66.483    73.389    75.961    8.602    56.089    87.464    63.781    5.099    14.765    
4     36.222    61.741    72.801    0         52.345    91.389    61.188    11.662    96.042    42.45    1.414    91.269    39.699    58.873    7.071    58.941    3.162    74.686    7.616    72.069    91.924    81.939    38.21    46.669    10.296    14.213    58.189    5.099    70.385    49.497    11.402    32.558    70.385    36.77    55.66    49.578    87.281    89.588    41.037    53.759    59.481    31.113    1.414    7.071    71.12    84.155    54.129    34.059    73.824    58.189    
5     32.062    23.324    68.877    52.345    0         46.0    52.802    50.478    46.174    10.296    53.759    41.11    13.416    25.495    58.052    54.424    55.227    74.847    55.444    75.273    42.45    37.121    14.422    5.831    62.37    55.227    26.87    56.727    68.542    3.162    51.865    20.0    68.542    15.62    55.082    3.162    45.891    39.217    11.662    25.807    56.303    21.26    53.759    59.414    73.389    41.593    19.849    18.439    73.007    57.567    
6     57.689    61.351    64.031    91.389    46.0    0         53.666    85.088    14.142    55.227    92.704    14.765    58.31    65.803    95.258    57.706    94.541    71.063    91.706    74.041    12.083    9.487    58.549    51.088    101.637    88.51    67.72    96.385    65.803    49.01    86.452    63.151    65.803    58.856    61.4    47.096    9.055    15.811    56.321    68.659    59.481    63.561    92.704    97.99    72.125    8.602    62.37    59.666    69.123    62.177    
7     28.844    76.026    16.125    61.188    52.802    53.666    0         50.359    65.788    53.009    61.984    63.325    54.037    77.524    61.205    4.243    63.953    22.136    57.219    23.195    61.984    47.434    52.498    52.479    69.354    51.01    78.549    65.924    15.811    53.235    51.245    52.345    15.811    50.99    8.602    50.537    45.277    62.817    52.802    76.276    5.831    50.99    61.984    65.376    21.213    45.188    71.344    48.083    20.248    8.602    
8     27.857    64.031    61.351    11.662    50.478    85.088    50.359    0         91.214    41.593    12.083    86.683    39.395    61.984    11.045    47.854    13.928    63.071    7.071    60.415    87.006    75.802    37.577    45.277    19.026    5.099    61.66    15.811    58.873    48.021    1.414    32.311    58.873    35.777    44.385    47.434    80.112    85.147    40.249    57.428    48.27    30.463    12.083    15.033    59.481    77.369    56.515    32.249    62.241    46.84    
9     65.054    56.321    77.279    96.042    46.174    14.142    65.788    91.214    0         56.303    97.417    5.099    59.464    61.205    100.688    69.642    99.126    84.345    97.417    87.098    4.243    18.385    60.166    51.865    106.33    95.131    63.198    100.846    78.854    49.336    92.617    65.391    78.854    60.926    73.007    48.104    23.022    7.071    57.585    65.008    71.512    66.212    97.417    102.927    85.147    21.213    59.008    62.61    82.377    74.095    
10    27.893    25.179    69.065    42.45    10.296    55.227    53.009    41.593    56.303    0         43.863    51.264    3.162    25.298    48.415    53.852    45.255    74.431    46.043    74.243    52.498    46.043    4.243    4.472    52.345    46.519    26.0    46.69    68.264    7.211    42.942    9.899    68.264    5.831    53.666    8.246    54.148    49.396    1.414    23.324    55.57    11.402    43.863    49.518    72.471    50.04    18.974    9.487    72.719    56.356    
11    37.336    63.071    73.389    1.414    53.759    92.704    61.984    12.083    97.417    43.863    0         92.65    41.11    60.166    6.0    59.666    2.0    75.153    7.211    72.471    93.295    83.259    39.623    48.083    8.944    14.142    59.464    4.0    70.937    50.912    11.662    33.971    70.937    38.184    56.321    50.99    88.544    90.973    42.45    55.027    60.166    32.527    0.0    5.657    71.554    85.44    55.462    35.468    74.324    58.822    
12    60.877    51.478    75.538    91.269    41.11    14.765    63.325    86.683    5.099    51.264    92.65    0         54.424    56.321    96.021    67.052    94.34    82.608    92.801    85.159    2.828    16.125    55.154    46.819    101.548    90.686    58.31    96.042    76.942    44.272    88.091    60.415    76.942    55.946    70.228    43.081    22.804    2.0    52.555    60.033    68.964    61.27    92.65    98.184    83.187    20.1    54.0    57.706    80.623    71.47    
13    27.857    26.0    70.0    39.699    13.416    58.31    54.037    39.395    59.464    3.162    41.11    54.424    0         25.495    45.804    54.644    42.45    75.166    43.566    74.793    55.66    49.092    2.0    7.616    49.497    44.385    25.962    43.841    69.065    10.296    40.719    7.211    69.065    4.0    54.203    11.402    57.079    52.555    2.0    22.847    56.303    8.944    41.11    46.755    73.062    53.009    19.235    8.0    73.498    56.939    
14    53.16    5.099    93.648    58.873    25.495    65.803    77.524    61.984    61.205    25.298    60.166    56.321    25.495    0         65.788    78.715    60.926    99.298    64.56    99.318    58.549    58.31    27.459    25.06    67.082    67.082    2.0    61.741    93.059    24.413    63.151    31.016    93.059    29.428    78.791    27.203    68.029    54.332    25.962    5.657    80.498    33.015    60.166    65.391    97.509    63.561    6.325    33.377    97.529    81.437    
15    38.601    68.542    71.568    7.071    58.052    95.258    61.205    11.045    100.688    48.415    6.0    96.021    45.804    65.788    0         58.549    6.325    72.801    4.0    69.857    96.519    85.884    44.204    52.498    8.246    10.77    65.146    7.211    68.964    55.317    10.0    38.601    68.964    42.638    54.918    55.172    90.62    94.403    47.011    60.729    58.856    37.014    6.0    4.472    69.08    87.727    60.926    39.623    72.111    57.271    
16    28.32    77.473    15.556    58.941    54.424    57.706    4.243    47.854    69.642    53.852    59.666    67.052    54.644    78.715    58.549    0         61.612    20.591    54.589    20.881    65.788    51.264    53.009    53.666    66.753    48.166    79.649    63.561    14.422    54.626    48.662    52.402    14.422    51.4    4.472    52.0    49.396    66.483    53.535    77.175    2.0    50.931    59.666    62.801    18.974    49.193    72.471    48.27    18.868    4.472    
17    39.319    63.953    75.273    3.162    55.227    94.541    63.953    13.928    99.126    45.255    2.0    94.34    42.45    60.926    6.325    61.612    0         76.968    8.485    74.243    95.016    85.088    41.012    49.518    7.211    15.62    60.166    2.0    72.801    52.345    13.416    35.355    72.801    39.623    58.241    52.498    90.443    92.65    43.841    55.714    62.097    33.971    2.0    4.472    73.348    87.316    56.356    37.014    76.158    60.729    
18    48.27    97.99    7.071    74.686    74.847    71.063    22.136    63.071    84.345    74.431    75.153    82.608    75.166    99.298    72.801    20.591    76.968    0         69.08    4.472    80.895    66.483    73.498    74.243    80.994    62.032    100.24    78.791    6.325    75.153    63.561    72.622    6.325    71.847    21.26    72.498    62.097    82.389    74.095    97.755    18.868    71.063    75.153    77.253    4.0    63.151    93.059    68.6    2.0    18.439    
19    34.785    67.067    67.72    7.616    55.444    91.706    57.219    7.071    97.417    46.043    7.211    92.801    43.566    64.56    4.0    54.589    8.485    69.08    0         66.212    93.231    82.365    41.881    50.0    12.166    7.211    64.031    10.0    65.146    52.802    6.0    36.359    65.146    40.224    50.99    52.498    86.925    91.214    44.654    59.666    54.918    34.67    7.211    8.246    65.391    84.095    59.464    37.014    68.352    53.367    
20    47.434    98.234    10.296    72.069    75.273    74.041    23.195    60.415    87.098    74.243    72.471    85.159    74.793    99.318    69.857    20.881    74.243    4.472    66.212    0         83.546    69.051    73.062    74.324    78.0    59.093    100.18    76.026    8.246    75.392    60.828    71.847    8.246    71.344    20.591    72.801    65.146    84.853    73.824    97.529    18.974    70.214    72.471    74.324    2.0    65.97    93.038    67.956    5.657    17.889    
21    60.811    53.759    73.824    91.924    42.45    12.083    61.984    87.006    4.243    52.498    93.295    2.828    55.66    58.549    96.519    65.788    95.016    80.895    93.231    83.546    0         14.56    56.303    48.083    102.215    90.907    60.531    96.747    75.313    45.607    88.408    61.465    75.313    57.009    69.08    44.272    20.396    4.472    53.759    62.129    67.676    62.241    93.295    98.793    81.584    18.0    56.036    58.6    78.918    70.228    
22    48.6    54.129    59.414    81.939    37.121    9.487    47.434    75.802    18.385    46.043    83.259    16.125    49.092    58.31    85.884    51.264    85.088    66.483    82.365    69.051    14.56    0         49.254    42.0    92.195    79.322    60.166    86.925    60.828    40.05    77.175    53.759    60.828    49.497    54.626    38.0    10.0    16.0    47.096    60.729    53.141    54.129    83.259    88.566    67.082    5.657    54.406    50.22    64.498    55.714    
23    26.0    28.0    68.411    38.21    14.422    58.549    52.498    37.577    60.166    4.243    39.623    55.154    2.0    27.459    44.204    53.009    41.012    73.498    41.881    73.062    56.303    49.254    0         8.602    48.104    42.544    27.893    42.45    67.424    11.402    38.91    5.657    67.424    2.0    52.479    12.083    57.009    53.31    2.828    24.698    54.644    7.211    39.623    45.277    71.344    53.009    21.213    6.0    71.847    55.227    
24    29.155    24.042    68.6    46.669    5.831    51.088    52.479    45.277    51.865    4.472    48.083    46.819    7.616    25.06    52.498    53.666    49.518    74.243    50.0    74.324    48.083    42.0    8.602    0         56.639    50.12    26.077    50.99    68.0    2.828    46.648    14.213    68.0    9.899    53.852    4.0    50.359    44.944    5.831    24.083    55.462    15.556    48.083    53.74    72.498    46.174    18.868    13.038    72.471    56.462    
25    45.891    70.328    79.812    10.296    62.37    101.637    69.354    19.026    106.33    52.345    8.944    101.548    49.497    67.082    8.246    66.753    7.211    80.994    12.166    78.0    102.215    92.195    48.104    56.639    0         18.974    66.212    5.657    77.201    59.464    18.111    42.45    77.201    46.755    63.151    59.666    97.406    99.86    50.931    61.741    67.082    41.11    8.944    4.0    77.253    94.34    62.769    44.204    80.324    65.513    
26    30.887    69.123    60.877    14.213    55.227    88.51    51.01    5.099    95.131    46.519    14.142    90.686    44.385    67.082    10.77    48.166    15.62    62.032    7.211    59.093    90.907    79.322    42.544    50.12    18.974    0         66.753    17.205    58.241    52.839    4.0    37.336    58.241    40.719    44.407    52.154    83.187    89.196    45.188    62.514    48.374    35.468    14.142    15.232    58.31    80.623    61.612    37.121    61.351    46.69    
27    53.759    7.071    94.668    58.189    26.87    67.72    78.549    61.66    63.198    26.0    59.464    58.31    25.962    2.0    65.146    79.649    60.166    100.24    64.031    100.18    60.531    60.166    27.893    26.077    66.212    66.753    0         60.926    94.021    25.612    62.801    31.145    94.021    29.833    79.624    28.425    69.857    56.321    26.571    4.472    81.413    33.136    59.464    64.622    98.387    65.391    7.211    33.734    98.489    82.292    
28    41.304    64.885    77.162    5.099    56.727    96.385    65.924    15.811    100.846    46.69    4.0    96.042    43.841    61.741    7.211    63.561    2.0    78.791    10.0    76.026    96.747    86.925    42.45    50.99    5.657    17.205    60.926    0         74.673    53.814    15.232    36.797    74.673    41.11    60.166    54.037    92.347    94.34    45.277    56.462    64.031    35.468    4.0    4.0    75.153    89.196    57.306    38.601    78.0    62.642    
29    42.45    91.706    3.162    70.385    68.542    65.803    15.811    58.873    78.854    68.264    70.937    76.942    69.065    93.059    68.964    14.422    72.801    6.325    65.146    8.246    75.313    60.828    67.424    68.0    77.201    58.241    94.021    74.673    0         68.877    59.464    66.708    0.0    65.803    15.62    66.212    56.921    76.655    67.956    91.586    12.806    65.192    70.937    73.376    6.325    57.723    86.833    62.626    4.472    12.806    
30    31.016    22.847    69.354    49.497    3.162    49.01    53.235    48.021    49.336    7.211    50.912    44.272    10.296    24.413    55.317    54.626    52.345    75.153    52.802    75.392    45.607    40.05    11.402    2.828    59.464    52.839    25.612    53.814    68.877    0         49.396    17.029    68.877    12.728    55.027    2.828    48.662    42.379    8.602    24.083    56.462    18.385    50.912    56.569    73.539    44.407    18.439    15.811    73.348    57.585    
31    29.155    65.253    61.984    11.402    51.865    86.452    51.245    1.414    92.617    42.942    11.662    88.091    40.719    63.151    10.0    48.662    13.416    63.561    6.0    60.828    88.408    77.175    38.91    46.648    18.111    4.0    62.801    15.232    59.464    49.396    0         33.615    59.464    37.121    45.122    48.826    81.437    86.556    41.593    58.549    49.031    31.78    11.662    14.142    59.933    78.715    57.723    33.615    62.769    47.539    
32    24.413    32.249    67.941    32.558    20.0    63.151    52.345    32.311    65.391    9.899    33.971    60.415    7.211    31.016    38.601    52.402    35.355    72.622    36.359    71.847    61.465    53.759    5.657    14.213    42.45    37.336    31.145    36.797    66.708    17.029    33.615    0         66.708    4.472    51.4    17.493    61.074    58.6    8.485    27.459    53.907    2.0    33.971    39.623    70.214    57.219    25.02    4.472    71.063    54.203    
33    42.45    91.706    3.162    70.385    68.542    65.803    15.811    58.873    78.854    68.264    70.937    76.942    69.065    93.059    68.964    14.422    72.801    6.325    65.146    8.246    75.313    60.828    67.424    68.0    77.201    58.241    94.021    74.673    0.0    68.877    59.464    66.708    0         65.803    15.62    66.212    56.921    76.655    67.956    91.586    12.806    65.192    70.937    73.376    6.325    57.723    86.833    62.626    4.472    12.806    
34    24.166    30.0    66.843    36.77    15.62    58.856    50.99    35.777    60.926    5.831    38.184    55.946    4.0    29.428    42.638    51.4    39.623    71.847    40.224    71.344    57.009    49.497    2.0    9.899    46.755    40.719    29.833    41.11    65.803    12.728    37.121    4.472    65.803    0         50.774    13.038    57.009    54.129    4.472    26.571    53.009    5.657    38.184    43.841    69.642    53.085    23.195    4.0    70.214    53.535    
35    27.019    77.833    17.493    55.66    55.082    61.4    8.602    44.385    73.007    53.666    56.321    70.228    54.203    78.791    54.918    4.472    58.241    21.26    50.99    20.591    69.08    54.626    52.479    53.852    63.151    44.407    79.624    60.166    15.62    55.027    45.122    51.4    15.62    50.774    0         52.498    53.254    69.57    53.235    76.942    4.0    49.82    56.321    59.228    18.868    52.839    72.498    47.434    19.799    2.828    
36    29.017    25.495    66.648    49.578    3.162    47.096    50.537    47.434    48.104    8.246    50.99    43.081    11.402    27.203    55.172    52.0    52.498    72.498    52.498    72.801    44.272    38.0    12.083    4.0    59.666    52.154    28.425    54.037    66.212    2.828    48.826    17.493    66.212    13.038    52.498    0         46.39    41.231    9.487    26.907    53.852    18.601    50.99    56.639    70.937    42.19    21.26    15.556    70.682    55.027    
37    52.326    63.953    55.082    87.281    45.891    9.055    45.277    80.112    23.022    54.148    88.544    22.804    57.079    68.029    90.62    49.396    90.443    62.097    86.925    65.146    20.396    10.0    57.009    50.359    97.406    83.187    69.857    92.347    56.921    48.662    81.437    61.074    56.921    57.009    53.254    46.39    0         23.409    55.082    70.228    51.108    61.205    88.544    93.638    63.246    4.472    63.906    57.219    60.166    53.852    
38    59.548    49.497    75.326    89.588    39.217    15.811    62.817    85.147    7.071    49.396    90.973    2.0    52.555    54.332    94.403    66.483    92.65    82.389    91.214    84.853    4.472    16.0    53.31    44.944    99.86    89.196    56.321    94.34    76.655    42.379    86.556    58.6    76.655    54.129    69.57    41.231    23.409    0         50.695    58.034    68.411    59.481    90.973    96.519    82.873    20.396    52.0    55.946    80.399    70.88    
39    27.203    26.077    68.819    41.037    11.662    56.321    52.802    40.249    57.585    1.414    42.45    52.555    2.0    25.962    47.011    53.535    43.841    74.095    44.654    73.824    53.759    47.096    2.828    5.831    50.931    45.188    26.571    45.277    67.956    8.602    41.593    8.485    67.956    4.472    53.235    9.487    55.082    50.695    0         23.707    55.227    10.0    42.45    48.104    72.069    51.01    19.647    8.246    72.402    55.946    
40    50.695    10.296    92.358    53.759    25.807    68.659    76.276    57.428    65.008    23.324    55.027    60.033    22.847    5.657    60.729    77.175    55.714    97.755    59.666    97.529    62.129    60.729    24.698    24.083    61.741    62.514    4.472    56.462    91.586    24.083    58.549    27.459    91.586    26.571    76.942    26.907    70.228    58.034    23.707    0         78.892    29.428    55.027    60.166    95.771    65.788    6.325    30.364    96.042    79.649    
41    29.698    79.31    14.213    59.481    56.303    59.481    5.831    48.27    71.512    55.57    60.166    68.964    56.303    80.498    58.856    2.0    62.097    18.868    54.918    18.974    67.676    53.141    54.644    55.462    67.082    48.374    81.413    64.031    12.806    56.462    49.031    53.907    12.806    53.009    4.0    53.852    51.108    68.411    55.227    78.892    0         52.402    60.166    63.151    17.088    50.99    74.243    49.82    17.205    2.828    
42    22.804    34.234    66.483    31.113    21.26    63.561    50.99    30.463    66.212    11.402    32.527    61.27    8.944    33.015    37.014    50.931    33.971    71.063    34.67    70.214    62.241    54.129    7.211    15.556    41.11    35.468    33.136    35.468    65.192    18.385    31.78    2.0    65.192    5.657    49.82    18.601    61.205    59.481    10.0    29.428    52.402    0         32.527    38.184    68.6    57.428    27.019    4.0    69.527    52.631    
43    37.336    63.071    73.389    1.414    53.759    92.704    61.984    12.083    97.417    43.863    0.0    92.65    41.11    60.166    6.0    59.666    2.0    75.153    7.211    72.471    93.295    83.259    39.623    48.083    8.944    14.142    59.464    4.0    70.937    50.912    11.662    33.971    70.937    38.184    56.321    50.99    88.544    90.973    42.45    55.027    60.166    32.527    0         5.657    71.554    85.44    55.462    35.468    74.324    58.822    
44    41.976    68.425    75.961    7.071    59.414    97.99    65.376    15.033    102.927    49.518    5.657    98.184    46.755    65.391    4.472    62.801    4.472    77.253    8.246    74.324    98.793    88.566    45.277    53.74    4.0    15.232    64.622    4.0    73.376    56.569    14.142    39.623    73.376    43.841    59.228    56.639    93.638    96.519    48.104    60.166    63.151    38.184    5.657    0         73.539    90.62    60.828    41.11    76.551    61.612    
45    45.804    96.385    8.602    71.12    73.389    72.125    21.213    59.481    85.147    72.471    71.554    83.187    73.062    97.509    69.08    18.974    73.348    4.0    65.391    2.0    81.584    67.082    71.344    72.498    77.253    58.31    98.387    75.153    6.325    73.539    59.933    70.214    6.325    69.642    18.868    70.937    63.246    82.873    72.069    95.771    17.088    68.6    71.554    73.539    0         64.031    91.236    66.287    4.472    16.125    
46    49.739    59.481    56.089    84.155    41.593    8.602    45.188    77.369    21.213    50.04    85.44    20.1    53.009    63.561    87.727    49.193    87.316    63.151    84.095    65.97    18.0    5.657    53.009    46.174    94.34    80.623    65.391    89.196    57.723    44.407    78.715    57.219    57.723    53.085    52.839    42.19    4.472    20.396    51.01    65.788    50.99    57.428    85.44    90.62    64.031    0         59.464    53.46    61.188    53.666    
47    46.84    7.616    87.464    54.129    19.849    62.37    71.344    56.515    59.008    18.974    55.462    54.0    19.235    6.325    60.926    72.471    56.356    93.059    59.464    93.038    56.036    54.406    21.213    18.868    62.769    61.612    7.211    57.306    86.833    18.439    57.723    25.02    86.833    23.195    72.498    21.26    63.906    52.0    19.647    6.325    74.243    27.019    55.462    60.828    91.236    59.464    0         27.166    91.302    75.153    
48    20.591    34.0    63.781    34.059    18.439    59.666    48.083    32.249    62.61    9.487    35.468    57.706    8.0    33.377    39.623    48.27    37.014    68.6    37.014    67.956    58.6    50.22    6.0    13.038    44.204    37.121    33.734    38.601    62.626    15.811    33.615    4.472    62.626    4.0    47.434    15.556    57.219    55.946    8.246    30.364    49.82    4.0    35.468    41.11    66.287    53.46    27.166    0         67.007    50.22    
49    46.755    96.177    5.099    73.824    73.007    69.123    20.248    62.241    82.377    72.719    74.324    80.623    73.498    97.529    72.111    18.868    76.158    2.0    68.352    5.657    78.918    64.498    71.847    72.471    80.324    61.351    98.489    78.0    4.472    73.348    62.769    71.063    4.472    70.214    19.799    70.682    60.166    80.399    72.402    96.042    17.205    69.527    74.324    76.551    4.472    61.188    91.302    67.007    0         16.971    
50    29.833    80.411    14.765    58.189    57.567    62.177    8.602    46.84    74.095    56.356    58.822    71.47    56.939    81.437    57.271    4.472    60.729    18.439    53.367    17.889    70.228    55.714    55.227    56.462    65.513    46.69    82.292    62.642    12.806    57.585    47.539    54.203    12.806    53.535    2.828    55.027    53.852    70.88    55.946    79.649    2.828    52.631    58.822    61.612    16.125    53.666    75.153    50.22    16.971    0         


Demandas:
1: 0.0
2: 21.0
3: 8.0
4: 11.0
5: 7.0
6: 21.0
7: 5.0
8: 13.0
9: 10.0
10: 9.0
11: 20.0
12: 7.0
13: 12.0
14: 23.0
15: 2.0
16: 4.0
17: 14.0
18: 12.0
19: 3.0
20: 5.0
21: 13.0
22: 5.0
23: 12.0
24: 2.0
25: 3.0
26: 18.0
27: 24.0
28: 4.0
29: 63.0
30: 19.0
31: 2.0
32: 9.0
33: 4.0
34: 9.0
35: 23.0
36: 6.0
37: 3.0
38: 12.0
39: 7.0
40: 17.0
41: 22.0
42: 26.0
43: 14.0
44: 9.0
45: 2.0
46: 16.0
47: 24.0
48: 4.0
49: 19.0
50: 11.0
+-+-+-+-+-+-+-+-+-+-+-+-+-+-+-+ SOLUCION INICIAL +-+-+-+-+-+-+-+-+-+-+-+-+-+-+-+-

Ruta #1: [1, 48, 34, 23, 13, 39, 10, 24, 30, 36, 5, 32]
Costo asociado: 89.70800000000001      Capacidad: 96.0

Ruta #2: [1, 42, 47, 14, 27]
Costo asociado: 111.907      Capacidad: 97.0

Ruta #3: [1, 35, 50, 41, 16, 7, 33, 3, 49]
Costo asociado: 109.745      Capacidad: 96.0

Ruta #4: [1, 8, 31, 26, 19, 15, 44, 25, 28, 17, 11]
Costo asociado: 99.947      Capacidad: 88.0

Ruta #5: [1, 4, 43, 40, 2, 38, 12, 21]
Costo asociado: 218.09500000000003      Capacidad: 95.0

Ruta #6: [1, 29, 18, 45, 20, 37, 22]
Costo asociado: 178.521      Capacidad: 90.0

Ruta #7: [1, 46, 6, 9]
Costo asociado: 137.53699999999998      Capacidad: 47.0

--> Costo total: 945.46          Capacidad total: 609.0

+-+-+-+-+-+-+-+-+-+-+-+-+-+-+-+-+-+-+-+-+-+- Iteracion 2  +-+-+-+-+-+-+-+-+-+-+-+-+-+-+-+-+-+-+-+-+-+-


Ruta #1: [1, 48, 34, 23, 13, 39, 10, 24, 30, 36, 5, 32]
Costo asociado: 89.70800000000001      Capacidad: 96.0

Ruta #2: [1, 42, 47, 14, 27]
Costo asociado: 111.907      Capacidad: 97.0

Ruta #3: [1, 35, 50, 41, 16, 7, 33, 3, 49]
Costo asociado: 109.745      Capacidad: 96.0

Ruta #4: [1, 8, 31, 26, 19, 15, 44, 25, 28, 17, 11]
Costo asociado: 99.947      Capacidad: 88.0

Ruta #5: [1, 4, 43, 40, 2, 38, 12, 21]
Costo asociado: 218.09500000000003      Capacidad: 95.0

Ruta #6: [1, 29, 18, 45, 20, 37, 22]
Costo asociado: 178.521      Capacidad: 90.0

Ruta #7: [1, 46, 6, 9]
Costo asociado: 137.53699999999998      Capacidad: 47.0

--> Costo total: 945.0930000000001          Capacidad total: 609.0

+-+-+-+-+-+-+-+-+-+-+-+-+-+-+-+-+-+-+-+-+-+- Iteracion 2  +-+-+-+-+-+-+-+-+-+-+-+-+-+-+-+-+-+-+-+-+-+-

La solución anterior duró 0min 0seg    -------> Nuevo optimo local. Costo: 945.0930000000001       ==> Optimo: 741.0  Desvio: 27.6%
Lista tabu: [((31,26,4.0),8), ((17,11,2.0),8), ((17,31,13.416),7)]

+-+-+-+-+-+-+-+-+-+-+-+-+-+-+-+-+-+-+-+-+-+- Iteracion 11  +-+-+-+-+-+-+-+-+-+-+-+-+-+-+-+-+-+-+-+-+-+-


Ruta #1: [1, 48, 34, 23, 5, 36, 30, 24, 10, 39, 13, 32]
Costo asociado: 89.34100000000001      Capacidad: 96.0

Ruta #2: [1, 42, 47, 14, 27]
Costo asociado: 111.907      Capacidad: 97.0

Ruta #3: [1, 35, 50, 41, 16, 7, 33, 3, 49]
Costo asociado: 109.745      Capacidad: 96.0

Ruta #4: [1, 8, 31, 26, 19, 15, 44, 25, 28, 17, 11]
Costo asociado: 99.947      Capacidad: 88.0

Ruta #5: [1, 4, 43, 40, 2, 38, 12, 21]
Costo asociado: 218.09500000000003      Capacidad: 95.0

Ruta #6: [1, 29, 18, 45, 20, 37, 22]
Costo asociado: 178.521      Capacidad: 90.0

Ruta #7: [1, 46, 6, 9]
Costo asociado: 137.53699999999998      Capacidad: 47.0

--> Costo total: 942.3309999999999          Capacidad total: 609.0

+-+-+-+-+-+-+-+-+-+-+-+-+-+-+-+-+-+-+-+-+-+- Iteracion 11  +-+-+-+-+-+-+-+-+-+-+-+-+-+-+-+-+-+-+-+-+-+-

La solución anterior duró 0min 0seg    -------> Nuevo optimo local. Costo: 942.3309999999999       ==> Optimo: 741.0  Desvio: 27.5%
Lista tabu: [((23,13,2.0),5), ((5,32,20.0),5), ((5,23,14.422),3), ((29,18,6.325),1), ((45,20,2.0),1), ((48,34,4.0),2), ((24,10,4.472),2), ((24,48,13.038),1), ((35,50,2.828),3), ((7,33,15.811),3), ((7,35,8.602),2), ((26,19,7.211),4), ((11,1,37.336),4), ((11,26,14.142),3), ((26,19,7.211),5), ((15,44,4.472),5), ((15,26,10.77),4), ((8,31,1.414),6), ((4,43,1.414),6), ((8,43,12.083),5), ((10,39,1.414),7), ((13,32,7.211),7), ((10,13,3.162),6), ((50,41,2.828),8), ((3,49,5.099),8), ((3,50,14.765),7)]

+-+-+-+-+-+-+-+-+-+-+-+-+-+-+-+-+-+-+-+-+-+- Iteracion 12  +-+-+-+-+-+-+-+-+-+-+-+-+-+-+-+-+-+-+-+-+-+-


Ruta #1: [1, 48, 34, 23, 5, 36, 30, 24, 10, 39, 13, 32]
Costo asociado: 89.34100000000001      Capacidad: 96.0

Ruta #2: [1, 42, 47, 14, 27]
Costo asociado: 111.907      Capacidad: 97.0

Ruta #3: [1, 35, 50, 41, 16, 7, 33, 3, 49]
Costo asociado: 109.745      Capacidad: 96.0

Ruta #4: [1, 8, 31, 26, 19, 15, 44, 25, 28, 17, 11]
Costo asociado: 99.947      Capacidad: 88.0

Ruta #5: [1, 4, 43, 40, 2, 38, 12]
Costo asociado: 215.33300000000003      Capacidad: 82.0

Ruta #6: [1, 29, 18, 45, 20, 37, 22]
Costo asociado: 178.521      Capacidad: 90.0

Ruta #7: [1, 46, 6, 9, 21]
Costo asociado: 137.53699999999998      Capacidad: 60.0

--> Costo total: 941.203          Capacidad total: 609.0

+-+-+-+-+-+-+-+-+-+-+-+-+-+-+-+-+-+-+-+-+-+- Iteracion 12  +-+-+-+-+-+-+-+-+-+-+-+-+-+-+-+-+-+-+-+-+-+-

La solución anterior duró 0min 0seg    -------> Nuevo optimo local. Costo: 941.203       ==> Optimo: 741.0  Desvio: 27.2%
Lista tabu: [((23,13,2.0),4), ((5,32,20.0),4), ((5,23,14.422),2), ((48,34,4.0),1), ((24,10,4.472),1), ((35,50,2.828),2), ((7,33,15.811),2), ((7,35,8.602),1), ((26,19,7.211),3), ((11,1,37.336),3), ((11,26,14.142),2), ((26,19,7.211),4), ((15,44,4.472),4), ((15,26,10.77),3), ((8,31,1.414),5), ((4,43,1.414),5), ((8,43,12.083),4), ((10,39,1.414),6), ((13,32,7.211),6), ((10,13,3.162),5), ((50,41,2.828),7), ((3,49,5.099),7), ((3,50,14.765),6), ((9,1,65.054),13), ((12,21,2.828),13), ((9,21,4.243),11)]

+-+-+-+-+-+-+-+-+-+-+-+-+-+-+-+-+-+-+-+-+-+- Iteracion 14  +-+-+-+-+-+-+-+-+-+-+-+-+-+-+-+-+-+-+-+-+-+-


Ruta #1: [1, 48, 34, 23, 5, 36, 30, 24, 10, 39, 13, 32]
Costo asociado: 89.34100000000001      Capacidad: 96.0

Ruta #2: [1, 42, 47, 14, 27]
Costo asociado: 111.907      Capacidad: 97.0

Ruta #3: [1, 35, 50, 41, 16, 7, 33, 3, 49]
Costo asociado: 109.745      Capacidad: 96.0

Ruta #4: [1, 8, 31, 26, 19, 15, 44, 25, 28, 17, 11]
Costo asociado: 99.947      Capacidad: 88.0

Ruta #5: [1, 4, 43, 40, 2, 38, 12]
Costo asociado: 215.33300000000003      Capacidad: 82.0

Ruta #6: [1, 29, 20, 45, 18, 37, 22]
Costo asociado: 177.393      Capacidad: 90.0

Ruta #7: [1, 46, 6, 9, 21]
Costo asociado: 137.53699999999998      Capacidad: 60.0

--> Costo total: 937.278          Capacidad total: 609.0

+-+-+-+-+-+-+-+-+-+-+-+-+-+-+-+-+-+-+-+-+-+- Iteracion 14  +-+-+-+-+-+-+-+-+-+-+-+-+-+-+-+-+-+-+-+-+-+-

La solución anterior duró 0min 0seg    -------> Nuevo optimo local. Costo: 937.278       ==> Optimo: 741.0  Desvio: 27.0%
Lista tabu: [((23,13,2.0),2), ((5,32,20.0),2), ((26,19,7.211),1), ((11,1,37.336),1), ((26,19,7.211),2), ((15,44,4.472),2), ((15,26,10.77),1), ((8,31,1.414),3), ((4,43,1.414),3), ((8,43,12.083),2), ((10,39,1.414),4), ((13,32,7.211),4), ((10,13,3.162),3), ((50,41,2.828),5), ((3,49,5.099),5), ((3,50,14.765),4), ((9,1,65.054),11), ((12,21,2.828),11), ((9,21,4.243),9), ((29,18,6.325),12), ((20,37,65.146),12), ((20,29,8.246),10), ((8,31,1.414),8), ((15,44,4.472),8), ((8,15,11.045),7)]

+-+-+-+-+-+-+-+-+-+-+-+-+-+-+-+-+-+-+-+-+-+- Iteracion 28  +-+-+-+-+-+-+-+-+-+-+-+-+-+-+-+-+-+-+-+-+-+-


Ruta #1: [1, 48, 34, 23, 5, 36, 30, 24, 10, 39, 13, 32]
Costo asociado: 89.34100000000001      Capacidad: 96.0

Ruta #2: [1, 42, 47, 14, 27]
Costo asociado: 111.907      Capacidad: 97.0

Ruta #3: [1, 35, 50, 41, 16, 7, 33, 3, 49]
Costo asociado: 109.745      Capacidad: 96.0

Ruta #4: [1, 8, 31, 26, 19, 15, 44, 25, 28, 17, 11]
Costo asociado: 99.947      Capacidad: 88.0

Ruta #5: [1, 4, 43, 40, 2, 38, 12]
Costo asociado: 215.33300000000003      Capacidad: 82.0

Ruta #6: [1, 29, 20, 45, 18, 37]
Costo asociado: 171.119      Capacidad: 85.0

Ruta #7: [1, 46, 6, 9, 21, 22]
Costo asociado: 139.886      Capacidad: 65.0

--> Costo total: 936.416          Capacidad total: 609.0

+-+-+-+-+-+-+-+-+-+-+-+-+-+-+-+-+-+-+-+-+-+- Iteracion 28  +-+-+-+-+-+-+-+-+-+-+-+-+-+-+-+-+-+-+-+-+-+-

La solución anterior duró 0min 0seg    -------> Nuevo optimo local. Costo: 936.416       ==> Optimo: 741.0  Desvio: 26.5%
Lista tabu: [((30,24,2.828),1), ((39,13,2.0),1), ((48,34,4.0),2), ((36,30,2.828),2), ((36,48,15.556),1), ((24,10,4.472),3), ((39,13,2.0),3), ((24,39,5.831),2), ((48,34,4.0),4), ((32,1,24.413),4), ((32,48,4.472),3), ((6,9,14.142),5), ((2,38,49.497),5), ((6,38,15.811),4), ((30,24,2.828),6), ((13,32,7.211),6), ((13,30,10.296),5), ((31,26,4.0),7), ((19,15,4.0),7), ((19,31,6.0),6), ((3,49,5.099),8), ((29,20,8.246),8), ((3,20,10.296),7)]

+-+-+-+-+-+-+-+-+-+-+-+-+-+-+-+-+-+-+-+-+-+- Iteracion 33  +-+-+-+-+-+-+-+-+-+-+-+-+-+-+-+-+-+-+-+-+-+-


Ruta #1: [1, 48, 34, 23, 5, 36, 30, 24, 10, 39, 13, 32]
Costo asociado: 89.34100000000001      Capacidad: 96.0

Ruta #2: [1, 42, 47, 14, 27]
Costo asociado: 111.907      Capacidad: 97.0

Ruta #3: [1, 35, 50, 41, 16, 7, 20, 45, 18, 37]
Costo asociado: 182.536      Capacidad: 87.0

Ruta #4: [1, 8, 31, 26, 19, 15, 44, 25, 28, 17, 11]
Costo asociado: 99.947      Capacidad: 88.0

Ruta #5: [1, 4, 43, 40, 2, 38, 12]
Costo asociado: 215.33300000000003      Capacidad: 82.0

Ruta #6: [1, 29, 33, 3, 49]
Costo asociado: 97.46600000000001      Capacidad: 94.0

Ruta #7: [1, 46, 6, 9, 21, 22]
Costo asociado: 139.886      Capacidad: 65.0

--> Costo total: 934.8340000000001          Capacidad total: 609.0

+-+-+-+-+-+-+-+-+-+-+-+-+-+-+-+-+-+-+-+-+-+- Iteracion 33  +-+-+-+-+-+-+-+-+-+-+-+-+-+-+-+-+-+-+-+-+-+-

La solución anterior duró 0min 0seg    -------> Nuevo optimo local. Costo: 934.8340000000001       ==> Optimo: 741.0  Desvio: 26.4%
Lista tabu: [((30,24,2.828),1), ((13,32,7.211),1), ((31,26,4.0),2), ((19,15,4.0),2), ((19,31,6.0),1), ((3,49,5.099),3), ((29,20,8.246),3), ((3,20,10.296),2), ((29,20,8.246),9), ((7,33,15.811),9), ((29,33,0.0),7), ((48,34,4.0),5), ((10,39,1.414),5), ((10,48,9.487),4), ((47,14,6.325),6), ((27,1,53.759),6), ((27,47,7.211),5), ((45,18,4.0),7), ((3,49,5.099),7), ((45,49,4.472),6), ((36,30,2.828),8), ((13,32,7.211),8), ((13,36,11.402),7)]

+-+-+-+-+-+-+-+-+-+-+-+-+-+-+-+-+-+-+-+-+-+- Iteracion 49  +-+-+-+-+-+-+-+-+-+-+-+-+-+-+-+-+-+-+-+-+-+-


Ruta #1: [1, 48, 34, 23, 5, 36, 30, 24, 10, 39, 13, 32]
Costo asociado: 89.34100000000001      Capacidad: 96.0

Ruta #2: [1, 42, 47, 14, 27]
Costo asociado: 111.907      Capacidad: 97.0

Ruta #3: [1, 35, 50, 41, 16, 7, 20, 45, 18, 37]
Costo asociado: 182.536      Capacidad: 87.0

Ruta #4: [1, 8, 31, 26, 19, 15, 44, 25, 28, 17, 11]
Costo asociado: 99.947      Capacidad: 88.0

Ruta #5: [1, 4, 43, 40, 2, 38, 12]
Costo asociado: 215.33300000000003      Capacidad: 82.0

Ruta #6: [1, 29, 33, 49, 3]
Costo asociado: 95.884      Capacidad: 94.0

Ruta #7: [1, 46, 6, 9, 21, 22]
Costo asociado: 139.886      Capacidad: 65.0

--> Costo total: 905.69          Capacidad total: 609.0

+-+-+-+-+-+-+-+-+-+-+-+-+-+-+-+-+-+-+-+-+-+- Iteracion 49  +-+-+-+-+-+-+-+-+-+-+-+-+-+-+-+-+-+-+-+-+-+-

La solución anterior duró 0min 0seg    -------> Nuevo optimo local. Costo: 905.69       ==> Optimo: 741.0  Desvio: 26.2%
Lista tabu: [((48,34,4.0),1), ((32,1,24.413),1), ((25,28,5.657),2), ((11,1,37.336),2), ((11,25,8.944),1), ((15,44,4.472),3), ((28,17,2.0),3), ((15,28,7.211),2), ((48,34,4.0),4), ((23,5,14.422),4), ((23,48,6.0),3), ((30,24,2.828),5), ((13,32,7.211),5), ((13,30,10.296),4), ((15,44,4.472),6), ((17,11,2.0),6), ((15,17,6.325),5), ((5,36,3.162),7), ((24,10,4.472),7), ((5,24,5.831),6), ((31,26,4.0),8), ((19,15,4.0),8), ((19,31,6.0),7)]

+-+-+-+-+-+-+-+-+-+-+-+-+-+-+-+-+-+-+-+-+-+- Iteracion 57  +-+-+-+-+-+-+-+-+-+-+-+-+-+-+-+-+-+-+-+-+-+-


Ruta #1: [1, 48, 34, 23, 5, 36, 30, 24, 10, 39, 13, 32]
Costo asociado: 89.34100000000001      Capacidad: 96.0

Ruta #2: [1, 42, 47, 14, 27]
Costo asociado: 111.907      Capacidad: 97.0

Ruta #3: [1, 35, 50, 41, 16, 7, 20, 45, 18, 37]
Costo asociado: 182.536      Capacidad: 87.0

Ruta #4: [1, 8, 31, 26, 19, 15, 44, 25, 28, 17, 11]
Costo asociado: 99.947      Capacidad: 88.0

Ruta #5: [1, 4, 43, 40, 2]
Costo asociado: 155.912      Capacidad: 63.0

Ruta #6: [1, 29, 33, 49, 3]
Costo asociado: 95.884      Capacidad: 94.0

Ruta #7: [1, 46, 6, 9, 21, 22, 38, 12]
Costo asociado: 170.16299999999998      Capacidad: 84.0

--> Costo total: 905.673          Capacidad total: 609.0

+-+-+-+-+-+-+-+-+-+-+-+-+-+-+-+-+-+-+-+-+-+- Iteracion 57  +-+-+-+-+-+-+-+-+-+-+-+-+-+-+-+-+-+-+-+-+-+-

La solución anterior duró 0min 0seg    -------> Nuevo optimo local. Costo: 905.673       ==> Optimo: 741.0  Desvio: 22.2%
Lista tabu: [((22,1,48.6),6), ((2,38,49.497),6), ((22,38,16.0),4), ((8,31,1.414),2), ((4,43,1.414),2), ((8,43,12.083),1), ((8,31,1.414),3), ((15,44,4.472),3), ((8,15,11.045),2), ((25,28,5.657),4), ((11,1,37.336),4), ((11,25,8.944),3), ((34,23,2.0),5), ((5,36,3.162),5), ((5,34,15.62),4), ((20,45,2.0),6), ((18,37,62.097),6), ((18,20,4.472),5), ((9,21,4.243),7), ((38,12,2.0),7), ((9,38,7.071),6), ((5,36,3.162),8), ((39,13,2.0),8), ((5,39,11.662),7)]

+-+-+-+-+-+-+-+-+-+-+-+-+-+-+-+-+-+-+-+-+-+- Iteracion 61  +-+-+-+-+-+-+-+-+-+-+-+-+-+-+-+-+-+-+-+-+-+-


Ruta #1: [1, 48, 34, 23, 30, 36, 5, 24, 10, 39, 13, 32]
Costo asociado: 89.32400000000001      Capacidad: 96.0

Ruta #2: [1, 42, 47, 14, 27]
Costo asociado: 111.907      Capacidad: 97.0

Ruta #3: [1, 35, 50, 41, 16, 7, 20, 45, 18, 37]
Costo asociado: 182.536      Capacidad: 87.0

Ruta #4: [1, 8, 31, 26, 19, 15, 44, 25, 28, 17, 11]
Costo asociado: 99.947      Capacidad: 88.0

Ruta #5: [1, 4, 43, 40, 2]
Costo asociado: 155.912      Capacidad: 63.0

Ruta #6: [1, 29, 33, 49, 3]
Costo asociado: 95.884      Capacidad: 94.0

Ruta #7: [1, 46, 6, 9, 21, 22, 38, 12]
Costo asociado: 170.16299999999998      Capacidad: 84.0

--> Costo total: 905.3950000000001          Capacidad total: 609.0

+-+-+-+-+-+-+-+-+-+-+-+-+-+-+-+-+-+-+-+-+-+- Iteracion 61  +-+-+-+-+-+-+-+-+-+-+-+-+-+-+-+-+-+-+-+-+-+-

La solución anterior duró 0min 0seg    -------> Nuevo optimo local. Costo: 905.3950000000001       ==> Optimo: 741.0  Desvio: 22.2%
Lista tabu: [((22,1,48.6),2), ((2,38,49.497),2), ((34,23,2.0),1), ((5,36,3.162),1), ((20,45,2.0),2), ((18,37,62.097),2), ((18,20,4.472),1), ((9,21,4.243),3), ((38,12,2.0),3), ((9,38,7.071),2), ((5,36,3.162),4), ((39,13,2.0),4), ((5,39,11.662),3), ((23,5,14.422),10), ((30,24,2.828),10), ((23,30,11.402),8), ((19,15,4.0),6), ((44,25,4.0),6), ((19,44,8.246),5), ((31,26,4.0),7), ((4,43,1.414),7), ((31,43,11.662),6), ((34,23,2.0),8), ((24,10,4.472),8), ((24,34,9.899),7)]

+-+-+-+-+-+-+-+-+-+-+-+-+-+-+-+-+-+-+-+-+-+- Iteracion 63  +-+-+-+-+-+-+-+-+-+-+-+-+-+-+-+-+-+-+-+-+-+-


Ruta #1: [1, 48, 34, 23, 39, 10, 24, 5, 36, 30, 13, 32]
Costo asociado: 89.046      Capacidad: 96.0

Ruta #2: [1, 42, 47, 14, 27]
Costo asociado: 111.907      Capacidad: 97.0

Ruta #3: [1, 35, 50, 41, 16, 7, 20, 45, 18, 37]
Costo asociado: 182.536      Capacidad: 87.0

Ruta #4: [1, 8, 31, 26, 19, 15, 44, 25, 28, 17, 11]
Costo asociado: 99.947      Capacidad: 88.0

Ruta #5: [1, 4, 43, 40, 2]
Costo asociado: 155.912      Capacidad: 63.0

