+-+-+-+-+-+-+-+-+-+-+-+-+-+-+ GRAFO CARGADO +-+-+-+-+-+-+-+-+-+-+-+-+-+-+-
        1         2         3         4         5         6         7         8         9         10        11        12        13        14        15        16        17        18        19        20        21        22        23        24        25        26        27        28        29        30        31        32        33        34        35        36        37        38        39        40        41        42        43        44        45        46        47        48        49        50        51        52        53        54        55        56        57        58        59        60        61        62        63        64
1     0         21.541    48.083    19.698    52.0    48.703    75.286    14.422    24.083    22.804    25.807    29.12    25.495    31.016    49.659    44.385    29.017    18.385    26.077    42.544    43.658    25.495    48.021    41.593    46.239    41.593    21.024    26.87    35.693    26.0    15.811    19.849    19.235    21.024    31.145    47.854    46.065    22.672    28.32    46.065    33.971    19.235    47.011    29.428    67.007    67.007    17.493    25.06    46.065    27.459    26.077    53.535    24.042    72.622    21.401    50.22    33.015    42.544    68.6    50.537    46.065    26.42    23.195    48.104    
2     21.541    0         38.471    41.231    73.539    70.228    84.404    17.889    24.083    43.909    45.453    45.607    45.804    44.294    71.176    65.924    41.593    22.136    45.343    64.078    33.377    25.02    69.354    29.017    67.779    29.017    9.055    27.019    50.774    43.863    18.385    24.042    40.719    39.623    29.155    69.354    67.543    43.566    29.017    33.015    31.401    17.263    35.014    9.487    75.802    75.802    17.72    43.863    67.543    7.616    45.343    74.793    3.162    81.4    21.213    71.344    46.065    31.145    77.006    72.014    67.543    45.277    5.831    37.121    
3     48.083    38.471    0         62.769    90.554    86.279    63.151    54.037    62.129    68.0    73.007    77.201    72.014    78.447    89.275    83.63    76.118    59.008    73.539    82.329    5.099    63.198    89.811    10.296    84.959    10.296    47.518    65.192    83.678    74.0    55.009    61.008    63.135    68.949    67.602    87.966    86.683    68.425    67.186    8.602    69.871    55.082    5.831    43.658    55.444    55.444    55.009    72.801    86.683    43.012    73.539    95.425    40.025    60.017    59.076    93.005    80.411    7.616    55.731    90.785    86.683    74.095    43.932    3.162    
4     19.698    41.231    62.769    0         32.311    29.12    72.498    30.0    36.878    6.0    13.342    22.361    11.045    28.601    29.967    24.698    28.32    31.401    14.56    22.847    59.076    38.079    28.601    58.258    26.571    58.258    39.623    38.601    29.155    17.889    31.016    31.78    1.414    14.213    43.012    28.178    26.42    7.071    39.217    62.626    45.541    35.014    63.008    48.765    65.192    65.192    33.015    15.232    26.42    46.84    14.56    34.205    43.658    70.385    35.355    31.145    30.232    58.6    67.067    30.887    26.42    15.811    42.45    63.514    
5     52.0    73.539    90.554    32.311    0         4.472    78.0    61.188    66.121    30.594    33.015    40.792    31.016    48.27    3.162    7.616    49.82    61.4    34.059    9.487    87.693    67.067    8.602    87.966    5.831    87.966    71.568    67.007    43.658    38.21    61.984    61.205    32.894    39.013    71.007    5.099    7.071    31.401    67.007    92.098    73.062    65.924    91.967    80.957    73.335    73.335    63.953    36.056    7.071    79.057    34.059    9.487    75.961    77.058    65.376    11.402    48.765    87.784    75.326    4.243    7.071    35.128    74.632    91.924    
6     48.703    70.228    86.279    29.12    4.472    0         74.027    58.549    64.0    28.071    31.401    39.85    29.155    47.434    5.099    5.099    48.765    59.076    32.558    7.071    83.487    65.008    10.296    83.869    3.162    83.869    68.659    65.069    43.382    36.878    59.414    59.008    29.833    37.121    69.181    5.831    7.071    29.017    65.192    87.966    71.344    63.388    87.784    77.885    69.181    69.181    61.4    34.525    7.071    75.961    32.558    13.038    72.732    73.007    63.071    13.928    48.104    83.63    71.176    7.071    7.071    33.734    71.568    87.693    
7     75.286    84.404    63.151    72.498    78.0    74.027    0         89.196    99.156    78.0    85.615    94.847    83.006    100.648    79.057    75.326    99.85    93.606    86.925    75.538    65.253    100.568    83.295    70.214    75.166    70.214    90.785    102.069    101.637    90.377    90.609    95.131    73.824    86.313    106.217    79.158    79.31    79.31    103.586    71.063    109.041    93.349    68.659    93.477    8.602    8.602    91.967    87.727    79.31    91.837    86.925    87.052    87.419    3.162    96.26    87.281    102.421    67.72    7.616    81.056    79.31    88.238    89.811    66.287    
8     14.422    17.889    54.037    30.0    61.188    58.549    89.196    0         10.0    30.594    29.967    28.284    31.016    26.42    58.464    53.759    23.707    5.099    29.53    51.788    49.092    11.402    55.66    45.541    55.731    45.541    11.402    13.038    33.015    27.203    1.414    7.071    29.017    23.707    17.029    56.515    54.571    29.833    14.765    49.82    19.849    5.099    51.478    21.401    80.808    80.808    3.162    27.785    54.571    19.849    29.53    60.745    18.601    86.452    7.071    57.009    28.178    47.265    82.329    58.941    54.571    29.155    15.556    53.235    
9     24.083    24.083    62.129    36.878    66.121    64.0    99.156    10.0    0         36.056    33.377    28.636    35.128    24.207    63.198    59.008    21.401    5.831    32.558    57.009    57.079    1.414    59.682    53.009    61.008    53.009    15.297    3.162    31.401    29.12    8.602    5.099    35.693    27.166    7.071    61.205    59.211    35.014    5.099    57.079    9.899    7.071    59.008    23.707    90.785    90.785    7.616    30.594    59.211    22.847    32.558    64.327    23.537    96.426    3.162    60.415    25.495    55.009    92.315    63.388    59.211    31.78    19.647    61.008    
10    22.804    43.909    68.0    6.0    30.594    28.071    78.0    30.594    36.056    0         7.616    17.205    5.099    24.042    27.893    23.195    24.207    31.016    8.944    21.213    64.14    37.121    25.495    63.008    25.179    63.008    41.11    37.336    23.707    12.806    31.401    31.016    5.099    10.296    41.593    25.962    24.042    1.414    37.656    67.424    43.932    35.355    67.956    50.695    70.838    70.838    33.377    10.0    24.042    48.847    8.944    30.887    46.065    75.961    35.014    27.459    25.495    63.514    72.732    28.46    24.042    10.296    44.385    68.6    
11    25.807    45.453    73.007    13.342    33.015    31.401    85.615    29.967    33.377    7.616    0         9.899    2.828    17.205    30.0    26.306    17.889    29.12    1.414    24.331    68.877    34.234    26.306    67.231    28.284    67.231    41.183    34.059    16.125    5.831    30.463    28.636    12.166    6.325    38.0    28.0    26.0    6.325    34.0    71.694    40.05    34.176    72.471    51.108    78.435    78.435    32.311    3.162    26.0    49.396    1.414    31.048    47.202    83.57    32.985    27.203    18.439    68.0    80.324    30.067    26.0    2.828    44.944    73.348    
12    29.12    45.607    77.201    22.361    40.792    39.85    94.847    28.284    28.636    17.205    9.899    0         12.728    7.616    37.656    34.785    9.055    25.807    8.485    32.894    72.732    29.155    33.136    70.385    36.688    70.385    39.623    28.46    7.071    4.472    28.32    24.698    21.024    9.055    31.78    35.693    33.734    15.811    27.893    74.847    33.377    31.401    75.961    49.578    87.464    87.464    29.833    7.211    33.734    48.104    8.485    37.014    46.755    92.704    29.155    33.015    8.602    71.512    89.32    37.336    33.734    7.071    43.841    77.162    
13    25.495    45.804    72.014    11.045    31.016    29.155    83.006    31.016    35.128    5.099    2.828    12.728    0         20.0    28.071    24.083    20.591    30.594    4.243    22.091    68.0    36.056    24.739    66.573    26.077    66.573    42.048    36.0    18.868    8.602    31.623    30.265    10.0    8.0    40.05    26.077    24.083    4.0    36.056    71.021    42.19    35.44    71.694    51.884    75.895    75.895    33.526    5.831    24.083    50.12    4.243    29.732    47.707    80.994    34.525    26.0    21.26    67.231    77.795    28.284    24.083    5.657    45.651    72.471    
14    31.016    44.294    78.447    28.601    48.27    47.434    100.648    26.42    24.207    24.042    17.205    7.616    20.0    0         45.122    42.379    2.828    22.804    15.811    40.497    73.756    24.413    40.447    70.88    44.272    70.88    37.202    23.324    7.211    11.402    26.077    21.26    27.203    14.422    26.0    43.174    41.231    22.627    22.361    75.286    27.203    28.425    76.655    46.861    93.038    93.038    27.203    14.213    41.231    45.607    15.811    44.045    44.944    98.387    25.456    40.05    2.0    72.277    94.847    44.721    41.231    14.422    41.617    78.102    
15    49.659    71.176    89.275    29.967    3.162    5.099    79.057    58.464    63.198    27.893    30.0    37.656    28.071    45.122    0         5.657    46.69    58.549    31.016    7.211    86.279    64.125    5.657    86.371    4.472    86.371    68.964    64.031    40.497    35.128    59.228    58.31    30.463    36.056    68.0    2.0    4.0    28.636    64.0    90.554    70.029    63.151    90.51    78.435    74.108    74.108    61.188    33.015    4.0    76.551    31.016    8.0    73.539    78.0    62.514    8.944    45.607    86.279    76.105    2.0    4.0    32.062    72.111    90.554    
16    44.385    65.924    83.63    24.698    7.616    5.099    75.326    53.759    59.008    23.195    26.306    34.785    24.083    42.379    5.657    0         43.681    54.148    27.459    2.0    80.623    60.0    8.0    80.722    2.0    80.722    64.031    60.033    38.471    31.78    54.589    54.037    25.298    32.062    64.125    4.472    4.0    24.083    60.133    84.9    66.272    58.549    84.853    73.376    70.0    70.0    56.569    29.428    4.0    71.47    27.459    12.649    68.352    74.108    58.138    12.0    43.081    80.623    72.0    7.211    4.0    28.636    67.052    84.9    
17    29.017    41.593    76.118    28.32    49.82    48.765    99.85    23.707    21.401    24.207    17.889    9.055    20.591    2.828    46.69    43.681    0         20.0    16.553    41.761    71.386    21.633    42.19    68.411    45.607    68.411    34.409    20.591    10.0    12.083    23.324    18.439    26.907    14.142    23.409    44.721    42.755    22.804    19.698    72.801    24.739    25.612    74.216    44.045    92.13    92.13    24.413    14.765    42.755    42.802    16.553    46.0    42.19    97.529    22.627    42.0    4.472    69.857    93.915    46.39    42.755    15.232    38.833    75.71    
18    18.385    22.136    59.008    31.401    61.4    59.076    93.606    5.099    5.831    31.016    29.12    25.807    30.594    22.804    58.549    54.148    20.0    0         28.46    52.154    54.037    7.211    55.317    50.359    56.143    50.359    14.422    8.485    29.732    25.495    4.0    2.0    30.265    22.804    12.806    56.569    54.589    30.067    10.0    54.589    15.62    5.657    56.321    24.083    85.276    85.276    4.472    26.571    54.589    22.804    28.46    60.166    22.361    90.907    4.0    56.321    24.413    52.154    86.833    58.856    54.589    27.857    18.868    58.138    
19    26.077    45.343    73.539    14.56    34.059    32.558    86.925    29.53    32.558    8.944    1.414    8.485    4.243    15.811    31.016    27.459    16.553    28.46    0         25.495    69.354    33.377    27.166    67.602    29.428    67.602    40.817    33.136    14.765    4.472    29.967    27.893    13.342    5.831    37.014    29.017    27.019    7.616    33.015    72.069    39.013    33.615    72.897    50.774    79.712    79.712    31.78    2.0    27.019    49.092    0.0    31.78    47.011    84.865    32.28    27.893    17.029    68.425    81.597    31.016    27.019    1.414    44.654    73.824    
20    42.544    64.078    82.329    22.847    9.487    7.071    75.538    51.788    57.009    21.213    24.331    32.894    22.091    40.497    7.211    2.0    41.761    52.154    25.495    0         79.246    58.0    8.246    79.246    4.0    79.246    62.097    58.034    36.715    29.833    52.612    52.038    23.409    30.067    62.129    5.657    4.472    22.091    58.138    83.451    64.281    56.569    83.451    71.47    70.029    70.029    54.589    27.459    4.472    69.57    25.495    13.416    66.483    74.243    56.143    12.166    41.231    79.196    72.028    8.485    4.472    26.683    65.146    83.546    
21    43.658    33.377    5.099    59.076    87.693    83.487    65.253    49.092    57.079    64.14    68.877    72.732    68.0    73.756    86.279    80.623    71.386    54.037    69.354    79.246    0         58.138    86.556    5.657    82.024    5.657    42.426    60.133    79.12    69.642    50.04    56.036    59.363    64.622    62.514    84.9    83.546    64.498    62.129    6.0    64.777    50.04    4.472    38.626    57.271    57.271    50.0    68.542    83.546    37.947    69.354    92.195    34.928    62.097    54.037    89.644    75.71    2.828    57.723    87.727    83.546    69.857    38.833    4.472    
22    25.495    25.02    63.198    38.079    67.067    65.008    100.568    11.402    1.414    37.121    34.234    29.155    36.056    24.413    64.125    60.0    21.633    7.211    33.377    58.0    58.138    0         60.531    54.0    62.0    54.0    16.125    2.0    31.623    29.833    10.0    6.325    36.878    28.071    5.657    62.129    60.133    36.056    4.0    58.034    8.485    8.246    60.0    24.166    92.195    92.195    8.944    31.401    60.133    23.409    33.377    65.115    24.331    97.837    4.472    61.188    25.612    56.036    93.723    64.281    60.133    32.558    20.396    62.032    
23    48.021    69.354    89.811    28.601    8.602    10.296    83.295    55.66    59.682    25.495    26.306    33.136    24.739    40.447    5.657    8.0    42.19    55.317    27.166    8.246    86.556    60.531    0         86.279    8.246    86.279    66.483    60.299    35.44    31.016    56.321    54.918    28.844    32.558    64.125    4.472    4.0    26.0    60.133    90.554    66.03    60.166    90.686    76.158    78.0    78.0    58.241    29.155    4.0    74.324    27.166    5.657    71.554    82.098    59.228    4.0    40.792    86.371    80.0    4.472    4.0    28.071    69.857    90.907    
24    41.593    29.017    10.296    58.258    87.966    83.869    70.214    45.541    53.009    63.008    67.231    70.385    66.573    70.88    86.371    80.722    68.411    50.359    67.602    79.246    5.657    54.0    86.279    0         82.219    0.0    38.053    56.0    76.551    67.543    46.39    52.345    58.412    62.61    58.138    84.9    83.451    63.246    58.0    4.472    60.299    46.043    6.0    33.526    62.097    62.097    46.174    66.648    83.451    32.985    67.602    91.935    30.265    67.052    50.04    89.196    72.801    2.828    62.642    87.727    83.451    68.0    34.234    8.246    
25    46.239    67.779    84.959    26.571    5.831    3.162    75.166    55.731    61.008    25.179    28.284    36.688    26.077    44.272    4.472    2.0    45.607    56.143    29.428    4.0    82.024    62.0    8.246    82.219    0         82.219    65.97    62.032    40.249    33.734    56.569    56.036    27.203    34.059    66.121    4.0    4.472    26.077    62.129    86.371    68.264    60.531    86.279    75.286    70.029    70.029    58.549    31.401    4.472    73.376    29.428    12.166    70.228    74.027    60.133    12.166    44.944    82.073    72.028    6.325    4.472    30.594    68.964    86.279    
26    41.593    29.017    10.296    58.258    87.966    83.869    70.214    45.541    53.009    63.008    67.231    70.385    66.573    70.88    86.371    80.722    68.411    50.359    67.602    79.246    5.657    54.0    86.279    0.0    82.219    0         38.053    56.0    76.551    67.543    46.39    52.345    58.412    62.61    58.138    84.9    83.451    63.246    58.0    4.472    60.299    46.043    6.0    33.526    62.097    62.097    46.174    66.648    83.451    32.985    67.602    91.935    30.265    67.052    50.04    89.196    72.801    2.828    62.642    87.727    83.451    68.0    34.234    8.246    
27    21.024    9.055    47.518    39.623    71.568    68.659    90.785    11.402    15.297    41.11    41.183    39.623    42.048    37.202    68.964    64.031    34.409    14.422    40.817    62.097    42.426    16.125    66.483    38.053    65.97    38.053    0         18.111    44.045    38.601    11.314    16.125    38.833    34.986    20.1    67.052    65.146    40.497    20.1    42.0    22.361    8.944    44.045    10.0    82.219    82.219    10.0    39.115    65.146    8.485    40.817    71.694    8.246    87.864    12.649    68.029    38.833    40.2    83.546    69.57    65.146    40.497    4.472    46.174    
28    26.87    27.019    65.192    38.601    67.007    65.069    102.069    13.038    3.162    37.336    34.059    28.46    36.0    23.324    64.031    60.033    20.591    8.485    33.136    58.034    60.133    2.0    60.299    56.0    62.032    56.0    18.111    0         30.529    29.428    11.662    7.211    37.363    28.0    4.472    62.032    60.033    36.222    2.0    60.033    7.211    10.198    62.0    26.0    93.723    93.723    10.77    31.145    60.033    25.298    33.136    64.777    26.306    99.358    6.325    60.828    24.413    58.034    95.268    64.125    60.033    32.249    22.361    64.031    
29    35.693    50.774    83.678    29.155    43.658    43.382    101.637    33.015    31.401    23.707    16.125    7.071    18.868    7.211    40.497    38.471    10.0    29.732    14.765    36.715    79.12    31.623    35.44    76.551    40.249    76.551    44.045    30.529    0         11.402    32.802    28.284    27.857    16.125    33.106    38.626    36.77    22.361    29.53    80.994    34.176    35.384    82.219    53.814    94.34    94.34    34.059    13.928    36.77    52.498    14.765    38.471    51.614    99.539    32.558    34.525    6.325    77.795    96.208    39.85    36.77    13.416    48.415    83.522    
30    26.0    43.863    74.0    17.889    38.21    36.878    90.377    27.203    29.12    12.806    5.831    4.472    8.602    11.402    35.128    31.78    12.083    25.495    4.472    29.833    69.642    29.833    31.016    67.543    33.734    67.543    38.601    29.428    11.402    0         27.459    24.698    16.553    5.099    33.136    33.136    31.145    11.402    29.155    72.014    35.014    30.887    73.007    48.6    83.006    83.006    29.155    2.828    31.145    47.011    4.472    35.355    45.277    88.238    29.155    31.401    12.728    68.542    84.865    35.014    31.145    3.162    42.638    74.095    
31    15.811    18.385    55.009    31.016    61.984    59.414    90.609    1.414    8.602    31.401    30.463    28.32    31.623    26.077    59.228    54.589    23.324    4.0    29.967    52.612    50.04    10.0    56.321    46.39    56.569    46.39    11.314    11.662    32.802    27.459    0         6.0    30.0    24.166    15.62    57.271    55.317    30.594    13.416    50.636    18.439    4.0    52.345    21.26    82.219    82.219    2.0    28.178    55.317    19.799    29.967    61.351    18.868    87.864    5.657    57.585    27.785    48.166    83.738    59.666    55.317    29.53    15.62    54.148    
32    19.849    24.042    61.008    31.78    61.205    59.008    95.131    7.071    5.099    31.016    28.636    24.698    30.265    21.26    58.31    54.037    18.439    2.0    27.893    52.038    56.036    6.325    54.918    52.345    56.036    52.345    16.125    7.211    28.284    24.698    6.0    0         30.594    22.361    11.662    56.321    54.332    30.0    8.485    56.569    14.422    7.211    58.31    25.612    86.833    86.833    6.325    25.962    54.332    24.413    27.893    59.666    24.166    92.455    4.472    55.785    22.804    54.148    88.408    58.549    54.332    27.203    20.591    60.133    
33    19.235    40.719    63.135    1.414    32.894    29.833    73.824    29.017    35.693    5.099    12.166    21.024    10.0    27.203    30.463    25.298    26.907    30.265    13.342    23.409    59.363    36.878    28.844    58.412    27.203    58.412    38.833    37.363    27.857    16.553    30.0    30.594    0         12.806    41.761    28.636    26.833    6.0    37.947    62.801    44.272    34.0    63.246    48.083    66.483    66.483    32.0    13.928    26.833    46.174    13.342    34.409    43.081    71.694    34.234    31.241    28.844    58.822    68.352    31.305    26.833    14.56    41.761    63.812    
34    21.024    39.623    68.949    14.213    39.013    37.121    86.313    23.707    27.166    10.296    6.325    9.055    8.0    14.422    36.056    32.062    14.142    22.804    5.831    30.067    64.622    28.071    32.558    62.61    34.059    62.61    34.986    28.0    16.125    5.099    24.166    22.361    12.806    0         32.062    34.059    32.062    8.944    28.071    67.082    34.234    27.857    68.029    44.944    78.791    78.791    26.0    4.243    32.062    43.267    5.831    37.363    41.231    84.095    26.683    33.526    16.125    63.561    80.623    36.222    32.062    5.657    38.833    69.08    
35    31.145    29.155    67.602    43.012    71.007    69.181    106.217    17.029    7.071    41.593    38.0    31.78    40.05    26.0    68.0    64.125    23.409    12.806    37.014    62.129    62.514    5.657    64.125    58.138    66.121    58.138    20.1    4.472    33.106    33.136    15.62    11.662    41.761    32.062    0         66.0    64.0    40.447    4.0    62.032    2.828    13.416    64.125    26.683    97.837    97.837    14.422    35.014    64.0    26.306    37.014    68.469    28.0    103.479    10.0    64.498    26.833    60.299    99.358    68.029    64.0    36.056    24.0    66.272    
36    47.854    69.354    87.966    28.178    5.099    5.831    79.158    56.515    61.205    25.962    28.0    35.693    26.077    43.174    2.0    4.472    44.721    56.569    29.017    5.657    84.9    62.129    4.472    84.9    4.0    84.9    67.052    62.032    38.626    33.136    57.271    56.321    28.636    34.059    66.0    0         2.0    26.683    62.0    89.107    68.029    61.188    89.107    76.551    74.027    74.027    59.228    31.016    2.0    74.673    29.017    8.246    71.694    78.026    60.531    8.246    43.681    84.853    76.026    2.828    2.0    30.067    70.228    89.196    
37    46.065    67.543    86.683    26.42    7.071    7.071    79.31    54.571    59.211    24.042    26.0    33.734    24.083    41.231    4.0    4.0    42.755    54.589    27.019    4.472    83.546    60.133    4.0    83.451    4.472    83.451    65.146    60.033    36.77    31.145    55.317    54.332    26.833    32.062    64.0    2.0    0         24.739    60.0    87.681    66.03    59.228    87.727    74.673    74.0    74.0    57.271    29.017    0.0    72.801    27.019    8.944    69.857    78.102    58.549    8.0    41.761    83.451    76.0    4.472    0.0    28.071    68.352    87.864    
38    22.672    43.566    68.425    7.071    31.401    29.017    79.31    29.833    35.014    1.414    6.325    15.811    4.0    22.627    28.636    24.083    22.804    30.067    7.616    22.091    64.498    36.056    26.0    63.246    26.077    63.246    40.497    36.222    22.361    11.402    30.594    30.0    6.0    8.944    40.447    26.683    24.739    0         36.497    67.676    42.755    34.525    68.264    50.16    72.111    72.111    32.558    8.602    24.739    48.332    7.616    31.305    45.651    77.253    34.059    27.785    24.083    63.812    74.0    29.12    24.739    8.944    43.863    68.964    
39    28.32    29.017    67.186    39.217    67.007    65.192    103.586    14.765    5.099    37.656    34.0    27.893    36.056    22.361    64.0    60.133    19.698    10.0    33.015    58.138    62.129    4.0    60.133    58.0    62.129    58.0    20.1    2.0    29.53    29.155    13.416    8.485    37.947    28.071    4.0    62.0    60.0    36.497    0         62.032    6.325    12.166    64.0    27.857    95.268    95.268    12.649    31.016    60.0    27.203    33.015    64.498    28.284    100.896    8.246    60.531    23.324    60.033    96.83    64.031    60.0    32.062    24.331    66.03    
40    46.065    33.015    8.602    62.626    92.098    87.966    71.063    49.82    57.079    67.424    71.694    74.847    71.021    75.286    90.554    84.9    72.801    54.589    72.069    83.451    6.0    58.034    90.554    4.472    86.371    4.472    42.0    60.033    80.994    72.014    50.636    56.569    62.801    67.082    62.032    89.107    87.681    67.676    62.032    0         64.125    50.16    2.828    36.878    63.151    63.151    50.359    71.12    87.681    36.497    72.069    96.208    34.059    67.912    54.148    93.509    77.201    4.472    63.561    91.935    87.681    72.471    38.053    5.657    
41    33.971    31.401    69.871    45.541    73.062    71.344    109.041    19.849    9.899    43.932    40.05    33.377    42.19    27.203    70.029    66.272    24.739    15.62    39.013    64.281    64.777    8.485    66.03    60.299    68.264    60.299    22.361    7.211    34.176    35.014    18.439    14.422    44.272    34.234    2.828    68.029    66.03    42.755    6.325    64.125    0         16.125    66.272    28.284    100.658    100.658    17.205    37.014    66.03    28.071    39.013    70.257    30.067    106.301    12.806    66.272    27.857    62.514    102.176    70.0    66.03    38.0    26.077    68.469    
42    19.235    17.263    55.082    35.014    65.924    63.388    93.349    5.099    7.071    35.355    34.176    31.401    35.44    28.425    63.151    58.549    25.612    5.657    33.615    56.569    50.04    8.246    60.166    46.043    60.531    46.043    8.944    10.198    35.384    30.887    4.0    7.211    34.0    27.857    13.416    61.188    59.228    34.525    12.166    50.16    16.125    0         52.038    18.439    84.9    84.9    2.0    31.78    59.228    17.205    33.615    65.146    17.088    90.554    4.0    61.351    30.0    48.0    86.371    63.561    59.228    33.106    13.416    54.0    
43    47.011    35.014    5.831    63.008    91.967    87.784    68.659    51.478    59.008    67.956    72.471    75.961    71.694    76.655    90.51    84.853    74.216    56.321    72.897    83.451    4.472    60.0    90.686    6.0    86.279    6.0    44.045    62.0    82.219    73.007    52.345    58.31    63.246    68.029    64.125    89.107    87.727    68.264    64.0    2.828    66.272    52.038    0         39.294    60.828    60.828    52.154    72.014    87.727    38.833    72.897    96.333    36.222    65.513    56.036    93.723    78.588    4.472    61.188    91.935    87.727    73.348    40.2    2.828    
44    29.428    9.487    43.658    48.765    80.957    77.885    93.477    21.401    23.707    50.695    51.108    49.578    51.884    46.861    78.435    73.376    44.045    24.083    50.774    71.47    38.626    24.166    76.158    33.526    75.286    33.526    10.0    26.0    53.814    48.6    21.26    25.612    48.083    44.944    26.683    76.551    74.673    50.16    27.857    36.878    28.284    18.439    39.294    0         84.876    84.876    19.799    49.092    74.673    2.0    50.774    81.437    6.325    90.443    21.633    77.82    48.415    36.056    86.023    79.12    74.673    50.478    6.325    41.761    
45    67.007    75.802    55.444    65.192    73.335    69.181    8.602    80.808    90.785    70.838    78.435    87.464    75.895    93.038    74.108    70.0    92.13    85.276    79.712    70.029    57.271    92.195    78.0    62.097    70.029    62.097    82.219    93.723    94.34    83.006    82.219    86.833    66.483    78.791    97.837    74.027    74.0    72.111    95.268    63.151    100.658    84.9    60.828    84.876    0         0.0    83.546    80.411    74.0    83.235    79.712    82.098    78.816    5.657    87.864    82.0    94.847    59.666    2.0    76.105    74.0    80.994    81.216    58.549    
46    67.007    75.802    55.444    65.192    73.335    69.181    8.602    80.808    90.785    70.838    78.435    87.464    75.895    93.038    74.108    70.0    92.13    85.276    79.712    70.029    57.271    92.195    78.0    62.097    70.029    62.097    82.219    93.723    94.34    83.006    82.219    86.833    66.483    78.791    97.837    74.027    74.0    72.111    95.268    63.151    100.658    84.9    60.828    84.876    0.0    0         83.546    80.411    74.0    83.235    79.712    82.098    78.816    5.657    87.864    82.0    94.847    59.666    2.0    76.105    74.0    80.994    81.216    58.549    
47    17.493    17.72    55.009    33.015    63.953    61.4    91.967    3.162    7.616    33.377    32.311    29.833    33.526    27.203    61.188    56.569    24.413    4.472    31.78    54.589    50.0    8.944    58.241    46.174    58.549    46.174    10.0    10.77    34.059    29.155    2.0    6.325    32.0    26.0    14.422    59.228    57.271    32.558    12.649    50.359    17.205    2.0    52.154    19.799    83.546    83.546    0         29.967    57.271    18.439    31.78    63.246    17.889    89.196    4.472    59.464    28.844    48.042    85.041    61.612    57.271    31.305    14.422    54.037    
48    25.06    43.863    72.801    15.232    36.056    34.525    87.727    27.785    30.594    10.0    3.162    7.211    5.831    14.213    33.015    29.428    14.765    26.571    2.0    27.459    68.542    31.401    29.155    66.648    31.401    66.648    39.115    31.145    13.928    2.828    28.178    25.962    13.928    4.243    35.014    31.016    29.017    8.602    31.016    71.12    37.014    31.78    72.014    49.092    80.411    80.411    29.967    0         29.017    47.434    2.0    33.734    45.453    85.615    30.364    29.833    15.556    67.543    82.28    33.015    29.017    1.414    43.012    73.007    
49    46.065    67.543    86.683    26.42    7.071    7.071    79.31    54.571    59.211    24.042    26.0    33.734    24.083    41.231    4.0    4.0    42.755    54.589    27.019    4.472    83.546    60.133    4.0    83.451    4.472    83.451    65.146    60.033    36.77    31.145    55.317    54.332    26.833    32.062    64.0    2.0    0.0    24.739    60.0    87.681    66.03    59.228    87.727    74.673    74.0    74.0    57.271    29.017    0         72.801    27.019    8.944    69.857    78.102    58.549    8.0    41.761    83.451    76.0    4.472    0.0    28.071    68.352    87.864    
50    27.459    7.616    43.012    46.84    79.057    75.961    91.837    19.849    22.847    48.847    49.396    48.104    50.12    45.607    76.551    71.47    42.802    22.804    49.092    69.57    37.947    23.409    74.324    32.985    73.376    32.985    8.485    25.298    52.498    47.011    19.799    24.413    46.174    43.267    26.306    74.673    72.801    48.332    27.203    36.497    28.071    17.205    38.833    2.0    83.235    83.235    18.439    47.434    72.801    0         49.092    79.624    4.472    88.814    20.591    76.026    47.202    35.44    84.404    77.253    72.801    48.826    4.472    41.231    
51    26.077    45.343    73.539    14.56    34.059    32.558    86.925    29.53    32.558    8.944    1.414    8.485    4.243    15.811    31.016    27.459    16.553    28.46    0.0    25.495    69.354    33.377    27.166    67.602    29.428    67.602    40.817    33.136    14.765    4.472    29.967    27.893    13.342    5.831    37.014    29.017    27.019    7.616    33.015    72.069    39.013    33.615    72.897    50.774    79.712    79.712    31.78    2.0    27.019    49.092    0         31.78    47.011    84.865    32.28    27.893    17.029    68.425    81.597    31.016    27.019    1.414    44.654    73.824    
52    53.535    74.793    95.425    34.205    9.487    13.038    87.052    60.745    64.327    30.887    31.048    37.014    29.732    44.045    8.0    12.649    46.0    60.166    31.78    13.416    92.195    65.115    5.657    91.935    12.166    91.935    71.694    64.777    38.471    35.355    61.351    59.666    34.409    37.363    68.469    8.246    8.944    31.305    64.498    96.208    70.257    65.146    96.333    81.437    82.098    82.098    63.246    33.734    8.944    79.624    31.78    0         76.942    86.0    64.031    4.0    44.181    92.022    84.095    6.0    8.944    32.558    75.153    96.54    
53    24.042    3.162    40.025    43.658    75.961    72.732    87.419    18.601    23.537    46.065    47.202    46.755    47.707    44.944    73.539    68.352    42.19    22.361    47.011    66.483    34.928    24.331    71.554    30.265    70.228    30.265    8.246    26.306    51.614    45.277    18.868    24.166    43.081    41.231    28.0    71.694    69.857    45.651    28.284    34.059    30.067    17.088    36.222    6.325    78.816    78.816    17.889    45.453    69.857    4.472    47.011    76.942    0         84.404    20.881    73.43    46.648    32.558    80.0    74.324    69.857    46.861    4.0    38.471    
54    72.622    81.4    60.017    70.385    77.058    73.007    3.162    86.452    96.426    75.961    83.57    92.704    80.994    98.387    78.0    74.108    97.529    90.907    84.865    74.243    62.097    97.837    82.098    67.052    74.027    67.052    87.864    99.358    99.539    88.238    87.864    92.455    71.694    84.095    103.479    78.026    78.102    77.253    100.896    67.912    106.301    90.554    65.513    90.443    5.657    5.657    89.196    85.615    78.102    88.814    84.865    86.0    84.404    0         93.509    86.093    100.18    64.56    4.472    80.0    78.102    86.163    86.833    63.151    
55    21.401    21.213    59.076    35.355    65.376    63.071    96.26    7.071    3.162    35.014    32.985    29.155    34.525    25.456    62.514    58.138    22.627    4.0    32.28    56.143    54.037    4.472    59.228    50.04    60.133    50.04    12.649    6.325    32.558    29.155    5.657    4.472    34.234    26.683    10.0    60.531    58.549    34.059    8.246    54.148    12.806    4.0    56.036    21.633    87.864    87.864    4.472    30.364    58.549    20.591    32.28    64.031    20.881    93.509    0         60.166    26.907    52.0    89.376    62.801    58.549    31.623    17.088    58.0    
56    50.22    71.344    93.005    31.145    11.402    13.928    87.281    57.009    60.415    27.459    27.203    33.015    26.0    40.05    8.944    12.0    42.0    56.321    27.893    12.166    89.644    61.188    4.0    89.196    12.166    89.196    68.029    60.828    34.525    31.401    57.585    55.785    31.241    33.526    64.498    8.246    8.0    27.785    60.531    93.509    66.272    61.351    93.723    77.82    82.0    82.0    59.464    29.833    8.0    76.026    27.893    4.0    73.43    86.093    60.166    0         40.2    89.376    84.0    7.211    8.0    28.636    71.554    94.021    
57    33.015    46.065    80.411    30.232    48.765    48.104    102.421    28.178    25.495    25.495    18.439    8.602    21.26    2.0    45.607    43.081    4.472    24.413    17.029    41.231    75.71    25.612    40.792    72.801    44.944    72.801    38.833    24.413    6.325    12.728    27.785    22.804    28.844    16.125    26.833    43.681    41.761    24.083    23.324    77.201    27.857    30.0    78.588    48.415    94.847    94.847    28.844    15.556    41.761    47.202    17.029    44.181    46.648    100.18    26.907    40.2    0         74.216    96.664    45.122    41.761    15.62    43.267    80.05    
58    42.544    31.145    7.616    58.6    87.784    83.63    67.72    47.265    55.009    63.514    68.0    71.512    67.231    72.277    86.279    80.623    69.857    52.154    68.425    79.196    2.828    56.036    86.371    2.828    82.073    2.828    40.2    58.034    77.795    68.542    48.166    54.148    58.822    63.561    60.299    84.853    83.451    63.812    60.033    4.472    62.514    48.0    4.472    36.056    59.666    59.666    48.042    67.543    83.451    35.44    68.425    92.022    32.558    64.56    52.0    89.376    74.216    0         60.166    87.681    83.451    68.877    36.497    6.0    
59    68.6    77.006    55.731    67.067    75.326    71.176    7.616    82.329    92.315    72.732    80.324    89.32    77.795    94.847    76.105    72.0    93.915    86.833    81.597    72.028    57.723    93.723    80.0    62.642    72.028    62.642    83.546    95.268    96.208    84.865    83.738    88.408    68.352    80.623    99.358    76.026    76.0    74.0    96.83    63.561    102.176    86.371    61.188    86.023    2.0    2.0    85.041    82.28    76.0    84.404    81.597    84.095    80.0    4.472    89.376    84.0    96.664    60.166    0         78.102    76.0    82.873    82.462    58.856    
60    50.537    72.014    90.785    30.887    4.243    7.071    81.056    58.941    63.388    28.46    30.067    37.336    28.284    44.721    2.0    7.211    46.39    58.856    31.016    8.485    87.727    64.281    4.472    87.727    6.325    87.727    69.57    64.125    39.85    35.014    59.666    58.549    31.305    36.222    68.029    2.828    4.472    29.12    64.031    91.935    70.0    63.561    91.935    79.12    76.105    76.105    61.612    33.015    4.472    77.253    31.016    6.0    74.324    80.0    62.801    7.211    45.122    87.681    78.102    0         4.472    32.0    72.801    92.022    
61    46.065    67.543    86.683    26.42    7.071    7.071    79.31    54.571    59.211    24.042    26.0    33.734    24.083    41.231    4.0    4.0    42.755    54.589    27.019    4.472    83.546    60.133    4.0    83.451    4.472    83.451    65.146    60.033    36.77    31.145    55.317    54.332    26.833    32.062    64.0    2.0    0.0    24.739    60.0    87.681    66.03    59.228    87.727    74.673    74.0    74.0    57.271    29.017    0.0    72.801    27.019    8.944    69.857    78.102    58.549    8.0    41.761    83.451    76.0    4.472    0         28.071    68.352    87.864    
62    26.42    45.277    74.095    15.811    35.128    33.734    88.238    29.155    31.78    10.296    2.828    7.071    5.657    14.422    32.062    28.636    15.232    27.857    1.414    26.683    69.857    32.558    28.071    68.0    30.594    68.0    40.497    32.249    13.416    3.162    29.53    27.203    14.56    5.657    36.056    30.067    28.071    8.944    32.062    72.471    38.0    33.106    73.348    50.478    80.994    80.994    31.305    1.414    28.071    48.826    1.414    32.558    46.861    86.163    31.623    28.636    15.62    68.877    82.873    32.0    28.071    0         44.407    74.324    
