+-+-+-+-+-+-+-+-+-+-+-+-+-+-+ GRAFO CARGADO +-+-+-+-+-+-+-+-+-+-+-+-+-+-+-
        1         2         3         4         5         6         7         8         9         10        11        12        13        14        15        16        17        18        19        20        21        22        23        24        25        26        27        28        29        30        31        32        33        34        35
1     0         54.12    93.392    77.466    103.479    98.884    68.469    48.847    62.032    51.078    54.12    94.847    49.193    85.907    98.717    89.0    53.666    43.829    69.231    94.43    47.011    60.033    94.021    53.141    99.825    63.008    69.426    96.26    116.846    43.829    95.294    65.008    91.241    75.425    94.847    
2     54.12    0         53.075    98.234    86.977    71.197    93.941    8.062    91.81    7.071    10.77    64.661    10.63    45.967    81.609    60.828    9.849    18.868    91.706    63.812    9.849    92.418    67.978    3.606    84.9    94.303    91.285    82.225    99.368    18.868    68.0    94.874    48.415    100.18    81.025    
3     93.392    53.075    0         93.814    48.765    26.306    95.383    60.959    97.99    60.141    62.968    19.647    63.702    7.616    44.598    21.095    62.241    71.701    91.066    18.682    62.482    100.846    26.571    56.586    49.041    101.134    90.211    48.332    57.14    71.701    25.0    100.18    6.083    99.02    47.854    
4     77.466    98.234    93.814    0         63.506    77.621    10.63    99.624    19.105    101.193    106.254    79.605    102.201    90.139    62.37    74.793    105.304    103.16    8.246    80.062    99.04    23.345    73.41    100.305    59.682    20.616    8.062    57.07    72.028    103.16    75.644    17.804    96.675    7.071    56.294    
5     103.479    86.977    48.765    63.506    0         22.847    70.0    93.048    76.236    93.301    97.719    29.12    96.208    50.359    5.385    29.069    96.768    102.044    65.0    30.083    93.776    80.399    22.361    90.443    4.123    79.158    64.0    7.616    13.454    102.044    23.77    77.058    54.342    70.349    8.944    
6     98.884    71.197    26.306    77.621    22.847    0         81.744    78.23    86.313    78.032    81.884    7.071    81.302    29.155    19.416    10.63    81.006    88.233    76.922    8.062    79.322    89.944    5.099    74.793    23.854    89.443    75.961    24.083    31.0    88.233    3.606    87.864    32.14    83.815    24.042    
7     68.469    93.941    95.383    10.63    70.0    81.744    0         94.541    8.485    96.255    101.237    82.873    96.933    90.973    68.184    77.621    100.319    97.124    5.0    83.217    93.776    12.806    77.201    95.708    66.008    10.296    6.0    63.071    79.63    97.124    79.404    7.616    97.637    7.0    62.129    
8     48.847    8.062    60.959    99.624    93.048    78.23    94.541    0         91.706    2.236    6.708    71.847    3.162    53.759    87.664    67.742    5.831    10.817    92.698    71.028    2.0    91.924    74.793    5.099    90.758    94.021    92.358    87.932    105.702    10.817    74.947    94.826    56.4    101.02    86.683    
9     62.032    91.81    97.99    19.105    76.236    86.313    8.485    91.706    0         93.536    98.412    86.833    93.915    93.059    74.007    81.32    97.529    93.408    12.53    87.092    90.785    4.472    81.584    93.295    72.173    3.162    13.416    69.065    86.493    93.408    83.744    3.162    99.765    14.318    68.029    
10    51.078    7.071    60.141    101.193    93.301    78.032    96.255    2.236    93.536    0         5.099    71.561    3.606    53.038    87.92    67.602    4.123    12.083    94.34    70.725    4.123    93.814    74.706    3.606    91.093    95.88    93.984    88.323    105.849    12.083    74.793    96.649    55.444    102.694    87.092    
11    54.12    10.77    62.968    106.254    97.719    81.884    101.237    6.708    98.412    5.099    0         75.293    5.0    56.08    92.347    71.554    1.0    12.0    99.368    74.431    7.81    98.615    78.721    7.28    95.603    100.722    99.02    92.892    110.136    12.0    78.715    101.533    58.0    107.703    91.679    
12    94.847    64.661    19.647    79.605    29.12    7.071    82.873    71.847    86.833    71.561    75.293    0         74.887    22.091    25.08    6.083    74.431    82.006    78.186    1.0    73.007    90.244    7.211    68.264    29.547    89.989    77.253    29.155    38.013    82.006    5.385    88.6    25.318    85.493    28.844    
13    49.193    10.63    63.702    102.201    96.208    81.302    96.933    3.162    93.915    3.606    5.0    74.887    0         56.569    90.824    70.831    4.472    8.544    95.189    74.061    3.162    94.021    77.897    7.211    93.92    96.177    94.868    91.093    108.853    8.544    78.032    97.046    59.034    103.465    89.844    
14    85.907    45.967    7.616    90.139    50.359    29.155    90.973    53.759    93.059    53.038    56.08    22.091    56.569    0         45.706    21.378    55.317    64.444    86.839    21.095    55.227    95.708    28.071    49.518    50.01    96.177    86.023    48.765    60.075    64.444    27.0    95.383    6.708    95.0    48.083    
15    98.717    81.609    44.598    62.37    5.385    19.416    68.184    87.664    74.007    87.92    92.347    25.08    90.824    45.706    0         24.331    91.395    96.664    63.198    26.0    88.391    78.058    18.028    85.071    4.472    77.0    62.201    5.385    18.601    96.664    19.698    75.027    50.0    69.051    6.083    
16    89.0    60.828    21.095    74.793    29.069    10.63    77.621    67.742    81.32    67.602    71.554    6.083    70.831    21.378    24.331    0         70.661    77.666    73.007    6.0    68.797    84.646    7.28    64.413    28.636    84.481    72.09    27.514    39.623    77.666    7.211    83.169    26.0    80.498    26.926    
17    53.666    9.849    62.241    105.304    96.768    81.006    100.319    5.831    97.529    4.123    1.0    74.431    4.472    55.317    91.395    70.661    0         12.042    98.433    73.573    7.071    97.755    77.82    6.325    94.641    99.85    98.082    91.924    109.202    12.042    77.827    100.648    57.315    106.775    90.708    
18    43.829    18.868    71.701    103.16    102.044    88.233    97.124    10.817    93.408    12.083    12.0    82.006    8.544    64.444    96.664    77.666    12.042    0         95.802    81.216    9.22    93.107    84.599    15.652    99.539    95.462    95.567    96.566    114.935    0.0    84.876    96.566    67.201    103.846    95.273    
19    69.231    91.706    91.066    8.246    65.0    76.922    5.0    92.698    12.53    94.34    99.368    78.186    95.189    86.839    63.198    73.007    98.433    95.802    0         78.549    92.027    17.0    72.422    93.622    61.008    14.866    1.0    58.078    74.673    95.802    74.632    12.369    93.477    8.602    57.14    
20    94.43    63.812    18.682    80.062    30.083    8.062    83.217    71.028    87.092    70.725    74.431    1.0    74.061    21.095    26.0    6.0    73.573    81.216    78.549    0         72.201    90.471    8.062    67.417    30.463    90.25    77.621    30.017    39.013    81.216    6.325    88.888    24.331    85.907    29.682    
21    47.011    9.849    62.482    99.04    93.776    79.322    93.776    2.0    90.785    4.123    7.81    73.007    3.162    55.227    88.391    68.797    7.071    9.22    92.027    72.201    0         90.918    75.802    7.071    91.417    93.059    91.706    88.544    106.513    9.22    76.007    93.915    58.009    100.305    87.281    
22    60.033    92.418    100.846    23.345    80.399    89.944    12.806    91.924    4.472    93.814    98.615    90.244    94.021    95.708    78.058    84.646    97.755    93.107    17.0    90.471    90.918    0         85.159    93.744    76.322    3.162    17.889    73.171    90.802    93.107    87.298    5.831    102.416    18.028    72.111    
23    94.021    67.978    26.571    73.41    22.361    5.099    77.201    74.793    81.584    74.706    78.721    7.211    77.897    28.071    18.028    7.28    77.82    84.599    72.422    8.062    75.802    85.159    0         71.554    22.472    84.723    71.47    21.954    32.388    84.599    2.236    83.199    32.016    79.48    21.633    
24    53.141    3.606    56.586    100.305    90.443    74.793    95.708    5.099    93.295    3.606    7.28    68.264    7.211    49.518    85.071    64.413    6.325    15.652    93.622    67.417    7.071    93.744    71.554    0         88.323    95.718    93.231    85.615    102.883    15.652    71.589    96.385    51.856    102.044    84.404    
25    99.825    84.9    49.041    59.682    4.123    23.854    66.008    90.758    72.173    91.093    95.603    29.547    93.92    50.01    4.472    28.636    94.641    99.539    61.008    30.463    91.417    76.322    22.472    88.323    0         75.107    60.008    3.606    17.029    99.539    24.166    73.027    54.406    66.483    5.0    
26    63.008    94.303    101.134    20.616    79.158    89.443    10.296    94.021    3.162    95.88    100.722    89.989    96.177    96.177    77.0    84.481    99.85    95.462    14.866    90.25    93.059    3.162    84.723    95.718    75.107    0         15.811    72.028    89.269    95.462    86.885    2.828    102.883    15.0    71.007    
27    69.426    91.285    90.211    8.062    64.0    75.961    6.0    92.358    13.416    93.984    99.02    77.253    94.868    86.023    62.201    72.09    98.082    95.567    1.0    77.621    91.706    17.889    71.47    93.231    60.008    15.811    0         57.079    73.682    95.567    73.682    13.342    92.655    9.22    56.143    
28    96.26    82.225    48.332    57.07    7.616    24.083    63.071    87.932    69.065    88.323    92.892    29.155    91.093    48.765    5.385    27.514    91.924    96.566    58.078    30.017    88.544    73.171    21.954    85.615    3.606    72.028    57.079    0         20.616    96.566    23.854    70.0    53.488    63.789    1.414    
29    116.846    99.368    57.14    72.028    13.454    31.0    79.63    105.702    86.493    105.849    110.136    38.013    108.853    60.075    18.601    39.623    109.202    114.935    74.673    39.013    106.513    90.802    32.388    102.883    17.029    89.269    73.682    20.616    0         114.935    33.136    86.977    63.071    79.057    22.023    
30    43.829    18.868    71.701    103.16    102.044    88.233    97.124    10.817    93.408    12.083    12.0    82.006    8.544    64.444    96.664    77.666    12.042    0.0    95.802    81.216    9.22    93.107    84.599    15.652    99.539    95.462    95.567    96.566    114.935    0         84.876    96.566    67.201    103.846    95.273    
31    95.294    68.0    25.0    75.644    23.77    3.606    79.404    74.947    83.744    74.793    78.715    5.385    78.032    27.0    19.698    7.211    77.827    84.876    74.632    6.325    76.007    87.298    2.236    71.589    24.166    86.885    73.682    23.854    33.136    84.876    0         85.376    30.594    81.707    23.601    
32    65.008    94.874    100.18    17.804    77.058    87.864    7.616    94.826    3.162    96.649    101.533    88.6    97.046    95.383    75.027    83.169    100.648    96.566    12.369    88.888    93.915    5.831    83.199    96.385    73.027    2.828    13.342    70.0    86.977    96.566    85.376    0         102.083    12.207    69.007    
33    91.241    48.415    6.083    96.675    54.342    32.14    97.637    56.4    99.765    55.444    58.0    25.318    59.034    6.708    50.0    26.0    57.315    67.201    93.477    24.331    58.009    102.416    32.016    51.856    54.406    102.883    92.655    53.488    63.071    67.201    30.594    102.083    0         101.607    52.924    
34    75.425    100.18    99.02    7.071    70.349    83.815    7.0    101.02    14.318    102.694    107.703    85.493    103.465    95.0    69.051    80.498    106.775    103.846    8.602    85.907    100.305    18.028    79.48    102.044    66.483    15.0    9.22    63.789    79.057    103.846    81.707    12.207    101.607    0         62.968    
35    94.847    81.025    47.854    56.294    8.944    24.042    62.129    86.683    68.029    87.092    91.679    28.844    89.844    48.083    6.083    26.926    90.708    95.273    57.14    29.682    87.281    72.111    21.633    84.404    5.0    71.007    56.143    1.414    22.023    95.273    23.601    69.007    52.924    62.968    0         


Demandas:
1: 0.0
2: 12.0
3: 3.0
4: 2.0
5: 13.0
6: 17.0
7: 12.0
8: 1.0
9: 26.0
10: 13.0
11: 15.0
12: 20.0
13: 20.0
14: 3.0
15: 3.0
16: 12.0
17: 25.0
18: 2.0
19: 15.0
20: 24.0
21: 2.0
22: 7.0
23: 15.0
24: 2.0
25: 13.0
26: 9.0
27: 12.0
28: 26.0
29: 17.0
30: 26.0
31: 9.0
32: 14.0
33: 9.0
34: 25.0
35: 13.0
+-+-+-+-+-+-+-+-+-+-+-+-+-+-+-+ SOLUCION INICIAL +-+-+-+-+-+-+-+-+-+-+-+-+-+-+-+-

Ruta #1: [1, 3, 14, 33, 5, 15, 29, 25, 28, 35]
Costo asociado: 302.93999999999994      Capacidad: 100.0

Ruta #2: [1, 4, 19, 27, 34, 7, 32, 26, 22]
Costo asociado: 176.571      Capacidad: 96.0

Ruta #3: [1, 6, 23, 31, 12, 20, 16]
Costo asociado: 207.604      Capacidad: 97.0

Ruta #4: [1, 11, 13, 17, 10, 2, 24, 8, 21]
Costo asociado: 132.502      Capacidad: 90.0

Ruta #5: [1, 9, 18, 30]
Costo asociado: 199.269      Capacidad: 54.0

--> Costo total: 1018.886          Capacidad total: 437.0

+-+-+-+-+-+-+-+-+-+-+-+-+-+-+-+-+-+-+-+-+-+-+-+-+- Iteracion 1  +-+-+-+-+-+-+-+-+-+-+-+-+-+-+-+-+-+-+-+-+-+-+-+-+-


Ruta #1: [1, 3, 14, 33, 15, 29, 5, 25, 28, 35]
Costo asociado: 293.76099999999997      Capacidad: 100.0

Ruta #2: [1, 4, 19, 27, 34, 7, 32, 26, 22]
Costo asociado: 176.571      Capacidad: 96.0

Ruta #3: [1, 6, 23, 31, 12, 20, 16]
Costo asociado: 207.604      Capacidad: 97.0

Ruta #4: [1, 11, 13, 17, 10, 2, 24, 8, 21]
Costo asociado: 132.502      Capacidad: 90.0

Ruta #5: [1, 9, 18, 30]
Costo asociado: 199.269      Capacidad: 54.0

--> Costo total: 1009.7070000000001          Capacidad total: 437.0

La solución anterior duró 0min 0seg    -------> Nuevo optimo local. Costo: 1009.707       ==> Optimo: 955.0  Desvio: 5.7%
Lista tabu: []

+-+-+-+-+-+-+-+-+-+-+-+-+-+-+-+-+-+-+-+-+-+-+-+-+- Iteracion 2  +-+-+-+-+-+-+-+-+-+-+-+-+-+-+-+-+-+-+-+-+-+-+-+-+-


Ruta #1: [1, 3, 14, 33, 15, 29, 5, 25, 28, 35]
Costo asociado: 293.76099999999997      Capacidad: 100.0

Ruta #2: [1, 22, 26, 32, 7, 34, 27, 4, 19]
Costo asociado: 175.39799999999997      Capacidad: 96.0

Ruta #3: [1, 6, 23, 31, 12, 20, 16]
Costo asociado: 207.604      Capacidad: 97.0

Ruta #4: [1, 11, 13, 17, 10, 2, 24, 8, 21]
Costo asociado: 132.502      Capacidad: 90.0

Ruta #5: [1, 9, 18, 30]
Costo asociado: 199.269      Capacidad: 54.0

--> Costo total: 1008.5339999999999          Capacidad total: 437.0

La solución anterior duró 0min 0seg    -------> Nuevo optimo local. Costo: 1008.534       ==> Optimo: 955.0  Desvio: 5.6000000000000005%
Lista tabu: [((29,25,17.029),10), ((5,15,5.385),10), ((33,5,54.342),10), ((25,5,4.123),8)]

+-+-+-+-+-+-+-+-+-+-+-+-+-+-+-+-+-+-+-+-+-+-+-+-+- Iteracion 6  +-+-+-+-+-+-+-+-+-+-+-+-+-+-+-+-+-+-+-+-+-+-+-+-+-


Ruta #1: [1, 3, 14, 33, 15, 29, 5, 25, 28, 35]
Costo asociado: 293.76099999999997      Capacidad: 100.0

Ruta #2: [1, 22, 26, 32, 7, 34, 27, 4, 19]
Costo asociado: 175.39799999999997      Capacidad: 96.0

Ruta #3: [1, 6, 23, 31, 12, 20, 16]
Costo asociado: 207.604      Capacidad: 97.0

Ruta #4: [1, 11, 13, 17, 24, 2, 10, 8, 21]
Costo asociado: 131.841      Capacidad: 90.0

Ruta #5: [1, 9, 18, 30]
Costo asociado: 199.269      Capacidad: 54.0

--> Costo total: 1007.8729999999999          Capacidad total: 437.0

La solución anterior duró 0min 0seg    -------> Nuevo optimo local. Costo: 1007.873       ==> Optimo: 955.0  Desvio: 5.5%
Lista tabu: [((29,25,17.029),6), ((5,15,5.385),6), ((33,5,54.342),6), ((25,5,4.123),4), ((19,27,1.0),7), ((1,4,77.466),7), ((27,4,8.062),5), ((35,1,94.847),4), ((15,29,18.601),4), ((33,15,50.0),4), ((15,35,6.083),3), ((25,28,3.606),5), ((15,29,18.601),5), ((33,15,50.0),5), ((15,28,5.385),4), ((22,26,3.162),6), ((32,7,7.616),6), ((22,32,5.831),5)]

+-+-+-+-+-+-+-+-+-+-+-+-+-+-+-+-+-+-+-+-+-+-+-+-+- Iteracion 17  +-+-+-+-+-+-+-+-+-+-+-+-+-+-+-+-+-+-+-+-+-+-+-+-+-


Ruta #1: [1, 3, 14, 33, 15, 29, 5, 25, 28, 35]
Costo asociado: 293.76099999999997      Capacidad: 100.0

Ruta #2: [1, 22, 26, 32, 7, 34, 27, 4, 19]
Costo asociado: 175.39799999999997      Capacidad: 96.0

Ruta #3: [1, 16, 20, 12, 31, 6, 23]
Costo asociado: 204.111      Capacidad: 97.0

Ruta #4: [1, 11, 13, 17, 24, 2, 10, 8, 21]
Costo asociado: 131.841      Capacidad: 90.0

Ruta #5: [1, 9, 18, 30]
Costo asociado: 199.269      Capacidad: 54.0

--> Costo total: 1004.38          Capacidad total: 437.0

La solución anterior duró 0min 0seg    -------> Nuevo optimo local. Costo: 1004.38       ==> Optimo: 955.0  Desvio: 5.2%
Lista tabu: [((3,14,7.616),1), ((14,33,6.708),1), ((20,16,6.0),1), ((9,18,93.408),2), ((18,30,0.0),2), ((1,11,54.12),2), ((11,18,12.0),1), ((10,8,2.236),3), ((8,21,2.0),3), ((9,18,93.408),3), ((8,18,10.817),2), ((17,24,6.325),4), ((10,8,2.236),4), ((2,10,7.071),4), ((10,17,4.123),3), ((31,12,5.385),5), ((6,23,5.099),5), ((12,23,7.211),4), ((1,3,93.392),6), ((3,14,7.616),6), ((16,1,89.0),6), ((3,16,21.095),5)]

+-+-+-+-+-+-+-+-+-+-+-+-+-+-+-+-+-+-+-+-+-+-+-+-+- Iteracion 24  +-+-+-+-+-+-+-+-+-+-+-+-+-+-+-+-+-+-+-+-+-+-+-+-+-


Ruta #1: [1, 3, 14, 33, 15, 29, 5, 25, 28, 35]
Costo asociado: 293.76099999999997      Capacidad: 100.0

Ruta #2: [1, 22, 26, 32, 7, 4, 34, 27, 19]
Costo asociado: 170.791      Capacidad: 96.0

Ruta #3: [1, 16, 20, 12, 31, 6, 23]
Costo asociado: 204.111      Capacidad: 97.0

Ruta #4: [1, 11, 13, 17, 24, 2, 10, 8, 21]
Costo asociado: 131.841      Capacidad: 90.0

Ruta #5: [1, 9, 18, 30]
Costo asociado: 199.269      Capacidad: 54.0

--> Costo total: 999.773          Capacidad total: 437.0

La solución anterior duró 0min 0seg    -------> Nuevo optimo local. Costo: 999.773       ==> Optimo: 955.0  Desvio: 4.7%
Lista tabu: [((23,31,2.236),4), ((1,6,98.884),4), ((31,6,3.606),2), ((15,29,18.601),1), ((29,5,13.454),1), ((31,6,3.606),1), ((6,23,5.099),1), ((1,3,93.392),2), ((3,14,7.616),2), ((16,20,6.0),2), ((3,20,18.682),1), ((3,14,7.616),3), ((14,33,6.708),3), ((20,12,1.0),3), ((12,14,22.091),2), ((11,13,5.0),4), ((13,17,4.472),4), ((9,18,93.408),4), ((13,18,8.544),3), ((24,2,3.606),5), ((2,10,7.071),5), ((9,18,93.408),5), ((2,18,18.868),4), ((12,31,5.385),6), ((23,1,94.021),6), ((23,12,7.211),5)]

+-+-+-+-+-+-+-+-+-+-+-+-+-+-+-+-+-+- Solucion Optima +-+-+-+-+-+-+-+-+-+-+-+-+-+-+-+-+-+-

Ruta #1: [1, 3, 14, 33, 15, 29, 5, 25, 28, 35]
Costo asociado: 293.76099999999997      Capacidad: 100.0

Ruta #2: [1, 22, 26, 32, 7, 4, 34, 27, 19]
Costo asociado: 170.791      Capacidad: 96.0

Ruta #3: [1, 16, 20, 12, 31, 6, 23]
Costo asociado: 204.111      Capacidad: 97.0

Ruta #4: [1, 11, 13, 17, 24, 2, 10, 8, 21]
Costo asociado: 131.841      Capacidad: 90.0

Ruta #5: [1, 9, 18, 30]
Costo asociado: 199.269      Capacidad: 54.0


Costo total:  999.773        Optimo real:  955.0      Desviación: 4.7%

Cantidad de iteraciones: 25
Nro de vehiculos: 5
Capacidad Maxima/Vehiculo: 100.0
Tiempo total: 0min 1seg
Tiempo de estancamiento: 0min 0seg
