+-+-+-+-+-+-+-+-+-+-+-+-+-+-+ GRAFO CARGADO +-+-+-+-+-+-+-+-+-+-+-+-+-+-+-
        1         2         3         4         5         6         7         8         9         10        11        12        13        14        15        16        17        18        19        20        21        22        23        24        25        26        27        28        29        30        31        32        33        34        35        36        37        38        39        40        41        42        43        44        45
1     0         19.925    53.759    64.327    38.484    21.095    29.017    58.181    32.28    43.174    18.601    43.046    32.0    46.174    56.939    51.42    41.146    16.279    51.313    48.765    68.184    35.171    26.306    17.205    87.006    42.72    44.944    58.83    23.77    40.706    16.401    64.938    53.759    49.649    59.059    72.443    20.248    49.497    66.91    13.038    44.777    22.361    33.302    25.0    54.12    
2     19.925    0         39.408    57.315    54.918    40.792    48.508    38.471    50.09    28.018    12.042    58.241    51.352    32.016    37.802    35.847    57.271    8.602    32.558    64.288    63.561    53.085    45.044    6.403    71.589    57.567    59.775    39.825    29.732    56.515    7.211    58.549    37.162    65.253    39.661    66.91    5.385    32.696    60.531    8.062    64.405    41.049    52.154    43.012    34.67    
3     53.759    39.408    0         88.566    92.114    73.546    81.584    41.049    86.023    11.402    51.225    96.255    84.723    7.616    46.043    5.099    94.705    48.01    45.706    102.157    96.649    88.888    79.812    45.804    86.023    95.755    97.99    48.01    42.297    94.154    46.615    90.338    8.246    103.078    45.011    98.843    44.045    10.198    92.136    46.648    90.139    75.961    76.164    78.746    42.107    
4     64.327    57.315    88.566    0         67.179    73.355    76.551    55.866    69.656    78.549    48.042    64.661    77.421    83.006    49.518    83.63    67.268    52.01    46.098    68.819    9.434    71.589    70.725    53.009    40.447    63.253    64.203    48.918    85.094    65.856    53.0    2.236    82.365    69.635    52.402    10.296    52.154    78.715    3.606    56.036    99.644    68.6    93.107    67.119    51.662    
5     38.484    54.918    92.114    67.179    0         22.804    18.028    88.363    8.062    81.271    46.011    6.325    16.279    84.504    85.0    89.493    2.828    47.265    78.918    10.63    65.605    7.071    15.0    49.366    102.728    7.071    8.544    86.313    58.138    3.162    48.374    66.483    91.482    11.402    87.824    70.605    52.24    87.092    67.941    46.872    38.21    17.692    39.294    14.213    83.487    
6     21.095    40.792    73.546    73.355    22.804    0         8.062    78.435    14.866    63.506    36.235    28.844    11.18    66.098    76.557    71.701    25.612    35.468    70.682    33.302    74.673    17.029    7.81    37.0    102.552    29.155    31.064    78.294    36.056    25.807    36.056    73.348    74.33    33.971    78.924    79.48    40.162    70.178    75.153    33.242    26.907    6.083    20.396    9.487    74.095    
7     29.017    48.508    81.584    76.551    18.028    8.062    0         85.726    10.198    71.568    43.081    24.352    3.162    74.148    83.57    79.762    20.616    42.72    77.621    27.785    76.922    11.18    5.831    44.385    107.815    25.0    26.571    85.235    43.417    21.19    43.417    76.322    82.389    28.302    86.035    81.841    47.539    78.23    78.032    40.792    23.259    8.602    21.378    9.434    81.271    
8     58.181    38.471    41.049    55.866    88.363    78.435    85.726    0         85.329    35.735    42.953    90.022    88.323    39.051    6.403    36.125    90.2    43.012    10.77    96.005    65.115    88.284    81.492    41.437    45.0    89.006    91.0    7.616    63.655    89.14    42.379    58.0    33.0    97.005    4.123    65.795    38.275    31.257    59.397    45.31    102.859    77.621    90.554    78.854    5.099    
9     32.28    50.09    86.023    69.656    8.062    14.866    10.198    85.329    0         75.432    42.426    14.318    9.055    78.447    82.462    83.678    10.817    43.046    76.4    18.439    69.116    3.0    7.071    45.011    103.228    14.866    16.553    83.934    50.606    11.18    44.011    69.203    85.907    19.105    85.147    74.095    48.042    81.584    70.803    42.048    32.016    10.296    31.575    7.28    80.604    
10    43.174    28.018    11.402    78.549    81.271    63.506    71.568    35.735    75.432    0         39.825    85.235    74.673    4.472    39.623    8.246    83.815    36.62    38.013    91.181    86.331    78.339    69.426    34.409    79.762    84.694    86.925    41.773    35.114    83.217    35.228    80.231    11.045    92.114    39.294    88.769    32.65    7.616    82.079    35.355    81.884    65.513    68.066    68.154    35.511    
11    18.601    12.042    51.225    48.042    46.011    36.235    43.081    42.953    42.426    39.825    0         48.508    45.541    43.932    40.497    47.434    48.094    4.123    34.54    54.589    53.339    45.398    38.601    5.831    68.411    47.676    49.82    42.154    37.054    47.17    5.385    49.0    48.374    55.579    43.012    57.079    7.211    43.909    51.0    8.0    62.201    34.785    51.624    35.903    38.328    
12    43.046    58.241    96.255    64.661    6.325    28.844    24.352    90.022    14.318    85.235    48.508    0         22.561    88.64    86.284    93.408    4.0    50.22    80.225    6.083    62.29    13.342    21.095    52.393    101.533    1.414    2.236    87.464    63.655    3.162    51.42    63.781    95.189    7.071    89.202    67.268    55.109    90.758    65.115    50.289    44.045    23.431    45.607    19.849    85.053    
13    32.0    51.352    84.723    77.421    16.279    11.18    3.162    88.323    9.055    74.673    45.541    22.561    0         77.279    86.035    82.873    18.682    45.354    80.056    25.495    77.414    9.22    7.211    47.074    109.481    23.345    24.739    87.664    46.53    19.416    46.098    77.104    85.475    25.942    88.544    82.365    50.22    81.302    78.772    43.566    23.087    10.77    23.087    10.63    83.815    
14    46.174    32.016    7.616    83.006    84.504    66.098    74.148    39.051    78.447    4.472    43.932    88.64    77.279    0         43.29    6.325    87.092    40.608    42.012    94.541    90.802    81.32    72.277    38.419    83.487    88.142    90.377    45.398    35.903    86.539    39.205    84.694    10.296    95.462    42.755    93.231    36.797    8.602    86.539    39.115    83.385    68.411    69.462    71.169    39.205    
15    56.939    37.802    46.043    49.518    85.0    76.557    83.57    6.403    82.462    39.623    40.497    86.284    86.035    43.29    0         41.012    86.701    41.146    6.083    92.195    58.796    85.376    79.057    39.825    40.2    85.212    87.144    2.236    64.815    85.586    40.706    51.662    38.21    93.193    3.162    59.414    36.715    36.0    53.038    43.909    101.71    75.273    89.872    76.243    4.123    
16    51.42    35.847    5.099    83.63    89.493    71.701    79.762    36.125    83.678    8.246    47.434    93.408    82.873    6.325    41.012    0         92.027    44.418    40.608    99.368    91.788    86.585    77.666    42.19    81.056    92.849    95.079    43.0    42.202    91.417    43.046    85.422    4.243    100.305    40.05    93.915    40.224    5.099    87.207    43.382    89.56    73.756    75.664    76.4    37.054    
17    41.146    57.271    94.705    67.268    2.828    25.612    20.616    90.2    10.817    83.815    48.094    4.0    18.682    87.092    86.701    92.027    0         49.497    80.623    7.81    65.299    9.487    17.804    51.624    103.446    5.099    6.083    87.966    60.959    1.414    50.636    66.483    93.963    8.602    89.56    70.292    54.452    89.56    67.882    49.244    40.05    20.518    41.761    17.029    85.288    
18    16.279    8.602    48.01    52.01    47.265    35.468    42.72    43.012    43.046    36.62    4.123    50.22    45.354    40.608    41.146    44.418    49.497    0         35.355    56.294    57.428    46.043    38.639    2.236    71.028    49.477    51.662    42.942    33.136    48.662    1.414    53.009    45.618    57.271    43.463    61.131    5.0    41.146    55.009    4.123    60.745    34.713    49.578    36.222    38.626    
19    51.313    32.558    45.706    46.098    78.918    70.682    77.621    10.77    76.4    38.013    34.54    80.225    80.056    42.012    6.083    40.608    80.623    35.355    0         86.145    55.172    79.31    73.055    34.132    42.202    79.158    81.099    7.616    60.465    79.511    34.986    48.166    38.328    87.144    9.0    56.223    31.064    35.511    49.679    38.275    96.042    69.289    84.404    70.214    5.831    
20    48.765    64.288    102.157    68.819    10.63    33.302    27.785    96.005    18.439    91.181    54.589    6.083    25.495    94.541    92.195    99.368    7.81    56.294    86.145    0         65.795    16.643    25.495    58.464    106.452    7.0    5.099    93.343    68.768    8.062    57.489    67.801    101.193    1.0    95.131    70.725    61.188    96.768    69.029    56.321    45.177    28.32    48.466    24.839    91.022    
21    68.184    63.561    96.649    9.434    65.605    74.673    76.922    65.115    69.116    86.331    53.339    62.29    77.414    90.802    58.796    91.788    65.299    57.428    55.172    65.795    0         70.725    71.113    58.694    48.01    60.877    61.522    58.258    90.089    63.891    58.549    7.211    90.736    66.528    61.717    5.0    58.249    86.954    6.325    61.294    100.18    69.462    94.868    67.543    60.811    
22    35.171    53.085    88.888    71.589    7.071    17.029    11.18    88.284    3.0    78.339    45.398    13.342    9.22    81.32    85.376    86.585    9.487    46.043    79.31    16.643    70.725    0         9.434    48.01    105.683    14.142    15.524    86.833    53.009    10.198    47.011    71.063    88.843    17.205    88.074    75.717    51.039    84.528    72.622    45.044    31.401    13.0    32.28    10.198    83.546    
23    26.306    45.044    79.812    70.725    15.0    7.81    5.831    81.492    7.071    69.426    38.601    21.095    7.211    72.277    79.057    77.666    17.804    38.639    73.055    25.495    71.113    9.434    0         40.447    102.303    21.471    23.324    80.654    43.6    18.028    39.459    70.491    80.062    26.173    81.609    76.026    43.566    75.802    72.201    37.121    29.069    4.0    26.019    3.606    76.922    
24    17.205    6.403    45.804    53.009    49.366    37.0    44.385    41.437    45.011    34.409    5.831    52.393    47.074    38.419    39.825    42.19    51.624    2.236    34.132    58.464    58.694    48.01    40.447    0         70.725    51.662    53.852    41.677    32.388    50.804    1.0    54.083    43.382    59.439    42.048    62.29    3.162    38.91    56.08    4.243    61.911    36.497    50.448    38.118    37.162    
25    87.006    71.589    86.023    40.447    102.728    102.552    107.815    45.0    103.228    79.762    68.411    101.533    109.481    83.487    40.2    81.056    103.446    71.028    42.202    106.452    48.01    105.683    102.303    70.725    0         100.185    101.518    38.118    101.079    102.083    71.281    42.297    78.0    107.355    41.012    45.1    68.264    76.105    42.107    74.887    129.402    99.247    119.854    98.858    44.283    
26    42.72    57.567    95.755    63.253    7.071    29.155    25.0    89.006    14.866    84.694    47.676    1.414    23.345    88.142    85.212    92.849    5.099    49.477    79.158    7.0    60.877    14.142    21.471    51.662    100.185    0         2.236    86.371    63.64    4.0    50.695    62.37    94.578    8.0    88.142    65.856    54.342    90.139    63.702    49.649    45.1    23.601    46.325    20.0    84.024    
27    44.944    59.775    97.99    64.203    8.544    31.064    26.571    91.0    16.553    86.925    49.82    2.236    24.739    90.377    87.144    95.079    6.083    51.662    81.099    5.099    61.522    15.524    23.324    53.852    101.518    2.236    0         88.278    65.765    5.385    52.887    63.253    96.799    6.083    90.089    66.483    56.515    92.358    64.537    51.865    46.011    25.612    47.802    22.023    86.006    
28    58.83    39.825    48.01    48.918    86.313    78.294    85.235    7.616    83.934    41.773    42.154    87.464    87.664    45.398    2.236    43.0    87.966    42.942    7.616    93.343    58.258    86.833    80.654    41.677    38.118    86.371    88.278    0         67.007    86.833    42.544    51.088    40.112    94.34    3.606    58.694    38.588    38.013    52.402    45.793    103.586    76.896    91.837    77.795    6.325    
29    23.77    29.732    42.297    85.094    58.138    36.056    43.417    63.655    50.606    35.114    37.054    63.655    46.53    35.903    64.815    42.202    60.959    33.136    60.465    68.768    90.089    53.009    43.6    32.388    101.079    63.64    65.765    67.007    0         60.877    32.249    86.023    45.88    69.527    65.947    94.005    33.956    42.72    88.023    29.069    48.0    40.46    34.0    43.932    61.074    
30    40.706    56.515    94.154    65.856    3.162    25.807    21.19    89.14    11.18    83.217    47.17    3.162    19.416    86.539    85.586    91.417    1.414    48.662    79.511    8.062    63.891    10.198    18.028    50.804    102.083    4.0    5.385    86.833    60.877    0         49.82    65.069    93.301    8.944    88.459    68.884    53.6    88.888    66.468    48.508    41.11    20.518    42.45    16.971    84.214    
31    16.401    7.211    46.615    53.0    48.374    36.056    43.417    42.379    44.011    35.228    5.385    51.42    46.098    39.205    40.706    43.046    50.636    1.414    34.986    57.489    58.549    47.011    39.459    1.0    71.281    50.695    52.887    42.544    32.249    49.82    0         54.037    44.283    58.464    42.953    62.201    4.123    39.812    56.036    3.606    61.057    35.511    49.679    37.121    38.079    
32    64.938    58.549    90.338    2.236    66.483    73.348    76.322    58.0    69.203    80.231    49.0    63.781    77.104    84.694    51.662    85.422    66.483    53.009    48.166    67.801    7.211    71.063    70.491    54.083    42.297    62.37    63.253    51.088    86.023    65.069    54.037    0         84.22    68.6    54.562    8.544    53.339    80.529    2.0    57.0    99.479    68.476    93.231    66.888    53.759    
33    53.759    37.162    8.246    82.365    91.482    74.33    82.389    33.0    85.907    11.045    48.374    95.189    85.475    10.296    38.21    4.243    93.963    45.618    38.328    101.193    90.736    88.843    80.062    43.382    78.0    94.578    96.799    40.112    45.88    93.301    44.283    84.22    0         102.142    37.014    92.661    41.183    4.472    85.959    44.944    92.914    76.118    79.076    78.645    34.366    
34    49.649    65.253    103.078    69.635    11.402    33.971    28.302    97.005    19.105    92.114    55.579    7.071    25.942    95.462    93.193    100.305    8.602    57.271    87.144    1.0    66.528    17.205    26.173    59.439    107.355    8.0    6.083    94.34    69.527    8.944    58.464    68.6    102.142    0         96.13    71.449    62.169    97.719    69.814    57.28    45.277    29.069    48.847    25.612    92.022    
35    59.059    39.661    45.011    52.402    87.824    78.924    86.035    4.123    85.147    39.294    43.012    89.202    88.544    42.755    3.162    40.05    89.56    43.463    9.0    95.131    61.717    88.074    81.609    42.048    41.012    88.142    90.089    3.606    65.947    88.459    42.953    54.562    37.014    96.13    0         62.225    38.91    35.128    55.902    46.065    103.832    77.795    91.81    78.848    5.0    
36    72.443    66.91    98.843    10.296    70.605    79.48    81.841    65.795    74.095    88.769    57.079    67.268    82.365    93.231    59.414    93.915    70.292    61.131    56.223    70.725    5.0    75.717    76.026    62.29    45.1    65.856    66.483    58.694    94.005    68.884    62.201    8.544    92.661    71.449    62.225    0         61.66    89.006    6.708    65.069    105.095    74.324    99.624    72.45    61.717    
37    20.248    5.385    44.045    52.154    52.24    40.162    47.539    38.275    48.042    32.65    7.211    55.109    50.22    36.797    36.715    40.224    54.452    5.0    31.064    61.188    58.249    51.039    43.566    3.162    68.264    54.342    56.515    38.588    33.956    53.6    4.123    53.339    41.183    62.169    38.91    61.66    0         36.715    55.326    7.211    65.0    39.623    53.413    41.195    34.015    
38    49.497    32.696    10.198    78.715    87.092    70.178    78.23    31.257    81.584    7.616    43.909    90.758    81.302    8.602    36.0    5.099    89.56    41.146    35.511    96.768    86.954    84.528    75.802    38.91    76.105    90.139    92.358    38.013    42.72    88.888    39.812    80.529    4.472    97.719    35.128    89.006    36.715    0         82.298    40.497    89.269    71.847    75.505    74.33    32.016    
39    66.91    60.531    92.136    3.606    67.941    75.153    78.032    59.397    70.803    82.079    51.0    65.115    78.772    86.539    53.038    87.207    67.882    55.009    49.679    69.029    6.325    72.622    72.201    56.08    42.107    63.702    64.537    52.402    88.023    66.468    56.036    2.0    85.959    69.814    55.902    6.708    55.326    82.298    0         59.0    101.213    70.235    95.079    68.6    55.227    
40    13.038    8.062    46.648    56.036    46.872    33.242    40.792    45.31    42.048    35.355    8.0    50.289    43.566    39.115    43.909    43.382    49.244    4.123    38.275    56.321    61.294    45.044    37.121    4.243    74.887    49.649    51.865    45.793    29.069    48.508    3.606    57.0    44.944    57.28    46.065    65.069    7.211    40.497    59.0    0         57.801    33.136    46.228    35.0    41.146    
41    44.777    64.405    90.139    99.644    38.21    26.907    23.259    102.859    32.016    81.884    62.201    44.045    23.087    83.385    101.71    89.56    40.05    60.745    96.042    45.177    100.18    31.401    29.069    61.911    129.402    45.1    46.011    103.586    48.0    41.11    61.057    99.479    92.914    45.277    103.832    105.095    65.0    89.269    101.213    57.801    0         31.064    14.0    32.65    98.884    
42    22.361    41.049    75.961    68.6    17.692    6.083    8.602    77.621    10.296    65.513    34.785    23.431    10.77    68.411    75.273    73.756    20.518    34.713    69.289    28.32    69.462    13.0    4.0    36.497    99.247    23.601    25.612    76.896    40.46    20.518    35.511    68.476    76.118    29.069    77.795    74.324    39.623    71.847    70.235    33.136    31.064    0         26.173    3.606    73.082    
43    33.302    52.154    76.164    93.107    39.294    20.396    21.378    90.554    31.575    68.066    51.624    45.607    23.087    69.462    89.872    75.664    41.761    49.578    84.404    48.466    94.868    32.28    26.019    50.448    119.854    46.325    47.802    91.837    34.0    42.45    49.679    93.231    79.076    48.847    91.81    99.624    53.413    75.505    95.079    46.228    14.0    26.173    0         29.017    86.822    
44    25.0    43.012    78.746    67.119    14.213    9.487    9.434    78.854    7.28    68.154    35.903    19.849    10.63    71.169    76.243    76.4    17.029    36.222    70.214    24.839    67.543    10.198    3.606    38.118    98.858    20.0    22.023    77.795    43.932    16.971    37.121    66.888    78.645    25.612    78.848    72.45    41.195    74.33    68.6    35.0    32.65    3.606    29.017    0         74.216    
45    54.12    34.67    42.107    51.662    83.487    74.095    81.271    5.099    80.604    35.511    38.328    85.053    83.815    39.205    4.123    37.054    85.288    38.626    5.831    91.022    60.811    83.546    76.922    37.162    44.283    84.024    86.006    6.325    61.074    84.214    38.079    53.759    34.366    92.022    5.0    61.717    34.015    32.016    55.227    41.146    98.884    73.082    86.822    74.216    0         


Demandas:
1: 0.0
2: 1.0
3: 19.0
4: 19.0
5: 22.0
6: 20.0
7: 11.0
8: 2.0
9: 5.0
10: 20.0
11: 22.0
12: 2.0
13: 2.0
14: 11.0
15: 22.0
16: 19.0
17: 3.0
18: 1.0
19: 2.0
20: 16.0
21: 2.0
22: 13.0
23: 7.0
24: 8.0
25: 16.0
26: 14.0
27: 4.0
28: 14.0
29: 7.0
30: 20.0
31: 14.0
32: 7.0
33: 9.0
34: 7.0
35: 5.0
36: 10.0
37: 13.0
38: 25.0
39: 1.0
40: 22.0
41: 9.0
42: 3.0
43: 8.0
44: 10.0
45: 19.0
+-+-+-+-+-+-+-+-+-+-+-+-+-+-+-+ SOLUCION INICIAL +-+-+-+-+-+-+-+-+-+-+-+-+-+-+-+-

Ruta #1: [1, 40, 31, 24, 18, 11, 37, 2, 29, 43, 13]
Costo asociado: 155.418      Capacidad: 98.0

Ruta #2: [1, 6, 42, 44, 23, 7, 9, 22, 5, 17, 12, 27]
Costo asociado: 114.49800000000002      Capacidad: 100.0

Ruta #3: [1, 30, 26, 20, 34, 41, 10, 14, 8]
Costo asociado: 281.571      Capacidad: 99.0

Ruta #4: [1, 38, 33, 16, 3, 45, 35, 19]
Costo asociado: 170.731      Capacidad: 98.0

Ruta #5: [1, 15, 28, 25, 4, 32, 39, 21, 36]
Costo asociado: 225.74399999999997      Capacidad: 91.0

--> Costo total: 947.962          Capacidad total: 486.0

+-+-+-+-+-+-+-+-+-+-+-+-+-+-+-+-+-+-+- Iteracion 16  +-+-+-+-+-+-+-+-+-+-+-+-+-+-+-+-+-+-+-


Ruta #1: [1, 40, 31, 24, 18, 11, 37, 2, 29, 43, 13]
Costo asociado: 155.418      Capacidad: 98.0

Ruta #2: [1, 6, 42, 44, 23, 7, 9, 22, 5, 17, 12, 27]
Costo asociado: 114.49800000000002      Capacidad: 100.0

Ruta #3: [1, 30, 26, 20, 34, 41, 10, 14, 8]
Costo asociado: 281.571      Capacidad: 99.0

Ruta #4: [1, 38, 33, 16, 3, 45, 35, 19]
Costo asociado: 170.731      Capacidad: 98.0

Ruta #5: [1, 15, 28, 25, 4, 32, 39, 21, 36]
Costo asociado: 225.74399999999997      Capacidad: 91.0

--> Costo total: 944.086          Capacidad total: 486.0

+-+-+-+-+-+-+-+-+-+-+-+-+-+-+-+-+-+-+- Iteracion 16  +-+-+-+-+-+-+-+-+-+-+-+-+-+-+-+-+-+-+-

La solución anterior duró 0min 0seg    -------> Nuevo optimo local. Costo: 944.086
Lista tabu: [((7,9,10.198),1), ((22,5,7.071),1), ((1,40,13.038),2), ((24,18,2.236),2), ((1,24,17.205),1), ((30,26,4.0),3), ((34,41,45.277),3), ((30,34,8.944),2), ((44,23,3.606),4), ((22,5,7.071),4), ((22,44,10.198),3), ((18,11,4.123),5), ((2,29,29.732),5), ((2,18,8.602),4), ((31,24,1.0),6), ((18,11,4.123),6), ((18,31,1.414),5), ((7,9,10.198),7), ((22,5,7.071),7), ((7,22,11.18),6)]

+-+-+-+-+-+-+-+-+-+-+-+-+-+-+-+-+-+-+- Iteracion 40  +-+-+-+-+-+-+-+-+-+-+-+-+-+-+-+-+-+-+-


Ruta #1: [1, 40, 31, 24, 18, 11, 37, 2, 29, 43, 13]
Costo asociado: 155.418      Capacidad: 98.0

Ruta #2: [1, 6, 42, 44, 23, 7, 9, 22, 5, 17, 12, 27]
Costo asociado: 114.49800000000002      Capacidad: 100.0

Ruta #3: [1, 30, 26, 20, 34, 41, 10, 14, 8]
Costo asociado: 281.571      Capacidad: 99.0

Ruta #4: [1, 38, 33, 16, 3, 45, 35, 19]
Costo asociado: 170.731      Capacidad: 98.0

Ruta #5: [1, 15, 28, 25, 4, 32, 39, 36, 21]
Costo asociado: 221.868      Capacidad: 91.0

--> Costo total: 943.9010000000001          Capacidad total: 486.0

+-+-+-+-+-+-+-+-+-+-+-+-+-+-+-+-+-+-+- Iteracion 40  +-+-+-+-+-+-+-+-+-+-+-+-+-+-+-+-+-+-+-

La solución anterior duró 0min 0seg    -------> Nuevo optimo local. Costo: 943.9010000000001
Lista tabu: [((40,31,3.606),1), ((11,37,7.211),1), ((42,44,3.606),2), ((5,17,2.828),2), ((5,42,17.692),1), ((9,22,3.0),3), ((5,17,2.828),3), ((5,9,8.062),2), ((22,5,7.071),4), ((12,27,2.236),4), ((12,22,13.342),3), ((5,17,2.828),5), ((12,27,2.236),5), ((5,12,6.325),4), ((4,32,2.236),6), ((39,36,6.708),6), ((4,39,3.606),5), ((42,44,3.606),7), ((7,9,10.198),7), ((7,42,8.602),6)]

+-+-+-+-+-+-+-+-+-+-+-+-+-+-+-+-+-+-+- Iteracion 61  +-+-+-+-+-+-+-+-+-+-+-+-+-+-+-+-+-+-+-


Ruta #1: [1, 40, 24, 31, 18, 11, 37, 2, 29, 43, 13]
Costo asociado: 155.233      Capacidad: 98.0

Ruta #2: [1, 6, 42, 44, 23, 7, 9, 22, 5, 17, 12, 27]
Costo asociado: 114.49800000000002      Capacidad: 100.0

Ruta #3: [1, 30, 26, 20, 34, 41, 10, 14, 8]
Costo asociado: 281.571      Capacidad: 99.0

Ruta #4: [1, 38, 33, 16, 3, 45, 35, 19]
Costo asociado: 170.731      Capacidad: 98.0

Ruta #5: [1, 15, 28, 25, 4, 32, 39, 36, 21]
Costo asociado: 221.868      Capacidad: 91.0

--> Costo total: 943.6089999999999          Capacidad total: 486.0

+-+-+-+-+-+-+-+-+-+-+-+-+-+-+-+-+-+-+- Iteracion 61  +-+-+-+-+-+-+-+-+-+-+-+-+-+-+-+-+-+-+-

La solución anterior duró 0min 0seg    -------> Nuevo optimo local. Costo: 943.6089999999999
Lista tabu: [((31,18,1.414),1), ((2,29,29.732),1), ((6,42,6.083),2), ((22,5,7.071),2), ((6,22,17.029),1), ((44,23,3.606),3), ((9,22,3.0),3), ((9,44,7.28),2), ((44,23,3.606),4), ((17,12,4.0),4), ((17,44,17.029),3), ((40,24,4.243),5), ((2,29,29.732),5), ((2,40,8.062),4), ((23,7,5.831),6), ((22,5,7.071),6), ((22,23,9.434),5), ((44,23,3.606),7), ((9,22,3.0),7), ((9,44,7.28),6)]

+-+-+-+-+-+-+-+-+-+-+-+-+-+-+-+-+-+-+- Iteracion 69  +-+-+-+-+-+-+-+-+-+-+-+-+-+-+-+-+-+-+-


Ruta #1: [1, 40, 11, 18, 31, 24, 37, 2, 29, 43, 13]
Costo asociado: 154.941      Capacidad: 98.0

Ruta #2: [1, 6, 42, 44, 23, 7, 9, 22, 5, 17, 12, 27]
Costo asociado: 114.49800000000002      Capacidad: 100.0

Ruta #3: [1, 30, 26, 20, 34, 41, 10, 14, 8]
Costo asociado: 281.571      Capacidad: 99.0

Ruta #4: [1, 38, 33, 16, 3, 45, 35, 19]
Costo asociado: 170.731      Capacidad: 98.0

Ruta #5: [1, 15, 28, 25, 4, 32, 39, 36, 21]
Costo asociado: 221.868      Capacidad: 91.0

--> Costo total: 942.559          Capacidad total: 486.0

+-+-+-+-+-+-+-+-+-+-+-+-+-+-+-+-+-+-+- Iteracion 69  +-+-+-+-+-+-+-+-+-+-+-+-+-+-+-+-+-+-+-

La solución anterior duró 0min 0seg    -------> Nuevo optimo local. Costo: 942.559
Lista tabu: [((40,24,4.243),4), ((11,37,7.211),4), ((11,40,8.0),3), ((11,18,4.123),1), ((2,29,29.732),1), ((42,44,3.606),2), ((23,7,5.831),2), ((23,42,4.0),1), ((30,26,4.0),3), ((20,34,1.0),3), ((20,30,8.062),2), ((22,5,7.071),4), ((12,27,2.236),4), ((12,22,13.342),3), ((22,5,7.071),5), ((27,1,44.944),5), ((22,27,15.524),4), ((42,44,3.606),6), ((7,9,10.198),6), ((7,42,8.602),5), ((38,33,4.472),7), ((16,3,5.099),7), ((16,38,5.099),6)]

+-+-+-+-+-+-+-+-+-+-+-+-+-+-+-+-+-+-+- Iteracion 72  +-+-+-+-+-+-+-+-+-+-+-+-+-+-+-+-+-+-+-


Ruta #1: [1, 40, 11, 18, 31, 24, 37, 2, 29, 43, 13]
Costo asociado: 154.941      Capacidad: 98.0

Ruta #2: [1, 6, 42, 44, 23, 7, 9, 22, 5, 17, 12, 27]
Costo asociado: 114.49800000000002      Capacidad: 100.0

Ruta #3: [1, 30, 26, 20, 34, 41, 10, 14, 8]
Costo asociado: 281.571      Capacidad: 99.0

Ruta #4: [1, 38, 33, 3, 16, 45, 35, 19]
Costo asociado: 169.681      Capacidad: 98.0

Ruta #5: [1, 15, 28, 25, 4, 32, 39, 36, 21]
Costo asociado: 221.868      Capacidad: 91.0

--> Costo total: 940.498          Capacidad total: 486.0

+-+-+-+-+-+-+-+-+-+-+-+-+-+-+-+-+-+-+- Iteracion 72  +-+-+-+-+-+-+-+-+-+-+-+-+-+-+-+-+-+-+-

La solución anterior duró 0min 0seg    -------> Nuevo optimo local. Costo: 940.498
Lista tabu: [((40,24,4.243),1), ((11,37,7.211),1), ((22,5,7.071),1), ((12,27,2.236),1), ((22,5,7.071),2), ((27,1,44.944),2), ((22,27,15.524),1), ((42,44,3.606),3), ((7,9,10.198),3), ((7,42,8.602),2), ((38,33,4.472),4), ((16,3,5.099),4), ((16,38,5.099),3), ((33,16,4.243),9), ((3,45,42.107),9), ((3,33,8.246),8), ((17,12,4.0),6), ((27,1,44.944),6), ((17,27,6.083),5), ((9,22,3.0),7), ((17,12,4.0),7), ((9,17,10.817),6)]

+-+-+-+-+-+-+-+-+-+-+-+-+-+-+-+-+-+-+- Iteracion 122  +-+-+-+-+-+-+-+-+-+-+-+-+-+-+-+-+-+-+-


Ruta #1: [1, 40, 11, 18, 31, 24, 37, 2, 29, 43, 13]
Costo asociado: 154.941      Capacidad: 98.0

Ruta #2: [1, 6, 42, 44, 23, 7, 9, 22, 5, 17, 12, 27]
Costo asociado: 114.49800000000002      Capacidad: 100.0

Ruta #3: [1, 30, 26, 20, 34, 41, 10, 14, 8]
Costo asociado: 281.571      Capacidad: 99.0

Ruta #4: [1, 38, 16, 3, 33, 45, 35, 19]
Costo asociado: 167.62      Capacidad: 98.0

Ruta #5: [1, 15, 28, 25, 4, 32, 39, 36, 21]
Costo asociado: 221.868      Capacidad: 91.0

--> Costo total: 901.2230000000001          Capacidad total: 486.0

+-+-+-+-+-+-+-+-+-+-+-+-+-+-+-+-+-+-+- Iteracion 122  +-+-+-+-+-+-+-+-+-+-+-+-+-+-+-+-+-+-+-

La solución anterior duró 0min 0seg    -------> Nuevo optimo local. Costo: 901.2230000000001
Lista tabu: [((11,18,4.123),1), ((24,37,3.162),1), ((5,17,2.828),2), ((27,1,44.944),2), ((5,27,8.544),1), ((40,11,8.0),3), ((24,37,3.162),3), ((24,40,4.243),2), ((42,44,3.606),4), ((7,9,10.198),4), ((7,42,8.602),3), ((26,20,7.0),5), ((34,41,45.277),5), ((26,34,8.0),4), ((42,44,3.606),6), ((5,17,2.828),6), ((5,42,17.692),5), ((4,32,2.236),7), ((36,21,5.0),7), ((4,36,10.296),6)]

+-+-+-+-+-+-+-+-+-+-+-+-+-+-+-+-+-+-+- Iteracion 125  +-+-+-+-+-+-+-+-+-+-+-+-+-+-+-+-+-+-+-


Ruta #1: [1, 40, 11, 18, 31, 24, 37, 2, 29, 43, 13]
Costo asociado: 154.941      Capacidad: 98.0

Ruta #2: [1, 6, 42, 44, 23, 7, 9, 22, 5, 17, 12, 27]
Costo asociado: 114.49800000000002      Capacidad: 100.0

Ruta #3: [1, 30, 26, 20, 34, 41, 10, 14]
Costo asociado: 230.51300000000003      Capacidad: 97.0

Ruta #4: [1, 38, 16, 3, 33, 45, 35, 19]
Costo asociado: 167.62      Capacidad: 98.0

Ruta #5: [1, 15, 8, 28, 25, 4, 32, 39, 36, 21]
Costo asociado: 233.65099999999998      Capacidad: 93.0

--> Costo total: 895.3330000000001          Capacidad total: 486.0

+-+-+-+-+-+-+-+-+-+-+-+-+-+-+-+-+-+-+- Iteracion 125  +-+-+-+-+-+-+-+-+-+-+-+-+-+-+-+-+-+-+-

La solución anterior duró 0min 0seg    -------> Nuevo optimo local. Costo: 895.3330000000001
Lista tabu: [((42,44,3.606),1), ((7,9,10.198),1), ((26,20,7.0),2), ((34,41,45.277),2), ((26,34,8.0),1), ((42,44,3.606),3), ((5,17,2.828),3), ((5,42,17.692),2), ((4,32,2.236),4), ((36,21,5.0),4), ((4,36,10.296),3), ((14,8,39.051),9), ((8,1,58.181),9), ((15,28,2.236),9), ((8,28,7.616),8), ((18,31,1.414),6), ((24,37,3.162),6), ((18,24,2.236),5), ((32,39,2.0),7), ((36,21,5.0),7), ((32,36,8.544),6)]

+-+-+-+-+-+-+-+-+-+-+-+-+-+-+-+-+-+-+- Iteracion 151  +-+-+-+-+-+-+-+-+-+-+-+-+-+-+-+-+-+-+-


Ruta #1: [1, 40, 11, 18, 31, 24, 37, 2, 29, 43, 13]
Costo asociado: 154.941      Capacidad: 98.0

Ruta #2: [1, 6, 42, 44, 23, 7, 9, 22, 5, 17, 12, 27]
Costo asociado: 114.49800000000002      Capacidad: 100.0

Ruta #3: [1, 30, 26, 20, 34, 41, 10, 14]
Costo asociado: 230.51300000000003      Capacidad: 97.0

Ruta #4: [1, 38, 16, 3, 33, 45, 35, 8, 19]
Costo asociado: 173.513      Capacidad: 100.0

Ruta #5: [1, 15, 28, 25, 4, 32, 39, 36, 21]
Costo asociado: 221.868      Capacidad: 91.0

--> Costo total: 893.662          Capacidad total: 486.0

+-+-+-+-+-+-+-+-+-+-+-+-+-+-+-+-+-+-+- Iteracion 151  +-+-+-+-+-+-+-+-+-+-+-+-+-+-+-+-+-+-+-

La solución anterior duró 0min 0seg    -------> Nuevo optimo local. Costo: 893.662
Lista tabu: [((40,11,8.0),1), ((2,29,29.732),1), ((37,2,5.385),1), ((11,18,4.123),2), ((2,29,29.732),2), ((37,2,5.385),2), ((2,11,12.042),1), ((30,26,4.0),3), ((20,34,1.0),3), ((20,30,8.062),2), ((30,26,4.0),4), ((20,34,1.0),4), ((20,30,8.062),3), ((40,11,8.0),5), ((2,29,29.732),5), ((37,2,5.385),5), ((2,40,8.062),4), ((42,44,3.606),6), ((22,5,7.071),6), ((9,22,3.0),6), ((22,42,13.0),5), ((18,31,1.414),7), ((2,29,29.732),7), ((37,2,5.385),7), ((2,18,8.602),6)]

Ruta #1: [1, 40, 11, 18, 31, 24, 37, 2, 29, 43, 13]
Costo asociado: 154.941      Capacidad: 98.0

Ruta #2: [1, 6, 42, 44, 23, 7, 9, 22, 5, 17, 12, 27]
Costo asociado: 114.49800000000002      Capacidad: 100.0

Ruta #3: [1, 30, 26, 20, 34, 41, 10, 14]
Costo asociado: 230.51300000000003      Capacidad: 97.0

Ruta #4: [1, 38, 16, 3, 33, 45, 8, 35, 19]
Costo asociado: 171.842      Capacidad: 100.0

Ruta #5: [1, 15, 28, 25, 4, 32, 39, 36, 21]
Costo asociado: 221.868      Capacidad: 91.0

--> Costo total: 941.806          Capacidad total: 486.0

+-+-+-+-+-+-+-+-+-+-+-+-+-+-+-+-+-+-+- Iteracion 530  +-+-+-+-+-+-+-+-+-+-+-+-+-+-+-+-+-+-+-


Ruta #1: [1, 40, 11, 18, 31, 24, 37, 2, 29, 43, 13]
Costo asociado: 154.941      Capacidad: 98.0

Ruta #2: [1, 6, 42, 44, 23, 7, 9, 22, 5, 17, 12, 27]
Costo asociado: 114.49800000000002      Capacidad: 100.0

Ruta #3: [1, 30, 26, 20, 34, 41, 10, 14]
Costo asociado: 230.51300000000003      Capacidad: 97.0

Ruta #4: [1, 38, 16, 3, 33, 45, 8, 35, 19]
Costo asociado: 171.842      Capacidad: 100.0

Ruta #5: [1, 15, 28, 25, 4, 32, 39, 36, 21]
Costo asociado: 221.868      Capacidad: 91.0

--> Costo total: 925.9870000000001          Capacidad total: 486.0

+-+-+-+-+-+-+-+-+-+-+-+-+-+-+-+-+-+-+- Iteracion 530  +-+-+-+-+-+-+-+-+-+-+-+-+-+-+-+-+-+-+-

Nuevo optimo. Costo: 925.9870000000001
Lista tabu: [((38,16,5.099),1), ((33,45,34.366),1), ((6,42,6.083),2), ((42,44,3.606),2), ((17,9,10.817),2), ((9,22,3.0),2), ((6,9,14.866),1), ((4,32,2.236),3), ((32,39,2.0),3), ((36,21,5.0),3), ((21,1,68.184),3), ((4,21,9.434),2), ((22,5,7.071),4), ((5,7,18.028),4), ((1,30,40.706),4), ((30,26,4.0),4), ((22,30,10.198),3), ((44,23,3.606),5), ((23,17,17.804),5), ((5,7,18.028),5), ((7,12,24.352),5), ((7,44,9.434),4), ((16,3,5.099),6), ((33,45,34.366),6), ((16,33,4.243),5), ((6,42,6.083),7), ((42,44,3.606),7), ((17,9,10.817),7), ((9,22,3.0),7), ((6,9,14.866),6)]

+-+-+-+-+-+-+-+-+-+-+-+-+-+-+-+-+-+-+- Iteracion 546  +-+-+-+-+-+-+-+-+-+-+-+-+-+-+-+-+-+-+-


Ruta #1: [1, 40, 11, 18, 31, 24, 37, 2, 29, 43, 13]
Costo asociado: 154.941      Capacidad: 98.0

Ruta #2: [1, 6, 42, 44, 23, 7, 9, 22, 5, 17, 12, 27]
Costo asociado: 114.49800000000002      Capacidad: 100.0

Ruta #3: [1, 30, 26, 20, 34, 41, 10, 14]
Costo asociado: 230.51300000000003      Capacidad: 97.0

Ruta #4: [1, 38, 16, 3, 33, 45, 8, 35, 19]
Costo asociado: 171.842      Capacidad: 100.0

Ruta #5: [1, 15, 28, 25, 4, 32, 39, 36, 21]
Costo asociado: 221.868      Capacidad: 91.0

--> Costo total: 909.481          Capacidad total: 486.0

+-+-+-+-+-+-+-+-+-+-+-+-+-+-+-+-+-+-+- Iteracion 546  +-+-+-+-+-+-+-+-+-+-+-+-+-+-+-+-+-+-+-

Nuevo optimo. Costo: 909.481
Lista tabu: [((1,40,13.038),1), ((40,11,8.0),1), ((31,24,1.0),1), ((24,37,3.162),1), ((31,24,1.0),2), ((2,29,29.732),2), ((2,31,7.211),1), ((39,36,6.708),3), ((21,1,68.184),3), ((21,39,6.325),2), ((22,9,3.0),4), ((9,7,10.198),4), ((12,27,2.236),4), ((27,1,44.944),4), ((22,27,15.524),3), ((6,42,6.083),5), ((42,44,3.606),5), ((22,9,3.0),5), ((9,7,10.198),5), ((6,9,14.866),4), ((45,8,5.099),6), ((35,19,9.0),6), ((35,45,5.0),5), ((1,40,13.038),7), ((40,11,8.0),7), ((18,31,1.414),7), ((31,24,1.0),7), ((1,31,16.401),6)]

+-+-+-+-+-+-+-+-+-+-+-+-+-+-+-+-+-+-+- Iteracion 575  +-+-+-+-+-+-+-+-+-+-+-+-+-+-+-+-+-+-+-


Ruta #1: [1, 40, 11, 18, 31, 24, 37, 2, 29, 43, 13]
Costo asociado: 154.941      Capacidad: 98.0

Ruta #2: [1, 6, 42, 44, 23, 7, 9, 22, 5, 17, 12, 27]
Costo asociado: 114.49800000000002      Capacidad: 100.0

Ruta #3: [1, 30, 26, 20, 34, 41, 10, 14]
Costo asociado: 230.51300000000003      Capacidad: 97.0

Ruta #4: [1, 38, 16, 3, 33, 45, 8, 35, 19]
Costo asociado: 171.842      Capacidad: 100.0

Ruta #5: [1, 15, 28, 25, 4, 32, 39, 36, 21]
Costo asociado: 221.868      Capacidad: 91.0

--> Costo total: 909.142          Capacidad total: 486.0

+-+-+-+-+-+-+-+-+-+-+-+-+-+-+-+-+-+-+- Iteracion 575  +-+-+-+-+-+-+-+-+-+-+-+-+-+-+-+-+-+-+-

Nuevo optimo. Costo: 909.142
Lista tabu: [((40,11,8.0),1), ((11,18,4.123),1), ((31,24,1.0),1), ((24,37,3.162),1), ((42,44,3.606),2), ((44,23,3.606),2), ((7,5,18.028),2), ((5,22,7.071),2), ((5,42,17.692),1), ((42,44,3.606),3), ((23,7,5.831),3), ((23,42,4.0),2), ((31,24,1.0),4), ((37,2,5.385),4), ((31,37,4.123),3), ((22,9,3.0),5), ((9,17,10.817),5), ((12,27,2.236),5), ((27,1,44.944),5), ((22,27,15.524),4), ((23,7,5.831),6), ((7,5,18.028),6), ((9,17,10.817),6), ((17,12,4.0),6), ((17,23,17.804),5), ((24,37,3.162),7), ((2,29,29.732),7), ((2,24,6.403),6)]

+-+-+-+-+-+-+-+-+-+-+-+-+-+-+-+-+-+-+- Iteracion 584  +-+-+-+-+-+-+-+-+-+-+-+-+-+-+-+-+-+-+-


Ruta #1: [1, 40, 11, 18, 31, 24, 37, 2, 29, 43, 13]
Costo asociado: 154.941      Capacidad: 98.0

Ruta #2: [1, 6, 42, 44, 23, 7, 9, 22, 5, 17, 12, 27]
Costo asociado: 114.49800000000002      Capacidad: 100.0

Ruta #3: [1, 30, 26, 20, 34, 41, 10, 14]
Costo asociado: 230.51300000000003      Capacidad: 97.0

Ruta #4: [1, 38, 16, 3, 33, 45, 8, 35, 19]
Costo asociado: 171.842      Capacidad: 100.0

Ruta #5: [1, 15, 28, 25, 4, 32, 39, 36, 21]
Costo asociado: 221.868      Capacidad: 91.0

--> Costo total: 905.383          Capacidad total: 486.0

+-+-+-+-+-+-+-+-+-+-+-+-+-+-+-+-+-+-+- Iteracion 584  +-+-+-+-+-+-+-+-+-+-+-+-+-+-+-+-+-+-+-

Nuevo optimo. Costo: 905.383
Lista tabu: [((5,22,7.071),3), ((9,17,10.817),3), ((5,9,8.062),2), ((42,44,3.606),1), ((23,7,5.831),1), ((40,11,8.0),2), ((11,18,4.123),2), ((37,2,5.385),2), ((2,29,29.732),2), ((2,40,8.062),1), ((23,7,5.831),3), ((5,9,8.062),3), ((5,23,15.0),2), ((18,31,1.414),4), ((37,2,5.385),4), ((18,37,5.0),3), ((40,11,8.0),5), ((31,24,1.0),5), ((31,40,3.606),4), ((42,44,3.606),6), ((44,23,3.606),6), ((5,9,8.062),6), ((9,22,3.0),6), ((9,42,10.296),5), ((16,3,5.099),7), ((33,45,34.366),7), ((16,33,4.243),6)]

+-+-+-+-+-+-+-+-+-+-+-+-+-+-+-+-+-+-+- Iteracion 738  +-+-+-+-+-+-+-+-+-+-+-+-+-+-+-+-+-+-+-


Ruta #1: [1, 40, 11, 18, 31, 24, 37, 2, 29, 43, 13]
Costo asociado: 154.941      Capacidad: 98.0

Ruta #2: [1, 6, 42, 44, 23, 7, 9, 22, 5, 17, 12, 27]
Costo asociado: 114.49800000000002      Capacidad: 100.0

Ruta #3: [1, 30, 26, 20, 34, 41, 10, 14]
Costo asociado: 230.51300000000003      Capacidad: 97.0

Ruta #4: [1, 38, 16, 3, 33, 45, 8, 35, 19]
Costo asociado: 171.842      Capacidad: 100.0

Ruta #5: [1, 15, 28, 25, 4, 32, 39, 36, 21]
Costo asociado: 221.868      Capacidad: 91.0

--> Costo total: 893.662          Capacidad total: 486.0

+-+-+-+-+-+-+-+-+-+-+-+-+-+-+-+-+-+-+- Iteracion 738  +-+-+-+-+-+-+-+-+-+-+-+-+-+-+-+-+-+-+-

Nuevo optimo. Costo: 893.662
Lista tabu: [((4,32,2.236),1), ((39,36,6.708),1), ((23,7,5.831),2), ((17,12,4.0),2), ((22,17,9.487),2), ((17,23,17.804),1), ((35,19,9.0),3), ((19,1,51.313),3), ((15,28,2.236),3), ((19,28,7.616),2), ((18,31,1.414),4), ((24,37,3.162),4), ((18,24,2.236),3), ((44,23,3.606),5), ((7,9,10.198),5), ((7,44,9.434),4), ((44,23,3.606),6), ((9,5,8.062),6), ((9,44,7.28),5), ((44,23,3.606),7), ((7,9,10.198),7), ((7,44,9.434),6)]

Ruta #1: [1, 40, 11, 18, 31, 24, 37, 2, 29, 43, 13]
Costo asociado: 154.941      Capacidad: 98.0

Ruta #2: [1, 6, 42, 44, 23, 7, 9, 22, 5, 17, 12, 27]
Costo asociado: 114.49800000000002      Capacidad: 100.0

Ruta #3: [1, 30, 26, 20, 34, 41, 10, 14]
Costo asociado: 230.51300000000003      Capacidad: 97.0

Ruta #4: [1, 38, 16, 3, 33, 45, 8, 35, 19]
Costo asociado: 171.842      Capacidad: 100.0

Ruta #5: [1, 15, 28, 25, 4, 32, 39, 36, 21]
Costo asociado: 221.868      Capacidad: 91.0

--> Costo total: 956.6190000000001          Capacidad total: 486.0

+-+-+-+-+-+-+-+-+-+-+-+-+-+-+-+-+-+-+- Iteracion 926  +-+-+-+-+-+-+-+-+-+-+-+-+-+-+-+-+-+-+-


Ruta #1: [1, 40, 11, 18, 31, 24, 37, 2, 29, 43, 13]
Costo asociado: 154.941      Capacidad: 98.0

Ruta #2: [1, 6, 42, 44, 23, 7, 9, 22, 5, 17, 12, 27]
Costo asociado: 114.49800000000002      Capacidad: 100.0

Ruta #3: [1, 30, 26, 20, 34, 41, 10, 14]
Costo asociado: 230.51300000000003      Capacidad: 97.0

Ruta #4: [1, 38, 16, 3, 33, 45, 8, 35, 19]
Costo asociado: 171.842      Capacidad: 100.0

Ruta #5: [1, 15, 28, 25, 4, 32, 39, 36, 21]
Costo asociado: 221.868      Capacidad: 91.0

--> Costo total: 955.7620000000001          Capacidad total: 486.0

+-+-+-+-+-+-+-+-+-+-+-+-+-+-+-+-+-+-+- Iteracion 926  +-+-+-+-+-+-+-+-+-+-+-+-+-+-+-+-+-+-+-

Nuevo optimo. Costo: 955.7620000000001
