+-+-+-+-+-+-+-+-+-+-+-+-+-+-+ GRAFO CARGADO +-+-+-+-+-+-+-+-+-+-+-+-+-+-+-
        1         2         3         4         5         6         7         8         9         10        11        12        13        14        15        16        17        18        19        20        21        22        23        24        25        26        27        28        29        30        31        32        33        34        35        36        37        38        39        40        41        42        43        44        45        46        47        48
1     0         48.083    58.31    77.795    87.316    44.181    47.413    48.374    82.098    70.88    58.0    97.015    36.222    88.566    11.662    80.623    36.878    16.125    12.806    63.812    94.085    78.892    48.166    26.683    81.707    72.801    90.0    70.257    56.356    74.243    81.633    36.222    37.736    72.25    60.166    18.868    44.272    62.769    60.465    88.0    38.053    36.056    88.769    34.525    14.142    54.332    92.65    38.21    
2     48.083    0         97.324    63.906    101.98    10.198    8.944    52.498    84.404    85.276    91.761    106.301    20.591    106.827    56.569    86.556    71.386    60.299    38.21    41.761    90.355    101.548    20.591    21.541    98.082    44.045    88.837    76.42    80.498    95.415    104.307    14.142    31.623    102.157    76.026    36.056    42.521    49.193    37.947    87.132    50.12    82.873    99.035    14.422    36.222    65.605    115.378    74.967    
3     58.31    97.324    0         86.093    55.714    97.529    92.347    58.822    69.426    48.415    12.806    69.08    92.477    51.42    46.648    64.031    26.077    42.19    61.351    87.361    83.738    39.294    86.023    79.699    50.16    98.082    78.102    59.464    31.241    39.395    40.792    89.844    70.029    24.083    44.045    61.612    65.115    79.12    86.348    76.577    52.612    31.305    62.61    87.361    63.246    50.12    48.0    22.361    
4     77.795    63.906    86.093    0         54.589    72.801    55.027    31.623    29.12    44.407    74.243    52.0    78.918    62.29    76.026    34.525    66.483    76.158    65.97    22.361    28.284    64.281    43.681    68.029    54.037    25.612    28.844    30.265    55.462    58.549    66.121    71.021    42.19    74.726    43.081    59.666    33.526    16.0    26.0    27.785    42.19    93.723    47.539    68.731    65.513    36.056    74.108    70.767    
5     87.316    101.98    55.714    54.589    0         107.517    93.723    49.518    26.0    17.205    43.681    13.416    108.407    8.246    78.588    20.1    54.332    75.71    81.413    69.857    36.056    17.205    82.801    94.403    6.0    77.795    31.048    26.833    32.249    16.492    16.971    102.176    70.711    33.287    27.785    77.175    59.464    59.093    71.554    30.594    54.406    80.225    8.944    99.358    82.365    36.878    20.396    56.036    
6     44.181    10.198    97.529    72.801    107.517    0         18.111    58.138    91.586    90.51    93.231    112.801    11.314    111.803    54.037    93.231    72.111    58.138    36.497    50.99    98.489    105.603    29.12    18.111    103.247    54.0    96.602    82.801    83.762    99.639    108.407    8.0    36.878    104.709    80.722    36.056    48.415    57.585    47.074    94.826    54.037    80.025    105.262    10.198    34.525    70.711    119.633    75.286    
7     47.413    8.944    92.347    55.027    93.723    18.111    0         44.407    75.604    77.201    85.907    97.673    26.683    98.813    54.406    77.897    66.272    57.723    36.056    32.985    81.413    94.021    11.662    22.627    90.0    36.056    79.925    67.882    73.539    87.818    96.747    18.974    24.166    95.52    68.264    32.558    34.409    40.249    29.12    78.23    43.081    80.523    90.51    17.889    34.176    57.689    107.703    70.114    
8     48.374    52.498    58.822    31.623    49.518    58.138    44.407    0         35.44    32.802    48.662    54.918    60.033    54.406    44.944    35.777    36.056    44.721    38.053    28.636    46.043    50.16    34.0    46.519    45.607    39.294    42.426    25.06    32.062    43.863    52.802    53.254    21.26    54.332    24.166    32.249    10.0    20.591    28.071    40.447    10.77    62.29    47.202    50.478    38.21    13.416    63.53    40.497    
9     82.098    84.404    69.426    29.12    26.0    91.586    75.604    35.44    0         21.26    56.639    23.324    94.847    34.059    76.236    6.325    57.585    74.673    72.993    47.202    14.422    38.626    64.031    81.707    26.683    53.666    8.944    12.166    38.833    34.0    39.85    87.658    55.462    52.154    26.833    67.469    43.863    36.878    49.679    7.211    44.407    86.163    18.439    84.971    73.348    28.071    46.174    60.926    
10    70.88    85.276    48.415    44.407    17.205    90.51    77.201    32.802    21.26    0         35.609    26.306    91.214    21.633    62.801    15.62    40.2    60.299    64.405    55.785    35.384    20.0    66.573    77.201    12.806    64.777    29.732    14.142    18.974    14.142    22.091    85.041    53.814    31.305    10.77    60.033    42.802    45.122    56.921    28.284    37.202    67.912    18.111    82.219    65.299    19.799    31.623    42.755    
11    58.0    91.761    12.806    74.243    43.681    93.231    85.907    48.662    56.639    35.609    0         56.921    89.554    40.2    46.69    51.225    21.633    42.521    58.31    77.279    70.937    28.071    78.409    76.026    37.947    87.864    65.299    46.861    18.868    27.203    30.0    85.907    62.514    15.232    31.623    57.271    56.036    68.411    76.655    63.781    44.045    38.471    50.16    83.259    60.033    38.626    38.833    19.799    
12    97.015    106.301    69.08    52.0    13.416    112.801    97.673    54.918    23.324    26.306    56.921    0         114.909    19.799    89.107    19.799    66.0    86.579    89.889    70.456    28.0    30.529    86.279    101.213    18.974    76.942    24.331    30.0    44.045    29.732    30.0    108.167    76.026    46.648    36.878    85.088    64.405    60.0    72.801    24.739    61.741    92.779    8.246    105.394    90.62    43.863    30.529    68.118    
13    36.222    20.591    92.477    78.918    108.407    11.314    26.683    60.033    94.847    91.214    89.554    114.909    0         111.946    47.074    95.771    68.0    51.42    31.305    58.034    103.092    104.69    36.0    14.142    103.711    62.514    100.658    85.088    82.219    98.995    107.517    8.0    39.395    102.078    80.92    32.802    50.99    63.151    54.037    98.793    54.037    72.25    107.07    10.198    29.53    71.61    118.828    70.682    
14    88.566    106.827    51.42    62.29    8.246    111.803    98.813    54.406    34.059    21.633    40.2    19.799    111.946    0         79.12    28.0    53.852    75.895    83.762    76.551    44.272    12.166    88.204    97.837    8.944    84.9    39.294    33.526    32.311    14.56    10.77    106.075    75.286    27.857    31.113    80.0    64.405    65.788    78.0    38.833    58.0    78.026    17.088    103.247    84.876    41.231    12.166    54.918    
15    11.662    56.569    46.648    76.026    78.588    54.037    54.406    44.944    76.236    62.801    46.69    89.107    47.074    79.12    0         74.0    26.077    4.472    18.439    65.115    89.107    68.877    52.839    36.0    72.801    74.967    84.593    64.125    46.819    64.622    71.554    46.043    39.699    61.221    52.345    22.361    43.267    62.129    62.225    82.608    34.176    26.306    80.895    44.0    20.396    48.166    82.365    26.907    
16    80.623    86.556    64.031    34.525    20.1    93.231    77.897    35.777    6.325    15.62    51.225    19.799    95.771    28.0    74.0    0         53.852    72.111    72.277    51.108    19.799    32.311    66.483    82.292    20.396    58.31    14.142    10.77    34.0    27.785    33.526    88.837    56.604    46.043    22.804    67.052    44.944    40.497    53.254    12.806    43.681    82.219    13.416    86.093    72.801    26.306    40.05    56.921    
17    36.878    71.386    26.077    66.483    54.332    72.111    66.272    36.056    57.585    40.2    21.633    66.0    68.0    53.852    26.077    53.852    0         22.361    36.715    63.561    71.694    43.081    60.133    54.626    48.374    74.324    66.483    45.695    22.091    39.294    45.695    64.622    44.181    35.384    31.048    36.056    40.497    56.604    62.032    64.622    27.857    28.636    58.034    62.032    38.471    31.623    56.356    4.472    
18    16.125    60.299    42.19    76.158    75.71    58.138    57.723    44.721    74.673    60.299    42.521    86.579    51.42    75.895    4.472    72.111    22.361    0         22.091    66.483    87.864    65.391    55.462    40.05    69.857    76.577    83.187    62.514    43.681    61.351    68.029    50.16    41.617    57.201    50.04    25.298    44.045    62.801    63.781    81.216    34.0    22.804    78.409    48.042    24.083    46.69    78.715    22.804    
19    12.806    38.21    61.351    65.97    81.413    36.497    36.056    38.053    72.993    64.405    58.31    89.889    31.305    83.762    18.439    72.277    36.715    22.091    0         51.108    84.095    75.286    35.609    18.439    76.158    60.0    80.399    61.612    52.498    70.0    78.102    28.636    25.06    71.218    53.666    6.325    32.558    50.596    47.707    78.409    28.636    44.721    81.707    26.306    2.0    46.174    89.376    39.395    
20    63.812    41.761    87.361    22.361    69.857    50.99    32.985    28.636    47.202    55.785    77.279    70.456    58.034    76.551    65.115    51.108    63.561    66.483    51.108    0         50.0    75.313    22.091    48.662    67.676    10.77    49.518    43.081    60.133    69.051    77.666    50.04    26.077    82.0    50.16    44.944    23.324    10.77    4.0    48.083    35.777    87.201    64.498    48.0    50.12    40.0    87.361    68.029    
21    94.085    90.355    83.738    28.284    36.056    98.489    81.413    46.043    14.422    35.384    70.937    28.0    103.092    44.272    89.107    19.799    71.694    87.864    84.095    50.0    0         51.108    69.771    90.708    38.471    53.814    5.657    26.0    53.254    47.202    51.884    95.52    64.031    65.605    41.183    78.23    52.953    41.183    53.254    7.211    56.036    100.319    27.203    92.973    84.214    41.231    56.321    75.153    
22    78.892    101.548    39.294    64.281    17.205    105.603    94.021    50.16    38.626    20.0    28.071    30.529    104.69    12.166    68.877    32.311    43.081    65.391    75.286    75.313    51.108    0         84.095    90.554    12.806    84.593    45.651    34.059    22.804    6.325    2.828    99.358    69.971    16.125    26.0    72.139    59.933    64.777    76.158    44.721    51.614    66.121    25.456    96.54    76.577    36.77    14.142    43.681    
23    48.166    20.591    86.023    43.681    82.801    29.12    11.662    34.0    64.031    66.573    78.409    86.279    36.0    88.204    52.839    66.483    60.133    55.462    35.609    22.091    69.771    84.095    0         27.857    79.322    27.203    68.264    56.639    64.56    77.82    86.764    28.0    16.0    86.833    58.138    30.529    24.166    28.636    18.111    66.573    34.525    78.0    79.246    26.077    34.059    47.413    97.529    64.281    
24    26.683    21.541    79.699    68.029    94.403    18.111    22.627    46.519    81.707    77.201    76.026    101.213    14.142    97.837    36.0    82.292    54.626    40.05    18.439    48.662    90.708    90.554    27.857    0         89.644    55.027    87.932    71.554    68.118    84.853    93.381    10.198    26.683    88.204    66.843    18.868    37.947    52.038    44.721    86.023    40.0    62.129    93.295    8.0    16.492    57.689    104.69    57.585    
25    81.707    98.082    50.16    54.037    6.0    103.247    90.0    45.607    26.683    12.806    37.947    18.974    103.711    8.944    72.801    20.396    48.374    69.857    76.158    67.676    38.471    12.806    79.322    89.644    0         76.158    33.106    24.739    26.306    10.77    13.416    97.673    66.603    28.425    22.804    72.111    55.606    56.921    69.08    32.311    49.679    74.243    12.806    94.847    77.175    32.558    20.1    50.04    
26    72.801    44.045    98.082    25.612    77.795    54.0    36.056    39.294    53.666    64.777    87.864    76.942    62.514    84.9    74.967    58.31    74.324    76.577    60.0    10.77    53.814    84.593    27.203    55.027    76.158    0         54.406    51.42    70.456    78.409    86.833    54.589    35.384    92.087    60.0    54.037    34.0    20.0    12.806    53.254    46.519    97.652    71.694    52.953    58.822    50.16    96.104    78.791    
27    90.0    88.837    78.102    28.844    31.048    96.602    79.925    42.426    8.944    29.732    65.299    24.331    100.658    39.294    84.593    14.142    66.483    83.187    80.399    49.518    5.657    45.651    68.264    87.932    33.106    54.406    0         20.881    47.707    41.617    46.519    93.231    61.351    60.0    35.777    74.673    50.0    40.0    52.498    2.0    52.038    95.079    22.361    90.62    80.623    36.497    51.42    69.857    
28    70.257    76.42    59.464    30.265    26.833    82.801    67.882    25.06    12.166    14.142    46.861    30.0    85.088    33.526    64.125    10.77    45.695    62.514    61.612    43.081    26.0    34.059    56.639    71.554    24.739    51.42    20.881    0         28.284    28.284    36.0    78.23    46.043    44.944    15.62    56.321    34.409    32.311    44.721    18.974    32.985    74.324    22.627    75.472    62.097    16.0    44.721    49.193    
29    56.356    80.498    31.241    55.462    32.249    83.762    73.539    32.062    38.833    18.974    18.868    44.045    82.219    32.311    46.819    34.0    22.091    43.681    52.498    60.133    53.254    22.804    64.56    68.118    26.306    70.456    47.707    28.284    0         17.889    25.612    77.201    49.396    22.361    12.806    49.518    40.792    50.636    60.0    46.043    30.463    49.031    36.222    74.404    53.814    20.396    36.878    24.083    
30    74.243    95.415    39.395    58.549    16.492    99.639    87.818    43.863    34.0    14.142    27.203    29.732    98.995    14.56    64.622    27.785    39.294    61.351    70.0    69.051    47.202    6.325    77.82    84.853    10.77    78.409    41.617    28.284    17.889    0         8.944    93.509    63.812    18.439    19.698    66.603    53.666    58.549    69.857    40.497    45.607    64.031    23.324    90.686    71.218    30.463    20.0    40.447    
31    81.633    104.307    40.792    66.121    16.971    108.407    96.747    52.802    39.85    22.091    30.0    30.0    107.517    10.77    71.554    33.526    45.695    68.029    78.102    77.666    51.884    2.828    86.764    93.381    13.416    86.833    46.519    36.0    25.612    8.944    0         102.176    72.719    17.088    28.636    74.967    62.61    67.082    78.588    45.695    54.406    68.264    25.612    99.358    79.398    39.395    11.314    46.174    
32    36.222    14.142    89.844    71.021    102.176    8.0    18.974    53.254    87.658    85.041    85.907    108.167    8.0    106.075    46.043    88.837    64.622    50.16    28.636    50.04    95.52    99.358    28.0    10.198    97.673    54.589    93.231    78.23    77.201    93.509    102.176    0         32.249    97.755    74.967    28.636    43.909    55.317    46.043    91.389    48.083    72.028    100.439    2.828    26.683    65.299    113.455    67.676    
33    37.736    31.623    70.029    42.19    70.711    36.878    24.166    21.26    55.462    53.814    62.514    76.026    39.395    75.286    39.699    56.604    44.181    41.617    25.06    26.077    64.031    69.971    16.0    26.683    66.603    35.384    61.351    46.043    49.396    63.812    72.719    32.249    0         71.47    44.407    18.868    11.662    26.306    22.804    59.464    18.974    63.53    68.411    29.53    24.166    34.059    83.762    48.374    
34    72.25    102.157    24.083    74.726    33.287    104.709    95.52    54.332    52.154    31.305    15.232    46.648    102.078    27.857    61.221    46.043    35.384    57.201    71.218    82.0    65.605    16.125    86.833    88.204    28.425    92.087    60.0    44.944    22.361    18.439    17.088    97.755    71.47    0         32.249    69.34    63.151    72.111    82.098    58.822    52.498    53.367    41.231    95.016    72.801    42.0    24.083    34.409    
35    60.166    76.026    44.045    43.081    27.785    80.722    68.264    24.166    26.833    10.77    31.623    36.878    80.92    31.113    52.345    22.804    31.048    50.04    53.666    50.16    41.183    26.0    58.138    66.843    22.804    60.0    35.777    15.62    12.806    19.698    28.636    74.967    44.407    32.249    0         49.396    34.0    40.0    50.636    34.0    26.907    59.464    28.636    72.139    54.589    10.77    39.446    34.176    
36    18.868    36.056    61.612    59.666    77.175    36.056    32.558    32.249    67.469    60.033    57.271    85.088    32.802    80.0    22.361    67.052    36.056    25.298    6.325    44.944    78.23    72.139    30.529    18.868    72.111    54.037    74.673    56.321    49.518    66.603    74.967    28.636    18.868    69.34    49.396    0         26.306    44.272    41.617    72.691    23.409    48.083    76.968    26.0    6.0    41.231    86.279    39.294    
37    44.272    42.521    65.115    33.526    59.464    48.415    34.409    10.0    43.863    42.802    56.036    64.405    50.99    64.405    43.267    44.944    40.497    44.045    32.558    23.324    52.953    59.933    24.166    37.947    55.606    34.0    50.0    34.409    40.792    53.666    62.61    43.909    11.662    63.151    34.0    26.306    0         18.868    21.541    48.083    12.649    64.031    56.851    41.183    32.249    23.324    73.43    44.944    
38    62.769    49.193    79.12    16.0    59.093    57.585    40.249    20.591    36.878    45.122    68.411    60.0    63.151    65.788    62.129    40.497    56.604    62.801    50.596    10.77    41.183    64.777    28.636    52.038    56.921    20.0    40.0    32.311    50.636    58.549    67.082    55.317    26.306    72.111    40.0    44.272    18.868    0         12.806    38.419    29.732    82.073    53.852    52.953    50.0    30.265    76.655    61.057    
39    60.465    37.947    86.348    26.0    71.554    47.074    29.12    28.071    49.679    56.921    76.655    72.801    54.037    78.0    62.225    53.254    62.032    63.781    47.707    4.0    53.254    76.158    18.111    44.721    69.08    12.806    52.498    44.721    60.0    69.857    78.588    46.043    22.804    82.098    50.636    41.617    21.541    12.806    0         50.99    34.176    84.876    66.573    44.0    46.648    40.2    88.544    66.483    
40    88.0    87.132    76.577    27.785    30.594    94.826    78.23    40.447    7.211    28.284    63.781    24.739    98.793    38.833    82.608    12.806    64.622    81.216    78.409    48.083    7.211    44.721    66.573    86.023    32.311    53.254    2.0    18.974    46.043    40.497    45.695    91.389    59.464    58.822    34.0    72.691    48.083    38.419    50.99    0         50.04    93.231    22.091    88.769    78.638    34.525    50.99    68.029    
41    38.053    50.12    52.612    42.19    54.406    54.037    43.081    10.77    44.407    37.202    44.045    61.741    54.037    58.0    34.176    43.681    27.857    34.0    28.636    35.777    56.036    51.614    34.525    40.0    49.679    46.519    52.038    32.985    30.463    45.607    54.406    48.083    18.974    52.498    26.907    23.409    12.649    29.732    34.176    50.04    0         52.345    53.666    45.255    29.12    17.889    65.605    32.311    
42    36.056    82.873    31.305    93.723    80.225    80.025    80.523    62.29    86.163    67.912    38.471    92.779    72.25    78.026    26.306    82.219    28.636    22.804    44.721    87.201    100.319    66.121    78.0    62.129    74.243    97.652    95.079    74.324    49.031    64.031    68.264    72.028    63.53    53.367    59.464    48.083    64.031    82.073    84.876    93.231    52.345    0         85.159    70.114    46.69    60.033    77.279    25.298    
43    88.769    99.035    62.61    47.539    8.944    105.262    90.51    47.202    18.439    18.111    50.16    8.246    107.07    17.088    80.895    13.416    58.034    78.409    81.707    64.498    27.203    25.456    79.246    93.295    12.806    71.694    22.361    22.627    36.222    23.324    25.612    100.439    68.411    41.231    28.636    76.968    56.851    53.852    66.573    22.091    53.666    85.159    0         97.652    82.462    35.777    29.12    60.299    
44    34.525    14.422    87.361    68.731    99.358    10.198    17.889    50.478    84.971    82.219    83.259    105.394    10.198    103.247    44.0    86.093    62.032    48.042    26.306    48.0    92.973    96.54    26.077    8.0    94.847    52.953    90.62    75.472    74.404    90.686    99.358    2.828    29.53    95.016    72.139    26.0    41.183    52.953    44.0    88.769    45.255    70.114    97.652    0         24.331    62.482    110.635    65.146    
45    14.142    36.222    63.246    65.513    82.365    34.525    34.176    38.21    73.348    65.299    60.033    90.62    29.53    84.876    20.396    72.801    38.471    24.083    2.0    50.12    84.214    76.577    34.059    16.492    77.175    58.822    80.623    62.097    53.814    71.218    79.398    26.683    24.166    72.801    54.589    6.0    32.249    50.0    46.648    78.638    29.12    46.69    82.462    24.331    0         46.819    90.686    41.231    
46    54.332    65.605    50.12    36.056    36.878    70.711    57.689    13.416    28.071    19.799    38.626    43.863    71.61    41.231    48.166    26.306    31.623    46.69    46.174    40.0    41.231    36.77    47.413    57.689    32.558    50.16    36.497    16.0    20.396    30.463    39.395    65.299    34.059    42.0    10.77    41.231    23.324    30.265    40.2    34.525    17.889    60.033    35.777    62.482    46.819    0         50.12    35.609    
47    92.65    115.378    48.0    74.108    20.396    119.633    107.703    63.53    46.174    31.623    38.833    30.529    118.828    12.166    82.365    40.05    56.356    78.715    89.376    87.361    56.321    14.142    97.529    104.69    20.1    96.104    51.42    44.721    36.878    20.0    11.314    113.455    83.762    24.083    39.446    86.279    73.43    76.655    88.544    50.99    65.605    77.279    29.12    110.635    90.686    50.12    0         56.462    
48    38.21    74.967    22.361    70.767    56.036    75.286    70.114    40.497    60.926    42.755    19.799    68.118    70.682    54.918    26.907    56.921    4.472    22.804    39.395    68.029    75.153    43.681    64.281    57.585    50.04    78.791    69.857    49.193    24.083    40.447    46.174    67.676    48.374    34.409    34.176    39.294    44.944    61.057    66.483    68.029    32.311    25.298    60.299    65.146    41.231    35.609    56.462    0         


Demandas:
1: 0.0
2: 20.0
3: 14.0
4: 5.0
5: 11.0
6: 22.0
7: 25.0
8: 2.0
9: 18.0
10: 10.0
11: 26.0
12: 14.0
13: 22.0
14: 9.0
15: 11.0
16: 18.0
17: 24.0
18: 15.0
19: 23.0
20: 16.0
21: 14.0
22: 8.0
23: 5.0
24: 12.0
25: 8.0
26: 16.0
27: 12.0
28: 15.0
29: 9.0
30: 2.0
31: 10.0
32: 2.0
33: 3.0
34: 20.0
35: 3.0
36: 13.0
37: 25.0
38: 23.0
39: 8.0
40: 16.0
41: 9.0
42: 14.0
43: 4.0
44: 13.0
45: 7.0
46: 16.0
47: 18.0
48: 16.0
+-+-+-+-+-+-+-+-+-+-+-+-+-+-+-+ SOLUCION INICIAL +-+-+-+-+-+-+-+-+-+-+-+-+-+-+-+-

Ruta #1: [1, 15, 18, 19, 45, 36, 24, 44]
Costo asociado: 107.618      Capacidad: 94.0

Ruta #2: [1, 42, 48, 17, 11, 3]
Costo asociado: 158.575      Capacidad: 94.0

Ruta #3: [1, 13, 32, 6, 2, 7]
Costo asociado: 118.777      Capacidad: 91.0

Ruta #4: [1, 33, 37, 8, 41, 46, 35, 10, 25, 5, 14]
Costo asociado: 225.21499999999997      Capacidad: 96.0

Ruta #5: [1, 23, 39, 20, 26, 38, 4, 40, 43]
Costo asociado: 255.692      Capacidad: 93.0

Ruta #6: [1, 29, 30, 22, 31, 47, 34, 28, 16]
Costo asociado: 255.13200000000006      Capacidad: 100.0

Ruta #7: [1, 9, 27, 21, 12]
Costo asociado: 221.714      Capacidad: 58.0
--> Costo total: 1342.723          Capacidad total: 626.0

Ruta #1: [1, 15, 18, 19, 45, 36, 24, 44]
Costo asociado: 107.618      Capacidad: 94.0

Ruta #2: [1, 42, 48, 17, 11, 3]
Costo asociado: 158.575      Capacidad: 94.0

Ruta #3: [1, 13, 32, 6, 2, 7]
Costo asociado: 118.777      Capacidad: 91.0

Ruta #4: [1, 33, 37, 8, 41, 46, 35, 10, 25, 5, 14]
Costo asociado: 225.21499999999997      Capacidad: 96.0

Ruta #5: [1, 23, 39, 20, 26, 38, 4, 40, 43]
Costo asociado: 255.692      Capacidad: 93.0

Ruta #6: [1, 29, 30, 22, 31, 47, 34, 28, 16]
Costo asociado: 255.13200000000006      Capacidad: 100.0

Ruta #7: [1, 9, 27, 21, 12]
Costo asociado: 221.714      Capacidad: 58.0
--> Costo total: 1324.9940000000001          Capacidad total: 626.0

+-+-+-+-+-+-+-+-+-+-+-+-+-+-+-+-+-+-+- Iteracion 20  +-+-+-+-+-+-+-+-+-+-+-+-+-+-+-+-+-+-+-
Lista tabu: [((33,37,11.662),1), ((23,39,18.111),1), ((23,39,18.111),2), ((33,37,11.662),2), ((23,37,24.166),1), ((6,2,10.198),3), ((7,1,47.413),3), ((6,7,18.111),2), ((8,41,10.77),4), ((46,35,10.77),4), ((8,46,13.416),3), ((20,26,10.77),5), ((38,4,16.0),5), ((38,20,10.77),4), ((30,22,6.325),6), ((31,47,11.314),6), ((31,30,8.944),5), ((22,31,2.828),7), ((34,28,44.944),7), ((34,22,16.125),6)]

+-+-+-+-+-+-+-+-+-+-+-+-+-+-+-+-+-+-+- Iteracion 20  +-+-+-+-+-+-+-+-+-+-+-+-+-+-+-+-+-+-+-
Lista tabu: [((33,37,11.662),1), ((23,39,18.111),1), ((23,39,18.111),2), ((33,37,11.662),2), ((23,37,24.166),1), ((6,2,10.198),3), ((7,1,47.413),3), ((6,7,18.111),2), ((8,41,10.77),4), ((46,35,10.77),4), ((8,46,13.416),3), ((20,26,10.77),5), ((38,4,16.0),5), ((38,20,10.77),4), ((30,22,6.325),6), ((31,47,11.314),6), ((31,30,8.944),5), ((22,31,2.828),7), ((34,28,44.944),7), ((34,22,16.125),6)]
La solución anterior duró 0min 3seg    -------> Nuevo optimo local. Costo: 1324.9940000000001

Ruta #1: [1, 15, 18, 19, 45, 36, 24, 44]
Costo asociado: 107.618      Capacidad: 94.0

Ruta #2: [1, 42, 48, 17, 11, 3]
Costo asociado: 158.575      Capacidad: 94.0

Ruta #3: [1, 13, 32, 6, 2, 7]
Costo asociado: 118.777      Capacidad: 91.0

Ruta #4: [1, 33, 37, 8, 41, 46, 35, 10, 25, 5, 14]
Costo asociado: 225.21499999999997      Capacidad: 96.0

Ruta #5: [1, 23, 39, 20, 26, 38, 4, 40, 43]
Costo asociado: 255.692      Capacidad: 93.0

Ruta #6: [1, 29, 30, 22, 31, 47, 34, 28]
Costo asociado: 233.99600000000004      Capacidad: 82.0

Ruta #7: [1, 9, 27, 21, 12, 16]
Costo asociado: 225.12099999999998      Capacidad: 76.0
--> Costo total: 1319.4249999999997          Capacidad total: 626.0

+-+-+-+-+-+-+-+-+-+-+-+-+-+-+-+-+-+-+- Iteracion 21  +-+-+-+-+-+-+-+-+-+-+-+-+-+-+-+-+-+-+-
Lista tabu: [((23,39,18.111),1), ((33,37,11.662),1), ((6,2,10.198),2), ((7,1,47.413),2), ((6,7,18.111),1), ((8,41,10.77),3), ((46,35,10.77),3), ((8,46,13.416),2), ((20,26,10.77),4), ((38,4,16.0),4), ((38,20,10.77),3), ((30,22,6.325),5), ((31,47,11.314),5), ((31,30,8.944),4), ((22,31,2.828),6), ((34,28,44.944),6), ((34,22,16.125),5), ((12,1,97.015),11), ((28,16,10.77),11), ((12,16,19.799),10)]

+-+-+-+-+-+-+-+-+-+-+-+-+-+-+-+-+-+-+- Iteracion 21  +-+-+-+-+-+-+-+-+-+-+-+-+-+-+-+-+-+-+-
Lista tabu: [((23,39,18.111),1), ((33,37,11.662),1), ((6,2,10.198),2), ((7,1,47.413),2), ((6,7,18.111),1), ((8,41,10.77),3), ((46,35,10.77),3), ((8,46,13.416),2), ((20,26,10.77),4), ((38,4,16.0),4), ((38,20,10.77),3), ((30,22,6.325),5), ((31,47,11.314),5), ((31,30,8.944),4), ((22,31,2.828),6), ((34,28,44.944),6), ((34,22,16.125),5), ((12,1,97.015),11), ((28,16,10.77),11), ((12,16,19.799),10)]
La solución anterior duró 0min 0seg    -------> Nuevo optimo local. Costo: 1319.4249999999997

Ruta #1: [1, 15, 18, 19, 45, 36, 24, 44]
Costo asociado: 107.618      Capacidad: 94.0

Ruta #2: [1, 42, 48, 17, 11, 3]
Costo asociado: 158.575      Capacidad: 94.0

Ruta #3: [1, 13, 32, 6, 2, 7]
Costo asociado: 118.777      Capacidad: 91.0

Ruta #4: [1, 33, 37, 8, 41, 46, 35, 10, 25, 5, 14, 43]
Costo asociado: 242.50599999999997      Capacidad: 100.0

Ruta #5: [1, 23, 39, 20, 26, 38, 4, 40]
Costo asociado: 232.832      Capacidad: 89.0

Ruta #6: [1, 29, 30, 22, 31, 47, 34, 28]
Costo asociado: 233.99600000000004      Capacidad: 82.0

Ruta #7: [1, 9, 27, 21, 12, 16]
Costo asociado: 225.12099999999998      Capacidad: 76.0
--> Costo total: 1314.225          Capacidad total: 626.0

+-+-+-+-+-+-+-+-+-+-+-+-+-+-+-+-+-+-+- Iteracion 23  +-+-+-+-+-+-+-+-+-+-+-+-+-+-+-+-+-+-+-
Lista tabu: [((8,41,10.77),1), ((46,35,10.77),1), ((20,26,10.77),2), ((38,4,16.0),2), ((38,20,10.77),1), ((30,22,6.325),3), ((31,47,11.314),3), ((31,30,8.944),2), ((22,31,2.828),4), ((34,28,44.944),4), ((34,22,16.125),3), ((12,1,97.015),9), ((28,16,10.77),9), ((12,16,19.799),8), ((14,1,88.566),10), ((40,43,22.091),10), ((14,43,17.088),9), ((18,19,22.091),7), ((45,36,6.0),7), ((45,18,24.083),6)]

+-+-+-+-+-+-+-+-+-+-+-+-+-+-+-+-+-+-+- Iteracion 23  +-+-+-+-+-+-+-+-+-+-+-+-+-+-+-+-+-+-+-
Lista tabu: [((8,41,10.77),1), ((46,35,10.77),1), ((20,26,10.77),2), ((38,4,16.0),2), ((38,20,10.77),1), ((30,22,6.325),3), ((31,47,11.314),3), ((31,30,8.944),2), ((22,31,2.828),4), ((34,28,44.944),4), ((34,22,16.125),3), ((12,1,97.015),9), ((28,16,10.77),9), ((12,16,19.799),8), ((14,1,88.566),10), ((40,43,22.091),10), ((14,43,17.088),9), ((18,19,22.091),7), ((45,36,6.0),7), ((45,18,24.083),6)]
La solución anterior duró 0min 0seg    -------> Nuevo optimo local. Costo: 1314.225

Ruta #1: [1, 15, 18, 19, 45, 36, 24, 44]
Costo asociado: 107.618      Capacidad: 94.0

Ruta #2: [1, 42, 48, 17, 11, 3]
Costo asociado: 158.575      Capacidad: 94.0

Ruta #3: [1, 13, 32, 6, 2, 7]
Costo asociado: 118.777      Capacidad: 91.0

Ruta #4: [1, 33, 37, 8, 41, 46, 35, 10, 25, 14, 5, 43]
Costo asociado: 237.30599999999998      Capacidad: 100.0

Ruta #5: [1, 23, 39, 20, 26, 38, 4, 40]
Costo asociado: 232.832      Capacidad: 89.0

Ruta #6: [1, 29, 30, 22, 31, 47, 34, 28]
Costo asociado: 233.99600000000004      Capacidad: 82.0

Ruta #7: [1, 9, 27, 21, 12, 16]
Costo asociado: 225.12099999999998      Capacidad: 76.0
--> Costo total: 1312.9519999999998          Capacidad total: 626.0

+-+-+-+-+-+-+-+-+-+-+-+-+-+-+-+-+-+-+- Iteracion 25  +-+-+-+-+-+-+-+-+-+-+-+-+-+-+-+-+-+-+-
Lista tabu: [((30,22,6.325),1), ((31,47,11.314),1), ((22,31,2.828),2), ((34,28,44.944),2), ((34,22,16.125),1), ((12,1,97.015),7), ((28,16,10.77),7), ((12,16,19.799),6), ((14,1,88.566),8), ((40,43,22.091),8), ((14,43,17.088),7), ((18,19,22.091),5), ((45,36,6.0),5), ((45,18,24.083),4), ((25,5,6.0),10), ((14,43,17.088),10), ((14,25,8.944),9), ((8,41,10.77),7), ((35,10,10.77),7), ((35,8,24.166),6)]

+-+-+-+-+-+-+-+-+-+-+-+-+-+-+-+-+-+-+- Iteracion 25  +-+-+-+-+-+-+-+-+-+-+-+-+-+-+-+-+-+-+-
Lista tabu: [((30,22,6.325),1), ((31,47,11.314),1), ((22,31,2.828),2), ((34,28,44.944),2), ((34,22,16.125),1), ((12,1,97.015),7), ((28,16,10.77),7), ((12,16,19.799),6), ((14,1,88.566),8), ((40,43,22.091),8), ((14,43,17.088),7), ((18,19,22.091),5), ((45,36,6.0),5), ((45,18,24.083),4), ((25,5,6.0),10), ((14,43,17.088),10), ((14,25,8.944),9), ((8,41,10.77),7), ((35,10,10.77),7), ((35,8,24.166),6)]
La solución anterior duró 0min 0seg    -------> Nuevo optimo local. Costo: 1312.9519999999998

Ruta #1: [1, 15, 18, 19, 45, 36, 24, 44]
Costo asociado: 107.618      Capacidad: 94.0

Ruta #2: [1, 42, 48, 17, 11, 3]
Costo asociado: 158.575      Capacidad: 94.0

Ruta #3: [1, 13, 32, 6, 2, 7]
Costo asociado: 118.777      Capacidad: 91.0

Ruta #4: [1, 33, 37, 8, 41, 46, 35, 10, 25, 14, 5, 43]
Costo asociado: 237.30599999999998      Capacidad: 100.0

Ruta #5: [1, 23, 39, 20, 26, 38, 4]
Costo asociado: 194.84199999999998      Capacidad: 73.0

Ruta #6: [1, 29, 30, 22, 31, 47, 34, 28, 40]
Costo asociado: 270.713      Capacidad: 98.0

Ruta #7: [1, 9, 27, 21, 12, 16]
Costo asociado: 225.12099999999998      Capacidad: 76.0
--> Costo total: 1309.409          Capacidad total: 626.0

+-+-+-+-+-+-+-+-+-+-+-+-+-+-+-+-+-+-+- Iteracion 28  +-+-+-+-+-+-+-+-+-+-+-+-+-+-+-+-+-+-+-
Lista tabu: [((12,1,97.015),4), ((28,16,10.77),4), ((12,16,19.799),3), ((14,1,88.566),5), ((40,43,22.091),5), ((14,43,17.088),4), ((18,19,22.091),2), ((45,36,6.0),2), ((45,18,24.083),1), ((25,5,6.0),7), ((14,43,17.088),7), ((14,25,8.944),6), ((8,41,10.77),4), ((35,10,10.77),4), ((35,8,24.166),3), ((28,1,70.257),9), ((4,40,27.785),9), ((28,40,18.974),8), ((27,21,5.657),6), ((16,1,80.623),6), ((27,16,14.142),5), ((20,26,10.77),7), ((4,1,77.795),7), ((20,4,22.361),6)]

+-+-+-+-+-+-+-+-+-+-+-+-+-+-+-+-+-+-+- Iteracion 28  +-+-+-+-+-+-+-+-+-+-+-+-+-+-+-+-+-+-+-
Lista tabu: [((12,1,97.015),4), ((28,16,10.77),4), ((12,16,19.799),3), ((14,1,88.566),5), ((40,43,22.091),5), ((14,43,17.088),4), ((18,19,22.091),2), ((45,36,6.0),2), ((45,18,24.083),1), ((25,5,6.0),7), ((14,43,17.088),7), ((14,25,8.944),6), ((8,41,10.77),4), ((35,10,10.77),4), ((35,8,24.166),3), ((28,1,70.257),9), ((4,40,27.785),9), ((28,40,18.974),8), ((27,21,5.657),6), ((16,1,80.623),6), ((27,16,14.142),5), ((20,26,10.77),7), ((4,1,77.795),7), ((20,4,22.361),6)]
La solución anterior duró 0min 0seg    -------> Nuevo optimo local. Costo: 1309.409

Ruta #1: [1, 15, 18, 19, 45, 36, 24, 44]
Costo asociado: 107.618      Capacidad: 94.0

Ruta #2: [1, 42, 48, 3, 11, 17]
Costo asociado: 155.03199999999998      Capacidad: 94.0

Ruta #3: [1, 13, 32, 6, 2, 7]
Costo asociado: 118.777      Capacidad: 91.0

Ruta #4: [1, 33, 37, 8, 41, 46, 35, 10, 25, 14, 5, 43]
Costo asociado: 237.30599999999998      Capacidad: 100.0

Ruta #5: [1, 23, 39, 20, 26, 38, 4]
Costo asociado: 194.84199999999998      Capacidad: 73.0

Ruta #6: [1, 29, 30, 22, 31, 47, 34, 28, 40]
Costo asociado: 270.713      Capacidad: 98.0

Ruta #7: [1, 9, 27, 21, 12, 16]
Costo asociado: 225.12099999999998      Capacidad: 76.0
--> Costo total: 1292.875          Capacidad total: 626.0

+-+-+-+-+-+-+-+-+-+-+-+-+-+-+-+-+-+-+- Iteracion 41  +-+-+-+-+-+-+-+-+-+-+-+-+-+-+-+-+-+-+-
Lista tabu: [((31,47,11.314),1), ((34,28,44.944),1), ((12,16,19.799),2), ((10,25,12.806),2), ((12,25,18.974),1), ((15,18,4.472),3), ((36,24,18.868),3), ((36,15,22.361),2), ((33,37,11.662),4), ((41,46,17.889),4), ((33,41,18.974),3), ((19,45,2.0),5), ((24,44,8.0),5), ((19,24,18.439),4), ((20,26,10.77),6), ((38,4,16.0),6), ((38,20,10.77),5), ((39,20,4.0),7), ((38,4,16.0),7), ((38,39,12.806),6)]

+-+-+-+-+-+-+-+-+-+-+-+-+-+-+-+-+-+-+- Iteracion 41  +-+-+-+-+-+-+-+-+-+-+-+-+-+-+-+-+-+-+-
Lista tabu: [((31,47,11.314),1), ((34,28,44.944),1), ((12,16,19.799),2), ((10,25,12.806),2), ((12,25,18.974),1), ((15,18,4.472),3), ((36,24,18.868),3), ((36,15,22.361),2), ((33,37,11.662),4), ((41,46,17.889),4), ((33,41,18.974),3), ((19,45,2.0),5), ((24,44,8.0),5), ((19,24,18.439),4), ((20,26,10.77),6), ((38,4,16.0),6), ((38,20,10.77),5), ((39,20,4.0),7), ((38,4,16.0),7), ((38,39,12.806),6)]
La solución anterior duró 0min 2seg    -------> Nuevo optimo local. Costo: 1292.875

Ruta #1: [1, 15, 18, 19, 45, 36, 24, 44]
Costo asociado: 107.618      Capacidad: 94.0

Ruta #2: [1, 42, 48, 3, 11, 17]
Costo asociado: 155.03199999999998      Capacidad: 94.0

Ruta #3: [1, 13, 32, 6, 2, 7]
Costo asociado: 118.777      Capacidad: 91.0

Ruta #4: [1, 33, 37, 8, 41, 46, 35, 10, 25, 14, 5, 43]
Costo asociado: 237.30599999999998      Capacidad: 100.0

Ruta #5: [1, 23, 39, 20, 26, 38, 4]
Costo asociado: 194.84199999999998      Capacidad: 73.0

Ruta #6: [1, 29, 30, 22, 31, 47, 34, 28]
Costo asociado: 233.99600000000004      Capacidad: 82.0

Ruta #7: [1, 9, 27, 21, 12, 16, 40]
Costo asociado: 245.304      Capacidad: 92.0
--> Costo total: 1280.6870000000001          Capacidad total: 626.0

+-+-+-+-+-+-+-+-+-+-+-+-+-+-+-+-+-+-+- Iteracion 44  +-+-+-+-+-+-+-+-+-+-+-+-+-+-+-+-+-+-+-
Lista tabu: [((33,37,11.662),1), ((41,46,17.889),1), ((19,45,2.0),2), ((24,44,8.0),2), ((19,24,18.439),1), ((20,26,10.77),3), ((38,4,16.0),3), ((38,20,10.77),2), ((39,20,4.0),4), ((38,4,16.0),4), ((38,39,12.806),3), ((16,1,80.623),9), ((28,40,18.974),9), ((16,40,12.806),8), ((10,25,12.806),6), ((5,43,8.944),6), ((10,5,17.205),5), ((45,36,6.0),7), ((24,44,8.0),7), ((45,24,16.492),6)]

+-+-+-+-+-+-+-+-+-+-+-+-+-+-+-+-+-+-+- Iteracion 44  +-+-+-+-+-+-+-+-+-+-+-+-+-+-+-+-+-+-+-
Lista tabu: [((33,37,11.662),1), ((41,46,17.889),1), ((19,45,2.0),2), ((24,44,8.0),2), ((19,24,18.439),1), ((20,26,10.77),3), ((38,4,16.0),3), ((38,20,10.77),2), ((39,20,4.0),4), ((38,4,16.0),4), ((38,39,12.806),3), ((16,1,80.623),9), ((28,40,18.974),9), ((16,40,12.806),8), ((10,25,12.806),6), ((5,43,8.944),6), ((10,5,17.205),5), ((45,36,6.0),7), ((24,44,8.0),7), ((45,24,16.492),6)]
La solución anterior duró 0min 0seg    -------> Nuevo optimo local. Costo: 1280.6870000000001

Ruta #1: [1, 15, 18, 19, 45, 36, 24, 44]
Costo asociado: 107.618      Capacidad: 94.0

Ruta #2: [1, 42, 48, 3, 11, 17]
Costo asociado: 155.03199999999998      Capacidad: 94.0

Ruta #3: [1, 13, 32, 6, 2, 7]
Costo asociado: 118.777      Capacidad: 91.0

Ruta #4: [1, 33, 37, 8, 41, 46, 35, 10, 25, 14, 5, 43]
Costo asociado: 237.30599999999998      Capacidad: 100.0

Ruta #5: [1, 23, 39, 20, 26, 38, 4]
Costo asociado: 194.84199999999998      Capacidad: 73.0

Ruta #6: [1, 29, 34, 47, 31, 22, 30, 28]
Costo asociado: 221.80800000000002      Capacidad: 82.0

Ruta #7: [1, 9, 27, 21, 12, 16, 40]
Costo asociado: 245.304      Capacidad: 92.0
--> Costo total: 1280.2630000000001          Capacidad total: 626.0

+-+-+-+-+-+-+-+-+-+-+-+-+-+-+-+-+-+-+- Iteracion 48  +-+-+-+-+-+-+-+-+-+-+-+-+-+-+-+-+-+-+-
Lista tabu: [((16,1,80.623),5), ((28,40,18.974),5), ((16,40,12.806),4), ((10,25,12.806),2), ((5,43,8.944),2), ((10,5,17.205),1), ((45,36,6.0),3), ((24,44,8.0),3), ((45,24,16.492),2), ((29,30,17.889),8), ((34,28,44.944),8), ((34,29,22.361),7), ((29,34,22.361),5), ((22,30,6.325),5), ((29,22,22.804),4), ((8,41,10.77),6), ((46,35,10.77),6), ((46,8,13.416),5), ((37,8,10.0),7), ((23,39,18.111),7), ((37,39,21.541),6)]

+-+-+-+-+-+-+-+-+-+-+-+-+-+-+-+-+-+-+- Iteracion 48  +-+-+-+-+-+-+-+-+-+-+-+-+-+-+-+-+-+-+-
Lista tabu: [((16,1,80.623),5), ((28,40,18.974),5), ((16,40,12.806),4), ((10,25,12.806),2), ((5,43,8.944),2), ((10,5,17.205),1), ((45,36,6.0),3), ((24,44,8.0),3), ((45,24,16.492),2), ((29,30,17.889),8), ((34,28,44.944),8), ((34,29,22.361),7), ((29,34,22.361),5), ((22,30,6.325),5), ((29,22,22.804),4), ((8,41,10.77),6), ((46,35,10.77),6), ((46,8,13.416),5), ((37,8,10.0),7), ((23,39,18.111),7), ((37,39,21.541),6)]
La solución anterior duró 0min 0seg    -------> Nuevo optimo local. Costo: 1280.2630000000001

Ruta #1: [1, 15, 18, 19, 45, 36, 24, 44]
Costo asociado: 107.618      Capacidad: 94.0

Ruta #2: [1, 42, 48, 3, 11, 17]
Costo asociado: 155.03199999999998      Capacidad: 94.0

Ruta #3: [1, 13, 32, 6, 2, 7]
Costo asociado: 118.777      Capacidad: 91.0

Ruta #4: [1, 33, 37, 8, 41, 46, 35, 10, 25, 14, 5, 43]
Costo asociado: 237.30599999999998      Capacidad: 100.0

Ruta #5: [1, 23, 39, 26, 20, 38, 4]
Costo asociado: 194.418      Capacidad: 73.0

Ruta #6: [1, 29, 34, 47, 31, 22, 30, 28]
Costo asociado: 221.80800000000002      Capacidad: 82.0

Ruta #7: [1, 9, 27, 21, 12, 16, 40]
Costo asociado: 245.304      Capacidad: 92.0
--> Costo total: 1278.439          Capacidad total: 626.0

+-+-+-+-+-+-+-+-+-+-+-+-+-+-+-+-+-+-+- Iteracion 74  +-+-+-+-+-+-+-+-+-+-+-+-+-+-+-+-+-+-+-
