+-+-+-+-+-+-+-+-+-+-+-+-+-+-+ GRAFO CARGADO +-+-+-+-+-+-+-+-+-+-+-+-+-+-+-
        1         2         3         4         5         6         7         8         9         10        11        12        13        14        15        16        17        18        19        20        21        22        23        24        25        26        27        28        29        30        31        32        33        34        35        36        37        38        39        40        41
1     0         49.244    19.105    38.897    14.213    63.325    65.46    72.45    68.0    24.759    84.22    66.91    75.802    67.543    58.009    68.71    75.133    59.908    32.802    19.026    76.026    31.906    71.694    79.404    12.0    12.042    21.024    19.235    59.059    55.803    69.778    70.007    72.719    69.231    72.835    16.492    71.694    25.495    19.647    14.56    77.369    
2     49.244    0         62.241    87.419    53.6    40.311    48.847    42.45    37.643    73.498    49.01    41.881    41.195    39.56    10.77    43.863    43.932    11.402    81.835    44.283    44.911    81.123    44.598    44.045    56.08    48.104    42.107    46.271    9.849    9.22    41.11    44.385    38.328    44.654    45.453    55.866    38.639    74.33    48.26    48.052    45.706    
3     19.105    62.241    0         27.203    30.806    81.908    64.031    90.62    86.006    16.125    101.98    68.469    93.472    85.796    72.18    87.281    93.231    73.539    24.021    38.013    94.154    25.08    90.139    97.046    7.28    14.142    40.112    38.013    71.589    70.093    88.023    88.544    90.338    70.257    74.431    6.708    89.471    17.117    38.118    33.061    95.462    
4     38.897    87.419    27.203    0         42.485    99.985    90.2    109.836    105.683    14.142    122.066    95.352    113.811    104.848    96.675    105.309    112.606    98.407    7.28    53.339    113.442    10.05    108.559    117.414    31.765    40.249    56.08    52.355    97.082    94.493    107.07    106.677    110.802    97.015    101.272    33.838    109.622    13.454    51.43    47.508    114.826    
5     14.213    53.6    30.806    42.485    0         57.689    77.878    67.801    63.891    29.411    80.281    78.16    72.25    62.801    60.539    62.968    70.605    62.968    35.355    11.314    71.4    33.287    66.287    75.822    24.698    26.249    14.142    10.0    63.325    58.31    65.0    64.351    69.354    80.654    83.934    29.967    68.015    29.732    8.944    5.831    72.801    
6     63.325    40.311    81.908    99.985    57.689    0         89.0    10.817    9.055    86.354    23.601    82.152    17.088    6.325    34.655    5.385    13.601    37.483    92.962    46.648    14.213    90.973    8.602    20.125    74.632    69.635    43.909    47.707    42.45    34.059    8.062    6.708    15.297    84.906    85.446    77.369    13.342    86.833    48.826    52.479    15.62    
7     65.46    48.847    64.031    90.2    77.878    89.0    0         91.082    86.377    80.1    96.104    10.77    89.022    88.391    57.009    92.704    92.347    55.317    88.006    74.626    93.301    89.09    93.408    91.444    62.65    55.317    74.061    76.322    50.01    56.613    89.889    93.231    86.4    10.0    14.142    58.215    86.977    81.099    78.032    74.706    93.963    
8     72.45    42.45    90.62    109.836    67.801    10.817    91.082    0         5.0    96.042    12.806    83.259    7.0    5.0    34.438    7.071    2.828    36.715    102.903    56.613    3.606    101.02    4.123    9.487    83.385    77.795    53.824    57.801    42.059    34.54    2.828    6.0    6.708    85.907    85.884    85.703    5.0    96.566    59.034    62.426    5.0    
9     68.0    37.643    86.006    105.683    63.891    9.055    86.377    5.0    0         91.81    16.401    78.721    8.602    3.162    30.017    8.062    7.28    32.45    98.813    52.631    8.246    97.005    7.211    12.042    78.791    73.055    49.82    53.907    37.736    29.967    3.606    7.81    6.325    81.394    81.492    80.994    4.472    92.358    55.227    58.412    9.487    
10    24.759    73.498    16.125    14.142    29.411    86.354    80.1    96.042    91.81    0         108.167    84.214    99.865    91.066    82.62    91.706    98.793    84.404    8.544    39.812    99.644    9.0    94.895    103.47    18.682    27.203    42.485    39.0    83.217    80.43    93.295    93.059    96.835    86.093    90.2    22.023    95.692    1.0    38.275    34.015    101.02    
11    84.22    49.01    101.98    122.066    80.281    23.601    96.104    12.806    16.401    108.167    0         87.361    8.544    17.692    39.319    19.235    10.0    40.792    115.209    69.029    9.434    113.406    15.652    5.099    94.81    88.769    66.219    70.292    46.098    40.112    15.62    17.889    11.705    89.844    89.196    96.773    12.53    108.724    71.589    74.813    8.062    
12    66.91    41.881    68.469    95.352    78.16    82.152    10.77    83.259    78.721    84.214    87.361    0         80.654    80.951    48.847    85.475    84.309    46.819    92.439    73.41    85.235    93.193    85.866    82.861    66.008    58.034    72.45    75.24    41.437    48.754    82.292    85.884    78.186    2.828    6.0    62.201    78.924    85.212    77.078    74.33    85.796    
13    75.802    41.195    93.472    113.811    72.25    17.088    89.022    7.0    8.602    99.865    8.544    80.654    0         10.77    32.016    14.036    5.385    33.838    107.005    60.959    5.831    105.262    11.045    3.606    86.313    80.231    58.138    62.29    39.217    32.558    9.22    13.0    3.162    83.217    82.855    88.238    4.243    100.439    63.655    66.708    5.657    
14    67.543    39.56    85.796    104.848    62.801    6.325    88.391    5.0    3.162    91.066    17.692    80.951    10.77    0         32.45    5.0    7.81    35.0    97.908    51.614    8.602    96.021    5.099    13.892    78.549    73.082    48.826    52.802    40.224    32.249    2.236    5.0    9.055    83.648    83.863    80.957    7.071    91.586    54.037    57.428    10.0    
15    58.009    10.77    72.18    96.675    60.539    34.655    57.009    34.438    30.017    82.62    39.319    48.847    32.016    32.45    0         37.202    35.468    3.162    90.802    50.289    36.401    89.872    37.216    34.525    65.765    58.052    47.802    52.202    7.81    2.236    33.615    37.443    29.411    51.478    51.478    65.947    30.083    83.409    54.12    54.781    37.0    
16    68.71    43.863    87.281    105.309    62.968    5.385    92.704    7.071    8.062    91.706    19.235    85.475    14.036    5.0    37.202    0         9.487    39.825    98.27    51.971    9.849    96.255    3.606    16.492    80.006    74.953    49.244    53.0    45.0    36.892    5.099    1.414    13.153    88.193    88.51    82.71    11.18    92.179    54.083    57.801    11.18    
17    75.133    43.932    93.231    112.606    70.605    13.601    92.347    2.828    7.28    98.793    10.0    84.309    5.385    7.81    35.468    9.487    0         37.577    105.683    59.405    1.0    103.812    6.083    7.071    86.006    80.324    56.613    60.605    42.953    35.735    5.657    8.246    6.403    86.925    86.764    88.255    5.385    99.323    61.847    65.215    2.236    
18    59.908    11.402    73.539    98.407    62.968    37.483    55.317    36.715    32.45    84.404    40.792    46.819    33.838    35.0    3.162    39.825    37.577    0         92.655    52.887    38.484    91.81    39.661    36.139    67.268    59.397    50.448    54.818    5.385    5.0    36.056    40.0    31.385    49.396    49.193    67.209    32.202    85.212    56.754    57.245    39.0    
19    32.802    81.835    24.021    7.28    35.355    92.962    88.006    102.903    98.813    8.544    115.209    92.439    107.005    97.908    90.802    98.27    105.683    92.655    0         46.325    106.508    3.162    101.548    110.603    27.203    35.735    49.092    45.277    91.586    88.6    100.125    99.644    104.019    94.26    98.412    30.265    102.801    7.616    44.294    40.497    107.898    
20    19.026    44.283    38.013    53.339    11.314    46.648    74.626    56.613    52.631    39.812    69.029    73.41    60.959    51.614    50.289    51.971    59.405    52.887    46.325    0         60.216    44.407    55.227    64.537    31.016    29.411    2.828    2.0    53.759    48.083    53.824    53.339    58.052    76.059    78.924    35.355    56.727    40.249    4.0    5.831    61.612    
21    76.026    44.911    94.154    113.442    71.4    14.213    93.301    3.606    8.246    99.644    9.434    85.235    5.831    8.602    36.401    9.849    1.0    38.484    106.508    60.216    0         104.623    6.325    7.0    86.925    81.271    57.428    61.4    43.863    36.688    6.403    8.544    7.211    87.846    87.664    89.196    6.325    100.17    62.626    66.03    1.414    
22    31.906    81.123    25.08    10.05    33.287    90.973    89.09    101.02    97.005    9.0    113.406    93.193    105.262    96.021    89.872    96.255    103.812    91.81    3.162    44.407    104.623    0         99.569    108.853    27.459    35.903    47.202    43.267    90.918    87.658    98.229    97.637    102.303    95.084    99.182    31.016    101.045    8.0    42.19    38.601    106.019    
23    71.694    44.598    90.139    108.559    66.287    8.602    93.408    4.123    7.211    94.895    15.652    85.866    11.045    5.099    37.216    3.606    6.083    39.661    101.548    55.227    6.325    99.569    0         13.153    82.873    77.621    52.479    56.303    44.944    37.121    3.606    2.236    10.77    88.549    88.685    85.44    8.944    95.383    57.428    61.057    7.616    
24    79.404    44.045    97.046    117.414    75.822    20.125    91.444    9.487    12.042    103.47    5.099    82.861    3.606    13.892    34.525    16.492    7.071    36.139    110.603    64.537    7.0    108.853    13.153    0         89.894    83.774    61.717    65.856    41.485    35.228    12.083    15.297    6.708    85.381    84.865    91.788    7.81    104.043    67.209    70.292    6.083    
25    12.0    56.08    7.28    31.765    24.698    74.632    62.65    83.385    78.791    18.682    94.81    66.008    86.313    78.549    65.765    80.006    86.006    67.268    27.203    31.016    86.925    27.459    82.873    89.894    0         8.544    33.015    31.145    65.605    63.64    80.777    81.271    83.187    68.007    72.007    5.657    82.292    19.647    31.401    26.306    88.238    
26    12.042    48.104    14.142    40.249    26.249    69.635    55.317    77.795    73.055    27.203    88.769    58.034    80.231    73.082    58.052    74.953    80.324    59.397    35.735    29.411    81.271    35.903    77.621    83.774    8.544    0         30.806    30.083    57.489    55.973    75.286    76.158    77.078    60.133    64.031    8.062    76.322    28.16    30.871    25.942    82.541    
27    21.024    42.107    40.112    56.08    14.142    43.909    74.061    53.824    49.82    42.485    66.219    72.45    58.138    48.826    47.802    49.244    56.613    50.448    49.092    2.828    57.428    47.202    52.479    61.717    33.015    30.806    0         4.472    51.478    45.607    51.039    50.606    55.227    75.133    77.878    37.121    53.907    42.942    6.325    8.602    58.822    
28    19.235    46.271    38.013    52.355    10.0    47.707    76.322    57.801    53.907    39.0    70.292    75.24    62.29    52.802    52.202    53.0    60.605    54.818    45.277    2.0    61.4    43.267    56.303    65.856    31.145    30.083    4.472    0         55.731    50.0    55.0    54.378    59.414    77.878    80.777    35.693    58.052    39.395    2.0    5.099    62.801    
29    59.059    9.849    71.589    97.082    63.325    42.45    50.01    42.059    37.736    83.217    46.098    41.437    39.217    40.224    7.81    45.0    42.953    5.385    91.586    53.759    43.863    90.918    44.944    41.485    65.605    57.489    51.478    55.731    0         8.602    41.34    45.222    36.77    44.011    43.829    65.115    37.577    84.06    57.706    57.723    44.385    
30    55.803    9.22    70.093    94.493    58.31    34.059    56.613    34.54    29.967    80.43    40.112    48.754    32.558    32.249    2.236    36.892    35.735    5.0    88.6    48.083    36.688    87.658    37.121    35.228    63.64    55.973    45.607    50.0    8.602    0         33.541    37.216    29.833    51.43    51.624    63.891    30.364    81.216    51.923    52.555    37.363    
31    69.778    41.11    88.023    107.07    65.0    8.062    89.889    2.828    3.606    93.295    15.62    82.292    9.22    2.236    33.615    5.099    5.657    36.056    100.125    53.824    6.403    98.229    3.606    12.083    80.777    75.286    51.039    55.0    41.34    33.541    0         4.472    8.062    84.971    85.088    83.169    6.083    93.814    56.223    59.641    7.81    
32    70.007    44.385    88.544    106.677    64.351    6.708    93.231    6.0    7.81    93.059    17.889    85.884    13.0    5.0    37.443    1.414    8.246    40.0    99.644    53.339    8.544    97.637    2.236    15.297    81.271    76.158    50.606    54.378    45.222    37.216    4.472    0         12.369    88.589    88.837    83.934    10.44    93.536    55.471    59.169    9.849    
33    72.719    38.328    90.338    110.802    69.354    15.297    86.4    6.708    6.325    96.835    11.705    78.186    3.162    9.055    29.411    13.153    6.403    31.385    104.019    58.052    7.211    102.303    10.77    6.708    83.187    77.078    55.227    59.414    36.77    29.833    8.062    12.369    0         80.777    80.529    85.088    2.0    97.417    60.811    63.781    7.616    
34    69.231    44.654    70.257    97.015    80.654    84.906    10.0    85.907    81.394    86.093    89.844    2.828    83.217    83.648    51.478    88.193    86.925    49.396    94.26    76.059    87.846    95.084    88.549    85.381    68.007    60.133    75.133    77.878    44.011    51.43    84.971    88.589    80.777    0         4.472    64.07    81.541    87.092    79.706    76.896    88.391    
35    72.835    45.453    74.431    101.272    83.934    85.446    14.142    85.884    81.492    90.2    89.196    6.0    82.855    83.863    51.478    88.51    86.764    49.193    98.412    78.924    87.664    99.182    88.685    84.865    72.007    64.031    77.878    80.777    43.829    51.624    85.088    88.837    80.529    4.472    0         68.184    81.394    91.198    82.638    80.006    88.142    
36    16.492    55.866    6.708    33.838    29.967    77.369    58.215    85.703    80.994    22.023    96.773    62.201    88.238    80.957    65.947    82.71    88.255    67.209    30.265    35.355    89.196    31.016    85.44    91.788    5.657    8.062    37.121    35.693    65.115    63.891    83.169    83.934    85.088    64.07    68.184    0         84.309    23.022    36.139    31.048    90.477    
37    71.694    38.639    89.471    109.622    68.015    13.342    86.977    5.0    4.472    95.692    12.53    78.924    4.243    7.071    30.083    11.18    5.385    32.202    102.801    56.727    6.325    101.045    8.944    7.81    82.292    76.322    53.907    58.052    37.577    30.364    6.083    10.44    2.0    81.541    81.394    84.309    0         96.26    59.414    62.482    7.071    
38    25.495    74.33    17.117    13.454    29.732    86.833    81.099    96.566    92.358    1.0    108.724    85.212    100.439    91.586    83.409    92.179    99.323    85.212    7.616    40.249    100.17    8.0    95.383    104.043    19.647    28.16    42.942    39.395    84.06    81.216    93.814    93.536    97.417    87.092    91.198    23.022    96.26    0         38.626    34.438    101.548    
39    19.647    48.26    38.118    51.43    8.944    48.826    78.032    59.034    55.227    38.275    71.589    77.078    63.655    54.037    54.12    54.083    61.847    56.754    44.294    4.0    62.626    42.19    57.428    67.209    31.401    30.871    6.325    2.0    57.706    51.923    56.223    55.471    60.811    79.706    82.638    36.139    59.414    38.626    0         5.099    64.031    
40    14.56    48.052    33.061    47.508    5.831    52.479    74.706    62.426    58.412    34.015    74.813    74.33    66.708    57.428    54.781    57.801    65.215    57.245    40.497    5.831    66.03    38.601    61.057    70.292    26.306    25.942    8.602    5.099    57.723    52.555    59.641    59.169    63.781    76.896    80.006    31.048    62.482    34.438    5.099    0         67.424    
41    77.369    45.706    95.462    114.826    72.801    15.62    93.963    5.0    9.487    101.02    8.062    85.796    5.657    10.0    37.0    11.18    2.236    39.0    107.898    61.612    1.414    106.019    7.616    6.083    88.238    82.541    58.822    62.801    44.385    37.363    7.81    9.849    7.616    88.391    88.142    90.477    7.071    101.548    64.031    67.424    0         


Demandas:
1: 0.0
2: 6.0
3: 11.0
4: 14.0
5: 7.0
6: 12.0
7: 16.0
8: 6.0
9: 18.0
10: 7.0
11: 20.0
12: 7.0
13: 23.0
14: 16.0
15: 10.0
16: 9.0
17: 18.0
18: 8.0
19: 15.0
20: 9.0
21: 23.0
22: 7.0
23: 15.0
24: 14.0
25: 21.0
26: 25.0
27: 14.0
28: 11.0
29: 19.0
30: 12.0
31: 8.0
32: 25.0
33: 17.0
34: 22.0
35: 11.0
36: 16.0
37: 16.0
38: 8.0
39: 23.0
40: 15.0
41: 13.0
+-+-+-+-+-+-+-+-+-+-+-+-+-+-+-+ SOLUCION INICIAL +-+-+-+-+-+-+-+-+-+-+-+-+-+-+-+-

Ruta #1: [1, 25, 36, 3, 26, 40, 28]
Costo asociado: 88.78300000000002      Capacidad: 99.0

Ruta #2: [1, 5, 39, 20, 27, 2, 30, 15, 18, 31]
Costo asociado: 192.544      Capacidad: 97.0

Ruta #3: [1, 10, 38, 19, 22, 4, 7, 34, 12]
Costo asociado: 216.525      Capacidad: 96.0

Ruta #4: [1, 29, 33, 37, 13, 24, 8]
Costo asociado: 187.615      Capacidad: 95.0

Ruta #5: [1, 6, 16, 32, 23, 14, 9]
Costo asociado: 148.62100000000004      Capacidad: 95.0

Ruta #6: [1, 35, 17, 21, 41, 11]
Costo asociado: 254.295      Capacidad: 85.0

--> Costo total: 1088.383          Capacidad total: 567.0

+-+-+-+-+-+-+-+-+-+-+-+-+-+-+-+-+-+-+- Iteracion 47  +-+-+-+-+-+-+-+-+-+-+-+-+-+-+-+-+-+-+-


Ruta #1: [1, 25, 36, 3, 26, 40, 28]
Costo asociado: 88.78300000000002      Capacidad: 99.0

Ruta #2: [1, 5, 39, 20, 27, 2, 30, 15, 18, 31]
Costo asociado: 192.544      Capacidad: 97.0

Ruta #3: [1, 10, 38, 19, 22, 4, 7, 34, 12]
Costo asociado: 216.525      Capacidad: 96.0

Ruta #4: [1, 29, 33, 37, 13, 24, 8]
Costo asociado: 187.615      Capacidad: 95.0

Ruta #5: [1, 6, 16, 32, 23, 14, 9]
Costo asociado: 148.62100000000004      Capacidad: 95.0

Ruta #6: [1, 35, 17, 21, 41, 11]
Costo asociado: 254.295      Capacidad: 85.0

--> Costo total: 1088.0500000000002          Capacidad total: 567.0

+-+-+-+-+-+-+-+-+-+-+-+-+-+-+-+-+-+-+- Iteracion 47  +-+-+-+-+-+-+-+-+-+-+-+-+-+-+-+-+-+-+-

La solución anterior duró 0min 1seg    -------> Nuevo optimo local. Costo: 1088.0500000000002
Lista tabu: [((1,5,14.213),1), ((27,2,42.107),1), ((33,37,2.0),2), ((8,1,72.45),2), ((8,33,6.708),1), ((6,16,5.385),3), ((32,23,2.236),3), ((6,32,6.708),2), ((24,8,9.487),4), ((18,31,36.056),4), ((24,31,12.083),3), ((32,23,2.236),5), ((9,1,68.0),5), ((9,32,7.81),4), ((1,25,12.0),6), ((40,28,5.099),6), ((1,40,14.56),5), ((19,22,3.162),7), ((4,7,90.2),7), ((4,19,7.28),6)]

+-+-+-+-+-+-+-+-+-+-+-+-+-+-+-+-+-+-+- Iteracion 70  +-+-+-+-+-+-+-+-+-+-+-+-+-+-+-+-+-+-+-


Ruta #1: [1, 25, 36, 3, 26, 40, 28]
Costo asociado: 88.78300000000002      Capacidad: 99.0

Ruta #2: [1, 5, 39, 20, 27, 2, 18, 15, 30, 31]
Costo asociado: 192.211      Capacidad: 97.0

Ruta #3: [1, 10, 38, 19, 22, 4, 7, 34, 12]
Costo asociado: 216.525      Capacidad: 96.0

Ruta #4: [1, 29, 33, 37, 13, 24, 8]
Costo asociado: 187.615      Capacidad: 95.0

Ruta #5: [1, 6, 16, 32, 23, 14, 9]
Costo asociado: 148.62100000000004      Capacidad: 95.0

Ruta #6: [1, 35, 17, 21, 41, 11]
Costo asociado: 254.295      Capacidad: 85.0

--> Costo total: 1041.712          Capacidad total: 567.0

+-+-+-+-+-+-+-+-+-+-+-+-+-+-+-+-+-+-+- Iteracion 70  +-+-+-+-+-+-+-+-+-+-+-+-+-+-+-+-+-+-+-

La solución anterior duró 0min 1seg    -------> Nuevo optimo local. Costo: 1041.712
Lista tabu: [((17,21,1.0),1), ((41,11,8.062),1), ((18,15,3.162),2), ((30,31,33.541),2), ((18,30,5.0),1), ((17,21,1.0),3), ((41,11,8.062),3), ((17,41,2.236),2), ((1,25,12.0),4), ((36,3,6.708),4), ((1,36,16.492),3), ((24,8,9.487),5), ((30,31,33.541),5), ((24,31,12.083),4), ((1,25,12.0),6), ((36,3,6.708),6), ((1,36,16.492),5), ((37,13,4.243),7), ((8,1,72.45),7), ((8,37,5.0),6)]

+-+-+-+-+-+-+-+-+-+-+-+-+-+-+-+-+-+-+- Iteracion 85  +-+-+-+-+-+-+-+-+-+-+-+-+-+-+-+-+-+-+-


Ruta #1: [1, 25, 36, 3, 26, 40, 28]
Costo asociado: 88.78300000000002      Capacidad: 99.0

Ruta #2: [1, 5, 39, 20, 27, 2, 18, 15, 30]
Costo asociado: 144.695      Capacidad: 89.0

Ruta #3: [1, 10, 38, 19, 22, 4, 7, 34, 12]
Costo asociado: 216.525      Capacidad: 96.0

Ruta #4: [1, 29, 33, 37, 13, 24, 8]
Costo asociado: 187.615      Capacidad: 95.0

Ruta #5: [1, 6, 16, 32, 23, 14, 9]
Costo asociado: 148.62100000000004      Capacidad: 95.0

Ruta #6: [1, 35, 17, 21, 41, 11, 31]
Costo asociado: 255.473      Capacidad: 93.0

--> Costo total: 1041.495          Capacidad total: 567.0

+-+-+-+-+-+-+-+-+-+-+-+-+-+-+-+-+-+-+- Iteracion 85  +-+-+-+-+-+-+-+-+-+-+-+-+-+-+-+-+-+-+-

La solución anterior duró 0min 0seg    -------> Nuevo optimo local. Costo: 1041.495
Lista tabu: [((33,37,2.0),1), ((13,24,3.606),1), ((6,16,5.385),2), ((35,17,86.764),2), ((6,17,13.601),1), ((41,11,8.062),3), ((31,1,69.778),3), ((31,41,7.81),2), ((25,36,5.657),4), ((26,40,25.942),4), ((25,26,8.544),3), ((41,11,8.062),5), ((31,1,69.778),5), ((31,41,7.81),4), ((2,18,11.402),6), ((15,30,2.236),6), ((2,15,10.77),5), ((10,38,1.0),7), ((4,7,90.2),7), ((4,10,14.142),6)]

+-+-+-+-+-+-+-+-+-+-+-+-+-+-+-+-+-+-+- Iteracion 105  +-+-+-+-+-+-+-+-+-+-+-+-+-+-+-+-+-+-+-


Ruta #1: [1, 25, 36, 3, 26, 40, 28]
Costo asociado: 88.78300000000002      Capacidad: 99.0

Ruta #2: [1, 5, 39, 20, 27, 2, 18, 15, 30]
Costo asociado: 144.695      Capacidad: 89.0

Ruta #3: [1, 10, 38, 19, 22, 4, 7, 34, 12]
Costo asociado: 216.525      Capacidad: 96.0

Ruta #4: [1, 29, 33, 37, 13, 24, 8]
Costo asociado: 187.615      Capacidad: 95.0

Ruta #5: [1, 6, 16, 32, 23, 14, 9]
Costo asociado: 148.62100000000004      Capacidad: 95.0

Ruta #6: [1, 35, 17, 11, 41, 21, 31]
Costo asociado: 255.25599999999997      Capacidad: 93.0

--> Costo total: 1041.2939999999999          Capacidad total: 567.0

+-+-+-+-+-+-+-+-+-+-+-+-+-+-+-+-+-+-+- Iteracion 105  +-+-+-+-+-+-+-+-+-+-+-+-+-+-+-+-+-+-+-

La solución anterior duró 0min 0seg    -------> Nuevo optimo local. Costo: 1041.2939999999999
Lista tabu: [((33,37,2.0),1), ((13,24,3.606),1), ((33,37,2.0),2), ((13,24,3.606),2), ((13,33,3.162),1), ((11,41,8.062),3), ((32,23,2.236),3), ((11,23,15.652),2), ((17,11,10.0),4), ((31,1,69.778),4), ((17,31,5.657),3), ((17,11,10.0),5), ((21,31,6.403),5), ((17,21,1.0),4), ((1,25,12.0),6), ((26,40,25.942),6), ((1,26,12.042),5), ((7,34,10.0),7), ((12,1,66.91),7), ((7,12,10.77),6)]

+-+-+-+-+-+-+-+-+-+-+-+-+-+-+-+-+-+-+- Iteracion 127  +-+-+-+-+-+-+-+-+-+-+-+-+-+-+-+-+-+-+-


Ruta #1: [1, 25, 36, 3, 26, 40, 28]
Costo asociado: 88.78300000000002      Capacidad: 99.0

Ruta #2: [1, 5, 39, 20, 27, 2, 18, 15, 30]
Costo asociado: 144.695      Capacidad: 89.0

Ruta #3: [1, 10, 38, 19, 22, 4, 7, 34, 12]
Costo asociado: 216.525      Capacidad: 96.0

Ruta #4: [1, 29, 33, 37, 13, 24, 31]
Costo asociado: 187.539      Capacidad: 97.0

Ruta #5: [1, 6, 16, 32, 23, 14, 9]
Costo asociado: 148.62100000000004      Capacidad: 95.0

Ruta #6: [1, 35, 17, 11, 41, 21, 8]
Costo asociado: 255.13099999999997      Capacidad: 91.0

--> Costo total: 1038.908          Capacidad total: 567.0

+-+-+-+-+-+-+-+-+-+-+-+-+-+-+-+-+-+-+- Iteracion 127  +-+-+-+-+-+-+-+-+-+-+-+-+-+-+-+-+-+-+-

La solución anterior duró 0min 0seg    -------> Nuevo optimo local. Costo: 1038.908
Lista tabu: [((33,37,2.0),1), ((13,24,3.606),1), ((37,13,4.243),2), ((11,41,8.062),2), ((37,41,7.071),1), ((5,39,8.944),3), ((20,27,2.828),3), ((5,20,11.314),2), ((1,5,14.213),4), ((27,2,42.107),4), ((1,27,21.024),3), ((13,24,3.606),5), ((31,1,69.778),5), ((13,31,9.22),4), ((11,41,8.062),6), ((32,23,2.236),6), ((11,23,15.652),5), ((25,36,5.657),7), ((26,40,25.942),7), ((25,26,8.544),6)]

+-+-+-+-+-+-+-+-+-+-+-+-+-+-+-+-+-+-+- Iteracion 131  +-+-+-+-+-+-+-+-+-+-+-+-+-+-+-+-+-+-+-


Ruta #1: [1, 25, 36, 3, 26, 40, 28]
Costo asociado: 88.78300000000002      Capacidad: 99.0

Ruta #2: [1, 5, 39, 20, 27, 2, 18, 15, 30]
Costo asociado: 144.695      Capacidad: 89.0

Ruta #3: [1, 10, 38, 22, 19, 4, 7, 34, 12]
Costo asociado: 214.139      Capacidad: 96.0

Ruta #4: [1, 29, 33, 37, 13, 24, 31]
Costo asociado: 187.539      Capacidad: 97.0

Ruta #5: [1, 6, 16, 32, 23, 14, 9]
Costo asociado: 148.62100000000004      Capacidad: 95.0

Ruta #6: [1, 35, 17, 11, 41, 21, 8]
Costo asociado: 255.13099999999997      Capacidad: 91.0

--> Costo total: 1036.6070000000002          Capacidad total: 567.0

+-+-+-+-+-+-+-+-+-+-+-+-+-+-+-+-+-+-+- Iteracion 131  +-+-+-+-+-+-+-+-+-+-+-+-+-+-+-+-+-+-+-

La solución anterior duró 0min 0seg    -------> Nuevo optimo local. Costo: 1036.6070000000002
Lista tabu: [((13,24,3.606),1), ((31,1,69.778),1), ((11,41,8.062),2), ((32,23,2.236),2), ((11,23,15.652),1), ((25,36,5.657),3), ((26,40,25.942),3), ((25,26,8.544),2), ((38,19,7.616),8), ((22,4,10.05),8), ((22,38,8.0),7), ((38,22,8.0),5), ((4,7,90.2),5), ((4,38,13.454),4), ((32,23,2.236),6), ((9,1,68.0),6), ((9,32,7.81),5), ((37,13,4.243),7), ((11,41,8.062),7), ((37,41,7.071),6)]

+-+-+-+-+-+-+-+-+-+-+-+-+-+-+-+-+-+-+- Iteracion 162  +-+-+-+-+-+-+-+-+-+-+-+-+-+-+-+-+-+-+-


Ruta #1: [1, 25, 36, 3, 26, 40, 28]
Costo asociado: 88.78300000000002      Capacidad: 99.0

Ruta #2: [1, 5, 39, 20, 27, 2, 18, 15, 30]
Costo asociado: 144.695      Capacidad: 89.0

Ruta #3: [1, 10, 38, 22, 19, 4, 7, 34, 12]
Costo asociado: 214.139      Capacidad: 96.0

Ruta #4: [1, 29, 33, 37, 13, 24]
Costo asociado: 185.082      Capacidad: 89.0

Ruta #5: [1, 6, 16, 32, 23, 14, 9]
Costo asociado: 148.62100000000004      Capacidad: 95.0

Ruta #6: [1, 35, 17, 11, 41, 21, 8, 31]
Costo asociado: 255.28699999999998      Capacidad: 99.0

--> Costo total: 1036.5720000000001          Capacidad total: 567.0

+-+-+-+-+-+-+-+-+-+-+-+-+-+-+-+-+-+-+- Iteracion 162  +-+-+-+-+-+-+-+-+-+-+-+-+-+-+-+-+-+-+-

La solución anterior duró 0min 0seg    -------> Nuevo optimo local. Costo: 1036.5720000000001
Lista tabu: [((23,14,5.099),1), ((9,1,68.0),1), ((18,15,3.162),2), ((30,1,55.803),2), ((18,30,5.0),1), ((5,39,8.944),3), ((27,2,42.107),3), ((5,27,14.142),2), ((10,38,1.0),4), ((4,7,90.2),4), ((4,10,14.142),3), ((18,15,3.162),5), ((30,1,55.803),5), ((18,30,5.0),4), ((10,38,1.0),6), ((4,7,90.2),6), ((4,10,14.142),5), ((32,23,2.236),7), ((9,1,68.0),7), ((9,32,7.81),6)]

+-+-+-+-+-+-+-+-+-+-+-+-+-+-+-+-+-+-+- Iteracion 183  +-+-+-+-+-+-+-+-+-+-+-+-+-+-+-+-+-+-+-


Ruta #1: [1, 25, 36, 3, 26, 40, 28]
Costo asociado: 88.78300000000002      Capacidad: 99.0

Ruta #2: [1, 5, 39, 20, 27, 2, 18, 15, 30]
Costo asociado: 144.695      Capacidad: 89.0

Ruta #3: [1, 10, 38, 22, 19, 4, 7, 34, 12]
Costo asociado: 214.139      Capacidad: 96.0

Ruta #4: [1, 29, 33, 37, 24, 13]
Costo asociado: 185.04700000000003      Capacidad: 89.0

Ruta #5: [1, 6, 16, 32, 23, 14, 9]
Costo asociado: 148.62100000000004      Capacidad: 95.0

Ruta #6: [1, 35, 17, 11, 41, 21, 8, 31]
Costo asociado: 255.28699999999998      Capacidad: 99.0

--> Costo total: 1032.115          Capacidad total: 567.0

+-+-+-+-+-+-+-+-+-+-+-+-+-+-+-+-+-+-+- Iteracion 183  +-+-+-+-+-+-+-+-+-+-+-+-+-+-+-+-+-+-+-

La solución anterior duró 0min 0seg    -------> Nuevo optimo local. Costo: 1032.115
Lista tabu: [((17,11,10.0),1), ((21,8,3.606),1), ((6,16,5.385),2), ((23,14,5.099),2), ((6,23,8.602),1), ((11,41,8.062),3), ((8,31,2.828),3), ((8,11,12.806),2), ((16,32,1.414),4), ((29,33,36.77),4), ((16,33,13.153),3), ((32,23,2.236),5), ((14,9,3.162),5), ((14,32,5.0),4), ((32,23,2.236),6), ((11,41,8.062),6), ((32,41,9.849),5), ((11,41,8.062),7), ((8,31,2.828),7), ((8,11,12.806),6)]

+-+-+-+-+-+-+-+-+-+-+-+-+-+-+-+-+-+-+- Iteracion 186  +-+-+-+-+-+-+-+-+-+-+-+-+-+-+-+-+-+-+-


Ruta #1: [1, 25, 3, 36, 26, 40, 28]
Costo asociado: 84.326      Capacidad: 99.0

Ruta #2: [1, 5, 39, 20, 27, 2, 18, 15, 30]
Costo asociado: 144.695      Capacidad: 89.0

Ruta #3: [1, 10, 38, 22, 19, 4, 7, 34, 12]
Costo asociado: 214.139      Capacidad: 96.0

Ruta #4: [1, 29, 33, 37, 24, 13]
Costo asociado: 185.04700000000003      Capacidad: 89.0

Ruta #5: [1, 6, 16, 32, 23, 14, 9]
Costo asociado: 148.62100000000004      Capacidad: 95.0

Ruta #6: [1, 35, 17, 11, 41, 21, 8, 31]
Costo asociado: 255.28699999999998      Capacidad: 99.0

--> Costo total: 1029.169          Capacidad total: 567.0

+-+-+-+-+-+-+-+-+-+-+-+-+-+-+-+-+-+-+- Iteracion 186  +-+-+-+-+-+-+-+-+-+-+-+-+-+-+-+-+-+-+-

La solución anterior duró 0min 0seg    -------> Nuevo optimo local. Costo: 1029.169
Lista tabu: [((16,32,1.414),1), ((29,33,36.77),1), ((32,23,2.236),2), ((14,9,3.162),2), ((14,32,5.0),1), ((32,23,2.236),3), ((11,41,8.062),3), ((32,41,9.849),2), ((11,41,8.062),4), ((8,31,2.828),4), ((8,11,12.806),3), ((25,36,5.657),9), ((3,26,14.142),9), ((3,25,7.28),8), ((6,16,5.385),6), ((32,23,2.236),6), ((6,32,6.708),5), ((6,16,5.385),7), ((9,1,68.0),7), ((6,9,9.055),6)]

Ruta #1: [1, 25, 3, 36, 26, 40, 28]
Costo asociado: 84.326      Capacidad: 99.0

Ruta #2: [1, 5, 39, 20, 27, 2, 18, 15, 30]
Costo asociado: 144.695      Capacidad: 89.0

Ruta #3: [1, 10, 38, 22, 19, 4, 7, 34, 12]
Costo asociado: 214.139      Capacidad: 96.0

Ruta #4: [1, 29, 33, 13, 24, 37]
Costo asociado: 182.101      Capacidad: 89.0

Ruta #5: [1, 6, 16, 32, 23, 14, 9]
Costo asociado: 148.62100000000004      Capacidad: 95.0

Ruta #6: [1, 35, 17, 11, 41, 21, 8, 31]
Costo asociado: 255.28699999999998      Capacidad: 99.0

--> Costo total: 1104.8410000000001          Capacidad total: 567.0

+-+-+-+-+-+-+-+-+-+-+-+-+-+-+-+-+-+-+- Iteracion 347  +-+-+-+-+-+-+-+-+-+-+-+-+-+-+-+-+-+-+-


Ruta #1: [1, 25, 3, 36, 26, 40, 28]
Costo asociado: 84.326      Capacidad: 99.0

Ruta #2: [1, 5, 39, 20, 27, 2, 18, 15, 30]
Costo asociado: 144.695      Capacidad: 89.0

Ruta #3: [1, 10, 38, 22, 19, 4, 7, 34, 12]
Costo asociado: 214.139      Capacidad: 96.0

Ruta #4: [1, 29, 33, 13, 24, 37]
Costo asociado: 182.101      Capacidad: 89.0

Ruta #5: [1, 6, 16, 32, 23, 14, 9]
Costo asociado: 148.62100000000004      Capacidad: 95.0

Ruta #6: [1, 35, 17, 11, 41, 21, 8, 31]
Costo asociado: 255.28699999999998      Capacidad: 99.0

--> Costo total: 1101.582          Capacidad total: 567.0

+-+-+-+-+-+-+-+-+-+-+-+-+-+-+-+-+-+-+- Iteracion 347  +-+-+-+-+-+-+-+-+-+-+-+-+-+-+-+-+-+-+-

Nuevo optimo. Costo: 1101.582
Lista tabu: [((22,19,3.162),1), ((4,7,90.2),1), ((5,39,8.944),2), ((20,27,2.828),2), ((5,20,11.314),1), ((10,38,1.0),3), ((4,7,90.2),3), ((4,10,14.142),2), ((25,3,7.28),4), ((26,2,48.104),4), ((25,26,8.544),3), ((5,39,8.944),5), ((20,27,2.828),5), ((5,20,11.314),4), ((18,15,3.162),6), ((30,1,55.803),6), ((18,30,5.0),5), ((6,16,5.385),7), ((9,1,68.0),7), ((6,9,9.055),6)]

+-+-+-+-+-+-+-+-+-+-+-+-+-+-+-+-+-+-+- Iteracion 388  +-+-+-+-+-+-+-+-+-+-+-+-+-+-+-+-+-+-+-


Ruta #1: [1, 25, 3, 36, 26, 40, 28]
Costo asociado: 84.326      Capacidad: 99.0

Ruta #2: [1, 5, 39, 20, 27, 2, 18, 15, 30]
Costo asociado: 144.695      Capacidad: 89.0

Ruta #3: [1, 10, 38, 22, 19, 4, 7, 34, 12]
Costo asociado: 214.139      Capacidad: 96.0

Ruta #4: [1, 29, 33, 13, 24, 37]
Costo asociado: 182.101      Capacidad: 89.0

Ruta #5: [1, 6, 16, 32, 23, 14, 9]
Costo asociado: 148.62100000000004      Capacidad: 95.0

Ruta #6: [1, 35, 17, 11, 41, 21, 8, 31]
Costo asociado: 255.28699999999998      Capacidad: 99.0

--> Costo total: 1096.372          Capacidad total: 567.0

+-+-+-+-+-+-+-+-+-+-+-+-+-+-+-+-+-+-+- Iteracion 388  +-+-+-+-+-+-+-+-+-+-+-+-+-+-+-+-+-+-+-

Nuevo optimo. Costo: 1096.372
Lista tabu: [((6,16,5.385),1), ((23,14,5.099),1), ((17,11,10.0),2), ((31,1,69.778),2), ((17,31,5.657),1), ((39,40,5.099),3), ((20,18,52.887),3), ((20,39,4.0),2), ((38,22,8.0),4), ((4,7,90.2),4), ((4,38,13.454),3), ((11,41,8.062),5), ((8,31,2.828),5), ((8,11,12.806),4), ((13,24,3.606),6), ((41,21,1.414),6), ((13,21,5.831),5), ((16,32,1.414),7), ((9,1,68.0),7), ((9,16,8.062),6)]

+-+-+-+-+-+-+-+-+-+-+-+-+-+-+-+-+-+-+- Iteracion 439  +-+-+-+-+-+-+-+-+-+-+-+-+-+-+-+-+-+-+-


Ruta #1: [1, 25, 3, 36, 26, 40, 28]
Costo asociado: 84.326      Capacidad: 99.0

Ruta #2: [1, 5, 39, 20, 27, 2, 18, 15, 30]
Costo asociado: 144.695      Capacidad: 89.0

Ruta #3: [1, 10, 38, 22, 19, 4, 7, 34, 12]
Costo asociado: 214.139      Capacidad: 96.0

Ruta #4: [1, 29, 33, 13, 24, 37]
Costo asociado: 182.101      Capacidad: 89.0

Ruta #5: [1, 6, 16, 32, 23, 14, 9]
Costo asociado: 148.62100000000004      Capacidad: 95.0

Ruta #6: [1, 35, 17, 11, 41, 21, 8, 31]
Costo asociado: 255.28699999999998      Capacidad: 99.0

--> Costo total: 1096.351          Capacidad total: 567.0

+-+-+-+-+-+-+-+-+-+-+-+-+-+-+-+-+-+-+- Iteracion 439  +-+-+-+-+-+-+-+-+-+-+-+-+-+-+-+-+-+-+-

Nuevo optimo. Costo: 1096.351
Lista tabu: [((11,41,8.062),1), ((21,8,3.606),1), ((3,36,6.708),2), ((26,2,48.104),2), ((3,26,14.142),1), ((1,5,14.213),3), ((20,27,2.828),3), ((1,20,19.026),2), ((3,36,6.708),4), ((26,2,48.104),4), ((3,26,14.142),3), ((17,11,10.0),5), ((8,31,2.828),5), ((8,17,2.828),4), ((22,19,3.162),6), ((4,7,90.2),6), ((4,22,10.05),5), ((17,11,10.0),7), ((21,8,3.606),7), ((41,21,1.414),7), ((17,21,1.0),6)]

+-+-+-+-+-+-+-+-+-+-+-+-+-+-+-+-+-+-+- Iteracion 453  +-+-+-+-+-+-+-+-+-+-+-+-+-+-+-+-+-+-+-


Ruta #1: [1, 25, 3, 36, 26, 40, 28]
Costo asociado: 84.326      Capacidad: 99.0

Ruta #2: [1, 5, 39, 20, 27, 2, 18, 15, 30]
Costo asociado: 144.695      Capacidad: 89.0

Ruta #3: [1, 10, 38, 22, 19, 4, 7, 34, 12]
Costo asociado: 214.139      Capacidad: 96.0

Ruta #4: [1, 29, 33, 13, 24, 37]
Costo asociado: 182.101      Capacidad: 89.0

Ruta #5: [1, 6, 16, 32, 23, 14, 9]
Costo asociado: 148.62100000000004      Capacidad: 95.0

Ruta #6: [1, 35, 17, 11, 41, 21, 8, 31]
Costo asociado: 255.28699999999998      Capacidad: 99.0

--> Costo total: 1032.093          Capacidad total: 567.0

+-+-+-+-+-+-+-+-+-+-+-+-+-+-+-+-+-+-+- Iteracion 453  +-+-+-+-+-+-+-+-+-+-+-+-+-+-+-+-+-+-+-

Nuevo optimo. Costo: 1032.093
Lista tabu: [((8,31,2.828),1), ((31,1,69.778),1), ((13,37,4.243),1), ((1,5,14.213),2), ((39,40,5.099),2), ((1,39,19.647),1), ((27,18,50.448),3), ((18,15,3.162),3), ((1,29,59.059),3), ((18,29,5.385),2), ((21,8,3.606),4), ((31,1,69.778),4), ((21,31,6.403),3), ((27,18,50.448),5), ((18,15,3.162),5), ((1,29,59.059),5), ((18,29,5.385),4), ((5,39,8.944),6), ((27,18,50.448),6), ((20,27,2.828),6), ((5,27,14.142),5), ((1,10,24.759),7), ((10,38,1.0),7), ((3,36,6.708),7), ((10,36,22.023),6)]

+-+-+-+-+-+-+-+-+-+-+-+-+-+-+-+-+-+-+- Iteracion 455  +-+-+-+-+-+-+-+-+-+-+-+-+-+-+-+-+-+-+-


Ruta #1: [1, 25, 3, 36, 26, 40, 28]
Costo asociado: 84.326      Capacidad: 99.0

Ruta #2: [1, 5, 39, 20, 27, 2, 18, 15, 30]
Costo asociado: 144.695      Capacidad: 89.0

Ruta #3: [1, 10, 38, 22, 19, 4, 7, 34, 12]
Costo asociado: 214.139      Capacidad: 96.0

Ruta #4: [1, 29, 33, 13, 24, 37]
Costo asociado: 182.101      Capacidad: 89.0

Ruta #5: [1, 6, 16, 32, 23, 14, 9]
Costo asociado: 148.62100000000004      Capacidad: 95.0

Ruta #6: [1, 35, 17, 11, 41, 21, 8, 31]
Costo asociado: 255.28699999999998      Capacidad: 99.0

--> Costo total: 1027.1490000000001          Capacidad total: 567.0

+-+-+-+-+-+-+-+-+-+-+-+-+-+-+-+-+-+-+- Iteracion 455  +-+-+-+-+-+-+-+-+-+-+-+-+-+-+-+-+-+-+-

La solución anterior duró 0min 7seg    -------> Nuevo optimo local. Costo: 1027.1490000000001
Lista tabu: [((27,18,50.448),1), ((18,15,3.162),1), ((1,29,59.059),1), ((21,8,3.606),2), ((31,1,69.778),2), ((21,31,6.403),1), ((27,18,50.448),3), ((18,15,3.162),3), ((1,29,59.059),3), ((18,29,5.385),2), ((5,39,8.944),4), ((27,18,50.448),4), ((20,27,2.828),4), ((5,27,14.142),3), ((1,10,24.759),5), ((10,38,1.0),5), ((3,36,6.708),5), ((10,36,22.023),4), ((26,2,48.104),10), ((2,28,46.271),10), ((1,29,59.059),10), ((2,29,9.849),9), ((7,34,10.0),7), ((12,1,66.91),7), ((7,12,10.77),6)]

+-+-+-+-+-+-+-+-+-+-+-+-+-+-+-+-+-+-+- Iteracion 532  +-+-+-+-+-+-+-+-+-+-+-+-+-+-+-+-+-+-+-


Ruta #1: [1, 25, 3, 36, 26, 28]
Costo asociado: 83.368      Capacidad: 84.0

Ruta #2: [1, 5, 40, 39, 20, 27, 18, 15, 30]
Costo asociado: 143.62      Capacidad: 98.0

Ruta #3: [1, 10, 38, 22, 19, 4, 7, 34, 12]
Costo asociado: 214.139      Capacidad: 96.0

Ruta #4: [1, 2, 29, 33, 24, 13, 37]
Costo asociado: 182.11399999999998      Capacidad: 95.0

Ruta #5: [1, 6, 16, 32, 23, 14, 9]
Costo asociado: 148.62100000000004      Capacidad: 95.0

Ruta #6: [1, 35, 17, 11, 41, 21, 8, 31]
Costo asociado: 255.28699999999998      Capacidad: 99.0

--> Costo total: 1026.338          Capacidad total: 567.0

+-+-+-+-+-+-+-+-+-+-+-+-+-+-+-+-+-+-+- Iteracion 532  +-+-+-+-+-+-+-+-+-+-+-+-+-+-+-+-+-+-+-

La solución anterior duró 0min 1seg    -------> Nuevo optimo local. Costo: 1026.338
Lista tabu: [((5,40,5.831),1), ((39,20,4.0),1), ((14,9,3.162),2), ((9,1,68.0),2), ((35,17,86.764),2), ((17,11,10.0),2), ((14,17,7.81),1), ((9,14,3.162),3), ((14,23,5.099),3), ((1,37,71.694),3), ((37,13,4.243),3), ((9,37,4.472),2), ((9,14,3.162),4), ((14,23,5.099),4), ((33,24,6.708),4), ((24,13,3.606),4), ((9,24,12.042),3), ((5,40,5.831),5), ((39,20,4.0),5), ((5,39,8.944),4), ((11,41,8.062),6), ((8,31,2.828),6), ((8,11,12.806),5), ((11,41,8.062),7), ((21,8,3.606),7), ((11,21,9.434),6)]

Ruta #1: [1, 25, 3, 36, 26, 28]
Costo asociado: 83.368      Capacidad: 84.0

Ruta #2: [1, 5, 40, 39, 20, 27, 18, 15, 30]
Costo asociado: 143.62      Capacidad: 98.0

Ruta #3: [1, 10, 38, 22, 19, 4, 7, 34, 35]
Costo asociado: 221.70800000000003      Capacidad: 100.0

Ruta #4: [1, 2, 29, 33, 24, 13, 37]
Costo asociado: 182.11399999999998      Capacidad: 95.0

Ruta #5: [1, 6, 16, 32, 23, 14, 9]
Costo asociado: 148.62100000000004      Capacidad: 95.0

Ruta #6: [1, 12, 17, 11, 41, 21, 8, 31]
Costo asociado: 246.90699999999998      Capacidad: 95.0

--> Costo total: 1189.3400000000001          Capacidad total: 567.0

+-+-+-+-+-+-+-+-+-+-+-+-+-+-+-+-+-+-+- Iteracion 709  +-+-+-+-+-+-+-+-+-+-+-+-+-+-+-+-+-+-+-


Ruta #1: [1, 25, 3, 36, 26, 28]
Costo asociado: 83.368      Capacidad: 84.0

Ruta #2: [1, 5, 40, 39, 20, 27, 18, 15, 30]
Costo asociado: 143.62      Capacidad: 98.0

Ruta #3: [1, 10, 38, 22, 19, 4, 7, 34, 35]
Costo asociado: 221.70800000000003      Capacidad: 100.0

Ruta #4: [1, 2, 29, 33, 24, 13, 37]
Costo asociado: 182.11399999999998      Capacidad: 95.0

Ruta #5: [1, 6, 16, 32, 23, 14, 9]
Costo asociado: 148.62100000000004      Capacidad: 95.0

Ruta #6: [1, 12, 17, 11, 41, 21, 8, 31]
Costo asociado: 246.90699999999998      Capacidad: 95.0

--> Costo total: 1187.585          Capacidad total: 567.0

+-+-+-+-+-+-+-+-+-+-+-+-+-+-+-+-+-+-+- Iteracion 709  +-+-+-+-+-+-+-+-+-+-+-+-+-+-+-+-+-+-+-

Nuevo optimo. Costo: 1187.585
Lista tabu: [((12,17,84.309),4), ((17,11,10.0),4), ((7,34,10.0),4), ((34,35,4.472),4), ((12,34,2.828),3), ((24,13,3.606),5), ((13,37,4.243),5), ((16,32,1.414),5), ((32,23,2.236),5), ((24,32,15.297),4), ((11,41,8.062),6), ((41,21,1.414),6), ((6,16,5.385),6), ((16,32,1.414),6), ((11,16,19.235),5), ((1,5,14.213),7), ((5,40,5.831),7), ((39,20,4.0),7), ((20,27,2.828),7), ((1,20,19.026),6)]

+-+-+-+-+-+-+-+-+-+-+-+-+-+-+-+-+-+-+- Iteracion 713  +-+-+-+-+-+-+-+-+-+-+-+-+-+-+-+-+-+-+-


Ruta #1: [1, 25, 3, 36, 26, 28]
Costo asociado: 83.368      Capacidad: 84.0

Ruta #2: [1, 5, 40, 39, 20, 27, 18, 15, 30]
Costo asociado: 143.62      Capacidad: 98.0

Ruta #3: [1, 10, 38, 22, 19, 4, 7, 34, 35]
Costo asociado: 221.70800000000003      Capacidad: 100.0

Ruta #4: [1, 2, 29, 33, 24, 13, 37]
Costo asociado: 182.11399999999998      Capacidad: 95.0

Ruta #5: [1, 6, 16, 32, 23, 14, 9]
Costo asociado: 148.62100000000004      Capacidad: 95.0

