+-+-+-+-+-+-+-+-+-+-+-+-+-+-+ GRAFO CARGADO +-+-+-+-+-+-+-+-+-+-+-+-+-+-+-
        1         2         3         4         5         6         7         8         9         10        11        12        13        14        15        16        17        18        19        20        21        22        23        24        25        26        27        28        29        30        31        32        33        34        35        36        37        38        39        40        41        42        43        44        45        46        47        48        49        50        51        52        53        54        55        56        57        58        59        60        61        62        63
1     0         71.169    79.246    50.359    55.0    13.928    89.805    82.024    63.64    52.355    63.071    100.648    103.856    15.62    97.417    47.424    49.041    103.586    62.65    79.906    76.236    80.66    66.483    93.52    104.101    82.807    86.977    93.301    9.849    13.601    58.549    47.011    13.601    84.149    71.449    87.0    79.404    55.714    90.355    74.25    49.82    94.81    69.527    104.101    44.922    74.431    61.074    49.244    12.207    56.0    66.641    81.32    79.196    90.785    99.639    17.692    57.009    91.302    98.813    59.135    11.662    72.007    78.518    
2     71.169    0         78.518    103.947    103.586    80.951    88.091    30.017    104.561    81.633    51.971    74.33    90.094    86.006    81.884    81.841    107.713    80.081    10.198    81.744    20.125    79.404    72.533    65.521    81.043    85.709    86.209    22.361    80.994    84.758    101.02    98.311    84.309    83.295    78.102    87.281    20.0    46.487    67.268    77.279    105.38    82.389    70.406    81.043    104.35    17.464    106.4    79.612    83.006    104.35    8.602    81.498    80.753    66.491    86.701    87.727    104.484    69.231    83.024    104.202    80.529    68.731    78.638    
3     79.246    78.518    0         64.125    58.009    75.166    11.18    57.271    49.82    33.956    27.019    31.78    25.495    82.68    21.213    39.56    72.339    31.016    80.006    3.606    62.642    1.414    12.806    30.887    31.0    7.28    8.544    87.664    83.6    86.839    50.16    59.414    82.928    5.385    9.22    9.22    65.46    34.525    25.06    5.385    67.186    17.464    10.296    31.0    71.847    64.031    55.444    35.735    82.662    58.034    83.024    3.0    2.828    26.42    21.541    82.492    57.079    24.166    22.361    54.231    77.666    10.05    1.0    
4     50.359    103.947    64.125    0         7.81    37.014    70.406    100.24    19.849    31.257    67.067    95.047    88.284    40.447    85.288    26.926    8.544    95.047    98.717    62.394    99.298    65.192    54.148    91.662    95.084    62.968    68.066    122.919    46.098    46.53    16.125    5.831    42.297    66.611    55.036    67.268    102.903    65.299    86.371    59.034    3.162    81.394    59.211    95.084    9.899    98.813    14.213    30.806    43.186    8.485    102.942    64.382    62.29    87.464    84.853    38.639    9.899    86.209    86.371    13.454    40.0    63.285    63.127    
5     55.0    103.586    58.009    7.81    0         42.297    63.64    97.637    12.042    26.571    63.506    89.359    81.615    46.573    79.025    23.324    16.125    89.022    99.045    56.036    97.453    59.0    48.836    86.493    89.006    56.321    61.4    121.696    51.788    52.631    8.544    8.062    48.27    60.133    49.092    60.531    101.045    62.682    81.049    53.085    10.817    75.06    53.935    89.006    17.692    97.185    6.708    26.833    49.031    1.0    103.228    58.034    56.009    82.201    78.313    44.922    2.236    80.753    80.056    5.657    45.398    58.052    57.009    
6     13.928    80.951    75.166    37.014    42.297    0         85.0    87.693    51.923    44.598    63.561    99.96    100.499    7.616    94.826    39.051    35.171    102.157    73.246    75.213    83.199    76.551    62.434    93.68    102.552    77.621    82.201    102.552    9.849    12.042    46.84    34.234    7.81    79.63    66.611    82.006    86.585    57.428    89.811    69.893    36.222    91.788    66.242    102.552    31.048    81.744    48.662    41.725    7.81    43.29    77.389    76.844    74.632    90.443    96.385    8.062    44.407    90.477    96.177    46.872    3.162    69.318    74.33    
7     89.805    88.091    11.18    70.406    63.64    85.0    0         64.846    54.009    42.048    37.483    31.064    18.028    92.418    17.464    47.854    78.854    28.231    90.2    9.899    71.197    9.849    23.431    33.302    27.857    7.616    2.828    95.603    93.723    96.83    55.326    66.219    92.801    5.831    18.439    3.162    73.756    45.354    27.803    15.62    73.546    13.416    21.471    27.857    78.848    72.835    60.075    44.294    92.617    63.506    93.048    8.602    10.63    29.206    15.133    92.087    62.394    26.249    18.028    59.211    87.618    20.881    11.662    
8     82.024    30.017    57.271    100.24    97.637    87.693    64.846    0         95.131    72.007    35.355    45.541    63.008    94.34    55.082    74.33    106.024    51.478    37.537    60.836    10.0    57.775    55.606    37.121    52.469    64.475    63.569    30.806    91.022    95.021    92.801    94.414    93.193    61.098    59.908    64.846    10.44    34.986    40.05    57.801    102.421    56.436    51.865    52.469    103.47    12.806    98.6    71.028    92.136    98.184    38.013    60.008    59.933    39.013    60.133    95.525    97.908    42.048    56.036    96.607    88.363    48.877    57.697    
9     63.64    104.561    49.82    19.849    12.042    51.923    54.009    95.131    0         23.345    60.0    81.584    72.028    57.009    70.257    22.825    28.018    80.623    101.119    47.381    96.177    50.636    42.544    79.699    80.505    47.043    52.01    121.165    61.685    62.968    5.099    18.868    58.523    51.157    41.485    51.0    99.705    60.811    74.041    45.354    22.804    66.189    47.539    80.505    29.732    96.26    6.325    25.0    59.135    11.402    105.19    49.366    47.518    75.286    69.007    55.543    10.0    73.498    71.176    6.403    55.082    51.624    48.836    
10    52.355    81.633    33.956    31.257    26.571    44.598    42.048    72.007    23.345    0         37.216    64.008    59.135    51.624    55.109    5.831    39.013    64.382    78.791    32.894    72.835    35.171    23.0    60.407    64.498    34.438    39.395    97.837    54.037    56.639    20.809    26.019    52.345    37.336    24.739    38.91    76.368    37.483    55.145    28.636    34.132    51.42    28.018    64.498    38.118    72.918    26.627    3.162    52.402    26.926    82.765    34.785    32.573    56.223    55.362    50.99    26.401    55.036    56.294    24.698    47.508    32.062    32.985    
11    63.071    51.971    27.019    67.067    63.506    63.561    37.483    35.355    60.0    37.216    0         37.736    44.944    71.063    37.202    40.311    73.763    41.231    53.0    30.017    38.079    28.071    21.024    30.463    41.869    34.015    35.228    63.632    69.893    73.682    57.983    61.351    70.605    32.14    26.249    36.125    41.34    8.602    27.459    25.318    69.57    35.847    18.439    41.869    71.805    38.91    63.812    36.674    69.921    63.953    56.08    30.017    29.017    27.785    40.817    71.589    63.53    28.601    38.601    61.911    65.253    17.0    27.0    
12    100.648    74.33    31.78    95.047    89.359    99.96    31.064    45.541    81.584    64.008    37.736    0         19.698    107.564    14.142    69.116    103.0    6.0    79.706    34.482    54.571    31.048    41.012    8.944    7.0    35.847    31.765    75.0    107.019    110.693    81.744    90.0    107.336    31.385    40.311    33.121    55.902    45.804    10.296    36.346    98.02    17.804    36.056    7.0    102.078    57.009    87.132    65.123    106.775    89.454    81.345    32.573    34.205    10.0    18.601    107.838    88.566    9.487    14.213    85.843    101.951    32.14    32.757    
13    103.856    90.094    25.495    88.284    81.615    100.499    18.028    63.008    72.028    59.135    44.944    19.698    0         108.046    8.246    64.846    96.69    14.422    94.112    26.249    71.176    24.166    38.079    26.306    13.601    25.318    20.224    93.343    108.724    112.058    73.335    83.952    108.227    21.84    34.54    21.095    73.027    53.535    23.022    30.871    91.411    9.22    34.409    13.601    96.54    73.335    78.102    61.098    107.912    81.498    96.317    24.352    26.571    24.0    4.243    107.912    80.399    21.024    7.071    77.233    102.927    31.89    26.401    
14    15.62    86.006    82.68    40.447    46.573    7.616    92.418    94.34    57.009    51.624    71.063    107.564    108.046    0         102.421    45.967    37.054    109.772    77.827    82.662    89.443    84.06    69.971    101.242    110.168    85.0    89.627    107.912    6.708    6.083    52.0    38.601    2.236    87.092    74.061    89.404    92.763    64.777    97.406    77.389    39.115    99.363    73.824    110.168    33.015    87.864    53.16    48.836    3.606    47.539    81.884    84.315    82.098    98.031    103.942    2.236    48.765    98.082    103.769    51.546    6.0    76.922    81.835    
15    97.417    81.884    21.213    85.288    79.025    94.826    17.464    55.082    70.257    55.109    37.202    14.142    8.246    102.421    0         60.638    93.536    10.77    85.866    23.0    63.071    20.1    32.894    18.974    10.44    23.345    18.682    85.586    102.728    106.174    71.007    80.623    102.474    19.105    30.414    19.925    65.0    45.804    15.033    26.476    88.363    4.123    28.636    10.44    93.059    65.192    76.105    56.754    102.083    79.006    88.074    21.0    23.022    16.125    5.099    102.416    78.0    13.038    1.414    75.027    97.129    25.554    22.204    
16    47.424    81.841    39.56    26.926    23.324    39.051    47.854    74.33    22.825    5.831    40.311    69.116    64.846    45.967    60.638    0         34.234    69.721    78.294    38.626    74.411    40.804    28.16    65.123    69.871    40.249    45.188    99.005    48.6    51.088    19.209    21.378    46.755    43.081    30.364    44.721    77.987    39.408    60.008    34.205    29.614    57.009    33.061    69.871    33.0    74.277    24.759    4.0    46.861    23.854    82.365    40.497    38.275    61.033    61.033    45.277    23.601    60.008    61.847    22.627    42.012    37.014    38.601    
17    49.041    107.713    72.339    8.544    16.125    35.171    78.854    106.024    28.018    39.013    73.763    103.0    96.69    37.054    93.536    34.234    0         103.175    101.833    70.711    104.446    73.437    62.008    99.323    103.238    71.386    76.485    127.413    43.29    43.012    24.597    13.0    39.115    74.967    63.198    75.71    108.046    71.309    94.133    67.186    5.385    89.677    67.03    103.238    4.123    103.774    22.023    38.21    40.2    16.643    106.075    72.691    70.576    95.189    93.215    35.014    18.028    94.048    94.641    21.633    37.855    71.063    71.344    
18    103.586    80.081    31.016    95.047    89.022    102.157    28.231    51.478    80.623    64.382    41.231    6.0    14.422    109.772    10.77    69.721    103.175    0         85.235    33.242    60.415    30.067    41.593    14.56    1.0    33.956    29.411    81.0    109.567    113.159    81.154    90.2    109.659    29.614    40.012    30.676    61.814    49.578    14.213    36.014    98.082    14.866    36.878    1.0    102.489    62.817    86.371    65.765    109.165    89.051    86.977    31.257    33.136    14.422    14.213    109.932    88.091    12.728    10.296    85.212    104.278    33.242    32.016    
19    62.65    10.198    80.006    98.717    99.045    73.246    90.2    37.537    101.119    78.791    53.0    79.706    94.112    77.827    85.866    78.294    101.833    85.235    0         83.006    27.586    81.025    72.56    70.774    86.163    87.006    88.091    32.062    72.498    76.158    97.247    93.236    76.026    85.053    78.409    89.051    28.425    46.271    71.784    78.102    99.905    85.907    71.113    86.163    98.29    24.759    102.396    76.485    74.686    99.865    4.243    83.006    82.006    71.169    90.471    79.649    100.125    73.682    87.092    100.17    72.56    70.0    80.0    
20    79.906    81.744    3.606    62.394    56.036    75.213    9.899    60.836    47.381    32.894    30.017    34.482    26.249    82.662    23.0    38.626    70.711    33.242    83.006    0         66.098    3.606    13.601    34.132    33.136    4.0    7.071    91.181    83.869    87.006    48.01    57.871    83.006    4.472    8.602    7.211    68.949    37.216    28.302    5.831    65.49    19.026    12.369    33.136    70.406    67.446    53.151    34.928    82.801    56.009    86.093    2.0    1.0    29.682    22.561    82.377    55.0    27.295    24.021    52.038    77.801    13.038    3.162    
21    76.236    20.125    62.642    99.298    97.453    83.199    71.197    10.0    96.177    72.835    38.079    54.571    71.176    89.443    63.071    74.411    104.446    60.415    27.586    66.098    0         63.325    59.059    45.891    61.392    69.921    69.635    25.554    85.586    89.56    93.381    93.477    88.119    66.94    63.977    70.831    3.606    35.384    48.166    62.394    101.242    64.008    55.946    61.392    101.597    2.828    99.086    71.449    86.977    98.082    28.018    65.521    65.146    47.265    68.029    90.802    97.949    50.16    64.125    97.0    83.546    53.488    62.936    
22    80.66    79.404    1.414    65.192    59.0    76.551    9.849    57.775    50.636    35.171    28.071    31.048    24.166    84.06    20.1    40.804    73.437    30.067    81.025    3.606    63.325    0         14.213    30.529    30.017    6.708    7.28    88.255    85.0    88.233    51.088    60.531    84.315    4.123    10.44    8.062    66.098    35.693    24.698    6.708    68.264    16.279    11.662    30.017    72.993    64.761    56.321    37.0    84.054    59.008    84.006    2.236    3.162    26.077    20.248    83.863    58.034    23.707    21.213    55.145    79.057    11.18    2.236    
23    66.483    72.533    12.806    54.148    48.836    62.434    23.431    55.606    42.544    23.0    21.024    41.012    38.079    69.971    32.894    28.16    62.008    41.593    72.56    13.601    59.059    14.213    0         37.656    41.773    17.0    20.616    84.599    70.803    74.061    41.761    49.01    70.178    17.692    6.083    20.809    62.266    26.306    32.249    7.81    57.079    29.547    5.099    41.773    61.074    59.933    47.434    24.187    69.893    49.031    75.954    14.866    12.806    33.377    34.0    69.836    48.27    32.062    34.176    45.88    64.9    9.22    12.042    
24    93.52    65.521    30.887    91.662    86.493    93.68    33.302    37.121    79.699    60.407    30.463    8.944    26.306    101.242    18.974    65.123    99.323    14.56    70.774    34.132    45.891    30.529    37.656    0         15.524    36.401    33.242    67.119    100.305    104.062    79.31    86.371    100.881    32.016    38.275    34.655    47.381    38.079    5.831    34.54    94.53    21.471    32.558    15.524    98.082    48.27    84.9    61.131    100.245    86.683    72.45    32.45    33.615    4.472    24.042    101.651    85.907    7.071    19.647    83.433    95.509    28.443    31.765    
25    104.101    81.043    31.0    95.084    89.006    102.552    27.857    52.469    80.505    64.498    41.869    7.0    13.601    110.168    10.44    69.871    103.238    1.0    86.163    33.136    61.392    30.017    41.773    15.524    0         33.734    29.12    82.0    110.018    113.596    81.099    90.272    110.073    29.428    40.05    30.364    62.801    50.249    15.0    36.056    98.127    14.56    37.108    0.0    102.591    63.789    86.284    65.924    109.59    89.022    87.92    31.145    33.061    15.264    13.601    110.309    88.051    13.454    9.849    85.147    104.695    33.526    32.0    
26    82.807    85.709    7.28    62.968    56.321    77.621    7.616    64.475    47.043    34.438    34.015    35.847    25.318    85.0    23.345    40.249    71.386    33.956    87.006    4.0    69.921    6.708    17.0    36.401    33.734    0         5.099    94.921    86.452    89.499    48.094    58.694    85.428    4.472    11.402    4.472    72.732    41.195    30.61    9.487    66.098    19.235    16.279    33.734    71.309    71.309    53.0    36.715    85.276    56.223    90.089    4.472    5.0    32.016    22.023    84.629    55.145    29.411    24.187    52.038    80.281    17.029    7.071    
27    86.977    86.209    8.544    68.066    61.4    82.201    2.828    63.569    52.01    39.395    35.228    31.765    20.224    89.627    18.682    45.188    76.485    29.411    88.091    7.071    69.635    7.28    20.616    33.242    29.12    5.099    0         94.255    90.907    94.021    53.151    63.789    90.0    3.162    15.62    1.414    72.277    42.953    27.586    12.806    71.197    14.56    18.788    29.12    76.4    71.197    58.009    41.593    89.811    61.294    91.005    5.831    7.81    29.0    17.0    89.308    60.208    26.173    19.416    57.079    84.812    18.439    8.944    
28    93.301    22.361    87.664    122.919    121.696    102.552    95.603    30.806    121.165    97.837    63.632    75.0    93.343    107.912    85.586    99.005    127.413    81.0    32.062    91.181    25.554    88.255    84.599    67.119    82.0    94.921    94.255    0         103.092    106.902    118.14    117.154    106.283    91.706    89.443    95.509    22.361    60.605    70.576    87.727    124.631    87.132    81.394    82.0    124.278    25.0    123.762    96.26    105.005    122.381    29.017    90.477    90.25    69.462    90.67    109.563    122.348    72.56    86.47    121.631    102.318    78.791    88.023    
29    9.849    80.994    83.6    46.098    51.788    9.849    93.723    91.022    61.685    54.037    69.893    107.019    108.724    6.708    102.728    48.6    43.29    109.567    72.498    83.869    85.586    85.0    70.803    100.305    110.018    86.452    90.907    103.092    0         4.0    56.613    43.738    4.472    88.238    75.286    90.785    88.814    63.063    96.773    78.409    45.0    99.86    74.33    110.018    39.205    83.863    58.249    51.088    3.162    52.773    76.485    85.428    83.241    97.309    104.561    8.944    53.935    97.576    104.101    56.515    6.708    77.175    82.801    
30    13.601    84.758    86.839    46.53    52.631    12.042    96.83    95.021    62.968    56.639    73.682    110.693    112.058    6.083    106.174    51.088    43.012    113.159    76.158    87.006    89.56    88.233    74.061    104.062    113.596    89.499    94.021    106.902    4.0    0         57.94    44.643    4.472    91.4    78.409    93.862    92.779    66.94    100.464    81.609    45.177    103.247    77.698    113.596    39.0    87.824    59.203    53.759    4.243    53.6    80.112    88.6    86.4    101.02    107.912    8.0    54.818    101.237    107.541    57.567    9.22    80.623    86.023    
31    58.549    101.02    50.16    16.125    8.544    46.84    55.326    92.801    5.099    20.809    57.983    81.744    73.335    52.0    71.007    19.209    24.597    81.154    97.247    48.01    93.381    51.088    41.761    79.31    81.099    48.094    53.151    118.14    56.613    57.94    0         14.213    53.488    52.01    41.437    52.24    96.938    58.138    73.756    45.398    19.235    67.0    46.84    81.099    25.807    93.338    5.831    21.932    54.083    8.246    101.356    50.01    48.042    74.953    70.114    50.567    7.071    73.348    72.0    4.123    50.0    50.961    49.163    
32    47.011    98.311    59.414    5.831    8.062    34.234    66.219    94.414    18.868    26.019    61.351    90.0    83.952    38.601    80.623    21.378    13.0    90.2    93.236    57.871    93.477    60.531    49.01    86.371    90.272    58.694    63.789    117.154    43.738    44.643    14.213    0         40.262    62.169    50.249    63.063    97.082    59.481    81.154    54.231    8.246    76.792    54.037    90.272    12.649    93.005    14.56    25.318    41.0    9.055    97.453    59.841    57.706    82.219    80.411    37.0    10.198    81.056    81.744    13.0    37.336    58.078    58.421    
33    13.601    84.309    82.928    42.297    48.27    7.81    92.801    93.193    58.523    52.345    70.605    107.336    108.227    2.236    102.474    46.755    39.115    109.659    76.026    83.006    88.119    84.315    70.178    100.881    110.073    85.428    90.0    106.283    4.472    4.472    53.488    40.262    0         87.419    74.404    89.811    91.411    64.133    97.144    77.666    41.049    99.479    73.926    110.073    35.057    86.493    54.818    49.497    1.414    49.244    80.062    84.629    82.42    97.739    104.101    4.472    50.448    97.862    103.832    53.16    5.385    76.942    82.098    
34    84.149    83.295    5.385    66.611    60.133    79.63    5.831    61.098    51.157    37.336    32.14    31.385    21.84    87.092    19.105    43.081    74.967    29.614    85.053    4.472    66.94    4.123    17.692    32.016    29.428    4.472    3.162    91.706    88.238    91.4    52.01    62.169    87.419    0         13.038    4.0    69.642    39.812    26.249    9.899    69.721    15.033    15.652    29.428    74.733    68.447    57.035    39.395    87.201    60.075    88.0    2.828    5.0    27.659    18.248    86.822    59.034    25.0    20.025    56.0    82.201    15.297    5.831    
35    71.449    78.102    9.22    55.036    49.092    66.611    18.439    59.908    41.485    24.739    26.249    40.311    34.54    74.061    30.414    30.364    63.198    40.012    78.409    8.602    63.977    10.44    6.083    38.275    40.05    11.402    15.62    89.443    75.286    78.409    41.437    50.249    74.404    13.038    0         15.556    67.082    32.14    32.573    4.0    58.078    26.683    8.062    40.05    62.65    65.0    46.872    26.571    74.202    49.163    81.744    10.296    8.062    33.838    30.676    73.783    48.26    32.016    31.575    45.541    69.203    11.314    8.246    
36    87.0    87.281    9.22    67.268    60.531    82.006    3.162    64.846    51.0    38.91    36.125    33.121    21.095    89.404    19.925    44.721    75.71    30.676    89.051    7.211    70.831    8.062    20.809    34.655    30.364    4.472    1.414    95.509    90.785    93.862    52.24    63.063    89.811    4.0    15.556    0         73.498    43.738    29.0    13.038    70.406    15.811    19.313    30.364    75.69    72.367    57.035    41.183    89.644    60.407    92.0    6.325    8.062    30.414    18.028    89.051    59.304    27.586    20.616    56.143    84.646    19.235    9.487    
37    79.404    20.0    65.46    102.903    101.045    86.585    73.756    10.44    99.705    76.368    41.34    55.902    73.027    92.763    65.0    77.987    108.046    61.814    28.425    68.949    3.606    66.098    62.266    47.381    62.801    72.732    72.277    22.361    88.814    92.779    96.938    97.082    91.411    69.642    67.082    73.498    0         38.897    50.01    65.391    104.848    66.121    59.034    62.801    105.19    5.0    102.65    75.007    90.255    101.671    28.32    68.308    68.007    49.041    70.007    94.149    101.533    52.01    66.008    100.568    86.885    56.462    65.788    
38    55.714    46.487    34.525    65.299    62.682    57.428    45.354    34.986    60.811    37.483    8.602    45.804    53.535    64.777    45.804    39.408    71.309    49.578    46.271    37.216    35.384    35.693    26.306    38.079    50.249    41.195    42.953    60.605    63.063    66.94    58.138    59.481    64.133    39.812    32.14    43.738    38.897    0         35.609    32.016    67.543    44.418    25.02    50.249    68.949    35.609    63.891    36.235    63.348    63.246    49.649    37.483    36.222    35.805    49.396    65.49    63.008    36.878    47.202    61.847    58.856    24.515    34.366    
39    90.355    67.268    25.06    86.371    81.049    89.811    27.803    40.05    74.041    55.145    27.459    10.296    23.022    97.406    15.033    60.008    94.133    14.213    71.784    28.302    48.166    24.698    32.249    5.831    15.0    30.61    27.586    70.576    96.773    100.464    73.756    81.154    97.144    26.249    32.573    29.0    50.01    35.609    0         28.792    89.275    16.763    27.166    15.0    93.005    50.359    79.31    56.009    96.566    81.216    73.763    26.627    27.785    1.414    20.1    97.719    80.411    2.0    16.0    77.878    91.761    23.087    25.942    
40    74.25    77.279    5.385    59.034    53.085    69.893    15.62    57.801    45.354    28.636    25.318    36.346    30.871    77.389    26.476    34.205    67.186    36.014    78.102    5.831    62.394    6.708    7.81    34.54    36.056    9.487    12.806    87.727    78.409    81.609    45.398    54.231    77.666    9.899    4.0    13.038    65.391    32.016    28.792    0         62.073    22.804    7.0    36.056    66.611    63.569    50.804    30.364    77.421    53.151    81.302    7.071    5.0    30.083    26.926    77.175    52.24    28.16    27.659    49.497    72.422    8.944    4.472    
41    49.82    105.38    67.186    3.162    10.817    36.222    73.546    102.421    22.804    34.132    69.57    98.02    91.411    39.115    88.363    29.614    5.385    98.082    99.905    65.49    101.242    68.264    57.079    94.53    98.127    66.098    71.197    124.631    45.0    45.177    19.235    8.246    41.049    69.721    58.078    70.406    104.848    67.543    89.275    62.073    0         84.481    62.129    98.127    7.211    100.688    16.971    33.541    42.012    11.402    104.139    67.476    65.376    90.355    87.966    37.216    12.806    89.14    89.454    16.401    39.115    66.189    66.189    
42    94.81    82.389    17.464    81.394    75.06    91.788    13.416    56.436    66.189    51.42    35.847    17.804    9.22    99.363    4.123    57.009    89.677    14.866    85.907    19.026    64.008    16.279    29.547    21.471    14.56    19.235    14.56    87.132    99.86    103.247    67.0    76.792    99.479    15.033    26.683    15.811    66.121    44.418    16.763    22.804    84.481    0         25.554    14.56    89.269    66.008    72.062    53.16    99.126    75.027    88.284    17.029    19.105    18.028    5.0    99.298    74.007    14.866    5.0    71.007    94.154    22.804    18.439    
43    69.527    70.406    10.296    59.211    53.935    66.242    21.471    51.865    47.539    28.018    18.439    36.056    34.409    73.824    28.636    33.061    67.03    36.878    71.113    12.369    55.946    11.662    5.099    32.558    37.108    16.279    18.788    81.394    74.33    77.698    46.84    54.037    73.926    15.652    8.062    19.313    59.034    25.02    27.166    7.0    62.129    25.554    0         37.108    66.03    57.009    52.498    29.069    73.573    54.129    74.33    13.0    11.402    28.284    30.232    73.79    53.367    27.019    29.967    50.961    68.6    4.123    9.849    
44    104.101    81.043    31.0    95.084    89.006    102.552    27.857    52.469    80.505    64.498    41.869    7.0    13.601    110.168    10.44    69.871    103.238    1.0    86.163    33.136    61.392    30.017    41.773    15.524    0.0    33.734    29.12    82.0    110.018    113.596    81.099    90.272    110.073    29.428    40.05    30.364    62.801    50.249    15.0    36.056    98.127    14.56    37.108    0         102.591    63.789    86.284    65.924    109.59    89.022    87.92    31.145    33.061    15.264    13.601    110.309    88.051    13.454    9.849    85.147    104.695    33.526    32.0    
45    44.922    104.35    71.847    9.899    17.692    31.048    78.848    103.47    29.732    38.118    71.805    102.078    96.54    33.015    93.059    33.0    4.123    102.489    98.29    70.406    101.597    72.993    61.074    98.082    102.591    71.309    76.4    124.278    39.205    39.0    25.807    12.649    35.057    74.733    62.65    75.69    105.19    68.949    93.005    66.611    7.211    89.269    66.03    102.591    0         100.846    24.083    37.0    36.125    18.385    102.533    72.367    70.214    94.021    92.962    31.0    19.799    93.005    94.202    23.345    33.734    70.007    70.859    
46    74.431    17.464    64.031    98.813    97.185    81.744    72.835    12.806    96.26    72.918    38.91    57.009    73.335    87.864    65.192    74.277    103.774    62.817    24.759    67.446    2.828    64.761    59.933    48.27    63.789    71.309    71.197    25.0    83.863    87.824    93.338    93.005    86.493    68.447    65.0    72.367    5.0    35.609    50.359    63.569    100.688    66.008    57.009    63.789    100.846    0         99.005    71.421    85.329    97.837    25.239    66.94    66.483    49.497    70.114    89.269    97.745    52.345    66.272    96.897    82.0    54.708    64.288    
47    61.074    106.4    55.444    14.213    6.708    48.662    60.075    98.6    6.325    26.627    63.812    87.132    78.102    53.16    76.105    24.759    22.023    86.371    102.396    53.151    99.086    56.321    47.434    84.9    86.284    53.0    58.009    123.762    58.249    59.203    5.831    14.56    54.818    57.035    46.872    57.035    102.65    63.891    79.31    50.804    16.971    72.062    52.498    86.284    24.083    99.005    0         27.659    55.543    5.831    106.532    55.145    53.235    80.523    75.007    51.546    4.472    78.854    77.058    2.236    51.788    56.613    54.452    
48    49.244    79.612    35.735    30.806    26.833    41.725    44.294    71.028    25.0    3.162    36.674    65.123    61.098    48.836    56.754    4.0    38.21    65.765    76.485    34.928    71.449    37.0    24.187    61.131    65.924    36.715    41.593    96.26    51.088    53.759    21.932    25.318    49.497    39.395    26.571    41.183    75.007    36.235    56.009    30.364    33.541    53.16    29.069    65.924    37.0    71.421    27.659    0         49.518    27.295    80.498    36.77    34.54    57.035    57.245    48.27    26.926    56.009    57.974    25.612    44.598    33.015    34.785    
49    12.207    83.006    82.662    43.186    49.031    7.81    92.617    92.136    59.135    52.402    69.921    106.775    107.912    3.606    102.083    46.861    40.2    109.165    74.686    82.801    86.977    84.054    69.893    100.245    109.59    85.276    89.811    105.005    3.162    4.243    54.083    41.0    1.414    87.201    74.202    89.644    90.255    63.348    96.566    77.421    42.012    99.126    73.573    109.59    36.125    85.329    55.543    49.518    0         50.01    78.715    84.404    82.201    97.144    103.774    5.831    51.196    97.309    103.446    53.852    5.0    76.538    81.841    
50    56.0    104.35    58.034    8.485    1.0    43.29    63.506    98.184    11.402    26.926    63.953    89.454    81.498    47.539    79.006    23.854    16.643    89.051    99.865    56.009    98.082    59.008    49.031    86.683    89.022    56.223    61.294    122.381    52.773    53.6    8.246    9.055    49.244    60.075    49.163    60.407    101.671    63.246    81.216    53.151    11.402    75.027    54.129    89.022    18.385    97.837    5.831    27.295    50.01    0         104.043    58.009    56.0    82.377    78.23    45.88    1.414    80.895    80.025    5.0    46.39    58.249    57.035    
51    66.641    8.602    83.024    102.942    103.228    77.389    93.048    38.013    105.19    82.765    56.08    81.345    96.317    81.884    88.074    82.365    106.075    86.977    4.243    86.093    28.018    84.006    75.954    72.45    87.92    90.089    91.005    29.017    76.485    80.112    101.356    97.453    80.062    88.0    81.744    92.0    28.32    49.649    73.763    81.302    104.139    88.284    74.33    87.92    102.533    25.239    106.532    80.498    78.715    104.043    0         86.023    85.094    73.082    92.763    83.726    104.293    75.69    89.269    104.307    76.662    73.062    83.054    
52    81.32    81.498    3.0    64.382    58.034    76.844    8.602    60.008    49.366    34.785    30.017    32.573    24.352    84.315    21.0    40.497    72.691    31.257    83.006    2.0    65.521    2.236    14.866    32.45    31.145    4.472    5.831    90.477    85.428    88.6    50.01    59.841    84.629    2.828    10.296    6.325    68.308    37.483    26.627    7.071    67.476    17.029    13.0    31.145    72.367    66.94    55.145    36.77    84.404    58.009    86.023    0         2.236    28.018    20.616    84.06    57.0    25.554    22.023    54.037    79.404    13.038    3.162    
53    79.196    80.753    2.828    62.29    56.009    74.632    10.63    59.933    47.518    32.573    29.017    34.205    26.571    82.098    23.022    38.275    70.576    33.136    82.006    1.0    65.146    3.162    12.806    33.615    33.061    5.0    7.81    90.25    83.241    86.4    48.042    57.706    82.42    5.0    8.062    8.062    68.007    36.222    27.785    5.0    65.376    19.105    11.402    33.061    70.214    66.483    53.235    34.54    82.201    56.0    85.094    2.236    0         29.155    22.804    81.835    55.009    26.833    24.083    52.086    77.201    12.042    2.236    
54    90.785    66.491    26.42    87.464    82.201    90.443    29.206    39.013    75.286    56.223    27.785    10.0    24.0    98.031    16.125    61.033    95.189    14.422    71.169    29.682    47.265    26.077    33.377    4.472    15.264    32.016    29.0    69.462    97.309    101.02    74.953    82.219    97.739    27.659    33.838    30.414    49.041    35.805    1.414    30.083    90.355    18.028    28.284    15.264    94.021    49.497    80.523    57.035    97.144    82.377    73.082    28.018    29.155    0         21.213    98.372    81.584    3.162    17.029    79.076    92.358    24.187    27.295    
55    99.639    86.701    21.541    84.853    78.313    96.385    15.133    60.133    69.007    55.362    40.817    18.601    4.243    103.942    5.099    61.033    93.215    14.213    90.471    22.561    68.029    20.248    34.0    24.042    13.601    22.023    17.0    90.67    104.561    107.912    70.114    80.411    104.101    18.248    30.676    18.028    70.007    49.396    20.1    26.926    87.966    5.0    30.232    13.601    92.962    70.114    75.007    57.245    103.774    78.23    92.763    20.616    22.804    21.213    0         103.832    77.162    18.111    4.472    74.061    98.793    27.659    22.472    
56    17.692    87.727    82.492    38.639    44.922    8.062    92.087    95.525    55.543    50.99    71.589    107.838    107.912    2.236    102.416    45.277    35.014    109.932    79.649    82.377    90.802    83.863    69.836    101.651    110.309    84.629    89.308    109.563    8.944    8.0    50.567    37.0    4.472    86.822    73.783    89.051    94.149    65.49    97.719    77.175    37.216    99.298    73.79    110.309    31.0    89.269    51.546    48.27    5.831    45.88    83.726    84.06    81.835    98.372    103.832    0         47.127    98.351    103.755    49.98    7.28    76.968    81.633    
57    57.009    104.484    57.079    9.899    2.236    44.407    62.394    97.908    10.0    26.401    63.53    88.566    80.399    48.765    78.0    23.601    18.028    88.091    100.125    55.0    97.949    58.034    48.27    85.907    88.051    55.145    60.208    122.348    53.935    54.818    7.071    10.198    50.448    59.034    48.26    59.304    101.533    63.008    80.411    52.24    12.806    74.007    53.367    88.051    19.799    97.745    4.472    26.926    51.196    1.414    104.293    57.0    55.009    81.584    77.162    47.127    0         80.062    79.006    3.606    47.518    57.489    56.08    
58    91.302    69.231    24.166    86.209    80.753    90.477    26.249    42.048    73.498    55.036    28.601    9.487    21.024    98.082    13.038    60.008    94.048    12.728    73.682    27.295    50.16    23.707    32.062    7.071    13.454    29.411    26.173    72.56    97.576    101.237    73.348    81.056    97.862    25.0    32.016    27.586    52.01    36.878    2.0    28.16    89.14    14.866    27.019    13.454    93.005    52.345    78.854    56.009    97.309    80.895    75.69    25.554    26.833    3.162    18.111    98.351    80.062    0         14.0    77.466    92.477    23.0    25.08    
59    98.813    83.024    22.361    86.371    80.056    96.177    18.028    56.036    71.176    56.294    38.601    14.213    7.071    103.769    1.414    61.847    94.641    10.296    87.092    24.021    64.125    21.213    34.176    19.647    9.849    24.187    19.416    86.47    104.101    107.541    72.0    81.744    103.832    20.025    31.575    20.616    66.008    47.202    16.0    27.659    89.454    5.0    29.967    9.849    94.202    66.272    77.058    57.974    103.446    80.025    89.269    22.023    24.083    17.029    4.472    103.755    79.006    14.0    0         76.007    98.489    26.926    23.345    
60    59.135    104.202    54.231    13.454    5.657    46.872    59.211    96.607    6.403    24.698    61.911    85.843    77.233    51.546    75.027    22.627    21.633    85.212    100.17    52.038    97.0    55.145    45.88    83.433    85.147    52.038    57.079    121.631    56.515    57.567    4.123    13.0    53.16    56.0    45.541    56.143    100.568    61.847    77.878    49.497    16.401    71.007    50.961    85.147    23.345    96.897    2.236    25.612    53.852    5.0    104.307    54.037    52.086    79.076    74.061    49.98    3.606    77.466    76.007    0         50.01    55.082    53.235    
61    11.662    80.529    77.666    40.0    45.398    3.162    87.618    88.363    55.082    47.508    65.253    101.951    102.927    6.0    97.129    42.012    37.855    104.278    72.56    77.801    83.546    79.057    64.9    95.509    104.695    80.281    84.812    102.318    6.708    9.22    50.0    37.336    5.385    82.201    69.203    84.646    86.885    58.856    91.761    72.422    39.115    94.154    68.6    104.695    33.734    82.0    51.788    44.598    5.0    46.39    76.662    79.404    77.201    92.358    98.793    7.28    47.518    92.477    98.489    50.01    0         71.589    76.844    
62    72.007    68.731    10.05    63.285    58.052    69.318    20.881    48.877    51.624    32.062    17.0    32.14    31.89    76.922    25.554    37.014    71.063    33.242    70.0    13.038    53.488    11.18    9.22    28.443    33.526    17.029    18.439    78.791    77.175    80.623    50.961    58.078    76.942    15.297    11.314    19.235    56.462    24.515    23.087    8.944    66.189    22.804    4.123    33.526    70.007    54.708    56.613    33.015    76.538    58.249    73.062    13.038    12.042    24.187    27.659    76.968    57.489    23.0    26.926    55.082    71.589    0         10.0    
63    78.518    78.638    1.0    63.127    57.009    74.33    11.662    57.697    48.836    32.985    27.0    32.757    26.401    81.835    22.204    38.601    71.344    32.016    80.0    3.162    62.936    2.236    12.042    31.765    32.0    7.071    8.944    88.023    82.801    86.023    49.163    58.421    82.098    5.831    8.246    9.487    65.788    34.366    25.942    4.472    66.189    18.439    9.849    32.0    70.859    64.288    54.452    34.785    81.841    57.035    83.054    3.162    2.236    27.295    22.472    81.633    56.08    25.08    23.345    53.235    76.844    10.0    0         


Demandas:
1: 0.0
2: 18.0
