+-+-+-+-+-+-+-+-+-+-+-+-+-+-+ GRAFO CARGADO +-+-+-+-+-+-+-+-+-+-+-+-+-+-+-
        1         2         3         4         5         6         7         8         9         10        11        12        13        14        15        16        17        18        19        20        21        22        23        24        25        26        27        28        29        30        31        32        33        34        35        36        37        38        39        40        41        42        43        44        45
1     0         98.082    20.0    69.426    32.558    76.236    42.521    32.802    38.626    38.21    65.115    77.666    22.0    26.077    63.151    72.111    39.598    62.61    25.456    95.352    43.863    32.311    74.027    73.348    58.31    71.694    26.077    86.163    58.822    94.255    90.022    88.295    24.739    74.726    25.06    18.439    95.352    94.594    42.942    18.439    33.526    96.602    77.253    91.608    69.08    
2     98.082    0         94.34    89.443    88.091    43.081    91.935    72.443    59.464    61.774    35.609    82.873    107.703    72.801    54.918    26.0    64.281    36.497    75.71    50.04    62.032    77.201    36.715    26.077    67.676    26.683    84.876    67.082    100.439    62.032    32.062    54.332    73.539    57.585    83.762    83.187    50.04    12.0    55.785    83.187    82.024    78.23    20.881    89.822    66.212    
3     20.0    94.34    0         50.0    13.416    64.777    22.627    42.755    38.419    32.802    59.059    59.059    13.416    31.623    50.16    68.819    46.819    62.225    34.525    82.0    51.264    18.439    64.56    72.25    42.426    69.656    10.198    69.857    38.833    78.918    80.05    74.108    25.06    60.133    10.77    13.416    82.0    88.566    44.407    13.416    48.042    79.12    74.404    72.719    52.953    
4     69.426    89.443    50.0    0         36.878    46.648    27.785    78.791    62.097    51.923    59.228    12.166    57.271    67.082    35.44    71.805    77.795    74.108    72.471    51.614    81.043    40.497    52.802    79.246    24.083    75.313    43.863    31.305    18.111    42.048    61.221    42.802    59.059    32.802    45.343    54.037    51.614    78.892    67.469    54.037    88.589    34.059    76.655    23.409    23.324    
5     32.558    88.091    13.416    36.878    0         54.406    10.77    48.166    37.947    29.53    52.498    45.651    24.0    36.056    39.294    63.655    50.16    59.363    40.447    70.257    54.332    11.662    55.462    68.411    30.0    65.299    8.246    56.886    27.857    66.272    70.228    62.032    28.0    48.042    10.198    18.974    70.257    80.994    44.272    18.974    55.785    65.788    69.311    59.363    40.2    
6     76.236    43.081    64.777    46.648    54.406    0         54.589    64.498    44.721    39.294    21.633    39.85    77.666    57.585    15.232    31.048    58.822    39.446    62.769    20.591    59.666    46.39    8.246    39.294    27.203    35.44    54.589    26.306    59.397    26.077    16.125    17.205    53.367    14.56    54.332    58.034    20.591    32.249    46.043    58.034    76.158    39.294    34.234    48.042    23.324    
7     42.521    91.935    22.627    27.785    10.77    54.589    0         58.549    46.69    37.363    56.851    37.947    29.732    46.39    39.446    68.819    60.0    66.212    50.99    67.912    64.031    20.1    57.201    74.431    27.857    71.021    18.974    52.0    17.088    62.129    70.711    59.228    38.21    45.607    20.881    29.732    67.912    83.738    52.953    29.732    66.483    59.228    74.404    50.99    36.497    
8     32.802    72.443    42.755    78.791    48.166    64.498    58.549    0         20.0    28.425    46.174    82.68    52.0    12.166    56.639    48.042    8.246    36.056    8.246    85.088    11.662    39.294    59.093    46.39    58.822    46.043    40.05    83.451    75.313    88.408    74.0    80.449    20.396    69.426    38.053    30.067    85.088    72.111    18.974    30.067    11.662    96.208    52.038    96.519    68.118    
9     38.626    59.464    38.419    62.097    37.947    44.721    46.69    20.0    0         10.198    28.071    64.405    50.912    14.0    36.77    33.526    16.125    24.413    18.439    65.299    18.974    26.683    39.85    34.986    40.249    33.106    31.305    63.655    62.032    68.411    55.317    60.465    14.422    49.518    29.53    25.456    65.299    56.569    6.325    25.456    31.623    76.577    38.626    77.897    48.826    
10    38.21    61.774    32.802    51.923    29.53    39.294    37.363    28.425    10.198    0         27.203    54.589    46.043    18.868    28.844    36.056    26.0    30.0    24.413    59.464    29.12    17.889    36.056    39.598    30.529    36.878    24.083    55.317    52.154    61.057    52.038    53.666    14.142    41.617    22.627    21.541    59.464    56.921    16.0    21.541    39.598    67.882    41.617    68.264    39.699    
11    65.115    35.609    59.059    59.228    52.498    21.633    56.851    46.174    28.071    27.203    0         56.0    72.471    42.048    24.083    12.649    39.395    17.889    46.39    41.037    39.446    41.617    14.142    20.1    35.44    16.125    49.396    46.819    67.082    47.707    27.857    38.833    40.447    32.985    48.374    48.703    41.037    29.732    27.203    48.703    57.585    60.166    17.889    66.753    38.0    
12    77.666    82.873    59.059    12.166    45.651    39.85    37.947    82.68    64.405    54.589    56.0    0         67.676    71.61    32.062    68.118    80.498    72.443    77.201    41.037    83.259    46.69    47.074    76.026    24.166    72.028    51.614    20.0    30.265    30.529    52.839    32.558    64.031    25.298    52.802    60.959    41.037    71.694    69.08    60.959    93.231    22.0    72.443    14.142    18.0    
13    22.0    107.703    13.416    57.271    24.0    77.666    29.732    52.0    50.912    46.043    72.471    67.676    0         42.19    62.801    82.098    57.306    75.073    43.863    94.191    61.774    31.623    77.795    85.276    54.0    82.801    23.409    80.623    42.802    90.2    93.145    86.023    36.878    72.028    24.166    25.456    94.191    101.98    56.639    25.456    54.918    88.769    87.658    80.623    64.125    
14    26.077    72.801    31.623    67.082    36.056    57.585    46.39    12.166    14.0    18.868    42.048    71.61    42.19    0         47.707    47.074    15.232    36.77    5.657    78.0    19.698    27.203    53.367    47.539    48.166    46.174    28.0    74.027    63.151    79.925    69.051    72.471    8.246    60.465    26.0    18.439    78.0    70.456    17.088    18.439    21.633    86.371    51.923    85.604    58.0    
15    63.151    54.918    50.16    35.44    39.294    15.232    39.446    56.639    36.77    28.844    24.083    32.062    62.801    47.707    0         36.497    52.498    40.447    53.254    32.249    54.406    32.0    18.439    44.181    12.806    40.2    40.05    26.907    45.607    32.249    31.305    25.298    42.048    12.806    40.0    44.721    32.249    45.343    40.0    44.721    68.118    40.0    41.231    43.681    14.142    
16    72.111    26.0    68.819    71.805    63.655    31.048    68.819    48.042    33.526    36.056    12.649    68.118    82.098    47.074    36.497    0         40.2    12.649    50.359    47.707    38.833    52.345    22.804    8.246    48.083    4.472    59.666    57.271    79.624    56.462    31.113    47.539    47.539    44.181    58.412    57.306    47.707    24.083    30.265    57.306    58.549    70.342    5.657    78.23    50.16    
17    39.598    64.281    46.819    77.795    50.16    58.822    60.0    8.246    16.125    26.0    39.395    80.498    57.306    15.232    52.498    40.2    0         28.0    14.142    79.322    4.472    40.05    52.839    38.21    56.356    38.0    42.426    79.398    76.236    83.546    67.231    75.286    22.361    65.115    40.447    33.526    79.322    64.281    12.806    33.526    18.439    92.455    44.0    94.021    64.9    
18    62.61    36.497    62.225    74.108    59.363    39.446    66.212    36.056    24.413    30.0    17.889    72.443    75.073    36.77    40.447    12.649    28.0    0         39.294    58.138    26.306    47.707    31.623    10.77    50.04    10.0    54.037    64.622    79.12    65.513    42.802    56.604    38.833    50.596    52.498    49.679    58.138    36.497    19.698    49.679    46.174    78.0    16.0    83.952    54.589    
19    25.456    75.71    34.525    72.471    40.447    62.769    50.99    8.246    18.439    24.413    46.39    77.201    43.863    5.657    53.254    50.359    14.142    39.294    0         83.259    18.439    32.311    58.241    50.0    53.814    49.031    32.249    79.649    67.912    85.44    73.756    77.897    13.416    66.03    30.265    22.0    83.259    74.108    20.1    22.0    16.125    92.022    54.918    91.214    63.655    
20    95.352    50.04    82.0    51.614    70.257    20.591    67.912    85.088    65.299    59.464    41.037    41.037    94.191    78.0    32.249    47.707    79.322    58.138    83.259    0         80.0    64.125    26.907    55.57    40.447    52.154    72.028    21.26    68.0    12.649    18.439    8.944    73.376    22.361    72.111    76.942    0.0    38.053    66.573    76.942    96.747    29.12    49.193    42.942    31.623    
21    43.863    62.032    51.264    81.043    54.332    59.666    64.031    11.662    18.974    29.12    39.446    83.259    61.774    19.698    54.406    38.833    4.472    26.306    18.439    80.0    0         44.0    53.254    36.0    59.093    36.222    46.69    81.216    80.1    84.853    67.082    76.42    26.683    66.843    44.721    37.947    80.0    62.801    14.422    37.947    20.0    94.403    42.19    96.602    67.231    
22    32.311    77.201    18.439    40.497    11.662    46.39    20.1    39.294    26.683    17.889    41.617    46.69    31.623    27.203    32.0    52.345    40.05    47.707    32.311    64.125    44.0    0         46.174    56.851    26.0    53.814    8.246    53.852    36.222    62.097    61.612    56.569    18.974    42.755    8.0    14.422    64.125    70.711    32.985    14.422    48.332    64.498    58.0    60.828    36.77    
23    74.027    36.715    64.56    52.802    55.462    8.246    57.201    59.093    39.85    36.056    14.142    47.074    77.795    53.367    18.439    22.804    52.839    31.623    58.241    26.907    53.254    46.174    0         31.048    31.241    27.203    54.406    34.525    64.031    34.0    16.0    25.06    50.16    22.091    53.852    56.321    26.907    26.907    40.249    56.321    70.682    47.539    26.077    56.0    29.732    
24    73.348    26.077    72.25    79.246    68.411    39.294    74.431    46.39    34.986    39.598    20.1    76.026    85.276    47.539    44.181    8.246    38.21    10.77    50.0    55.57    36.0    56.851    31.048    0         55.317    4.0    63.655    65.513    86.163    64.622    38.419    55.714    49.396    52.345    62.225    60.0    55.57    27.857    30.463    60.0    56.0    78.588    7.211    86.371    58.034    
25    58.31    67.676    42.426    24.083    30.0    27.203    27.857    58.822    40.249    30.529    35.44    24.166    54.0    48.166    12.806    48.083    56.356    50.04    53.814    40.447    59.093    26.0    31.241    55.317    0         51.42    32.985    27.857    32.802    36.497    43.267    32.062    41.037    18.111    33.526    40.249    40.447    58.138    44.944    40.249    69.656    38.833    53.141    37.736    10.77    
26    71.694    26.683    69.656    75.313    65.299    35.44    71.021    46.043    33.106    36.878    16.125    72.028    82.801    46.174    40.2    4.472    38.0    10.0    49.031    52.154    36.222    53.814    27.203    4.0    51.42    0         60.828    61.612    82.462    60.926    35.384    52.0    47.413    48.374    59.464    57.689    52.154    26.683    29.12    57.689    56.143    74.726    6.0    82.389    54.037    
27    26.077    84.876    10.198    43.863    8.246    54.589    18.974    40.05    31.305    24.083    49.396    51.614    23.409    28.0    40.05    59.666    42.426    54.037    32.249    72.028    46.69    8.246    54.406    63.655    32.985    60.828    0         60.729    36.056    69.426    69.857    64.281    20.1    50.359    2.0    10.77    72.028    78.715    37.577    10.77    47.539    70.682    65.299    65.605    43.681    
28    86.163    67.082    69.857    31.305    56.886    26.306    52.0    83.451    63.655    55.317    46.819    20.0    80.623    74.027    26.907    57.271    79.398    64.622    79.649    21.26    81.216    53.852    34.525    65.513    27.857    61.612    60.729    0         48.703    10.77    35.44    13.416    67.676    14.422    61.351    68.029    21.26    55.317    66.843    68.029    94.847    13.416    60.531    22.804    17.088    
29    58.822    100.439    38.833    18.111    27.857    59.397    17.088    75.313    62.032    52.154    67.082    30.265    42.802    63.151    45.607    79.624    76.236    79.12    67.912    68.0    80.1    36.222    64.031    86.163    32.802    82.462    36.056    48.703    0         59.464    75.073    59.059    54.918    47.202    37.947    46.819    68.0    90.907    68.118    46.819    83.522    52.154    84.971    40.447    37.202    
30    94.255    62.032    78.918    42.048    66.272    26.077    62.129    88.408    68.411    61.057    47.707    30.529    90.2    79.925    32.249    56.462    83.546    65.513    85.44    12.649    84.853    62.097    34.0    64.622    36.497    60.926    69.426    10.77    59.464    0         30.0    8.944    74.243    19.698    69.857    75.895    12.649    50.04    70.767    75.895    100.0    16.492    58.822    30.529    26.077    
31    90.022    32.062    80.05    61.221    70.228    16.125    70.711    74.0    55.317    52.038    27.857    52.839    93.145    69.051    31.305    31.113    67.231    42.802    73.756    18.439    67.082    61.612    16.0    38.419    43.267    35.384    69.857    35.44    75.073    30.0    0         22.361    66.121    28.425    69.426    72.25    18.439    20.1    55.027    72.25    85.44    46.174    31.623    58.241    38.21    
32    88.295    54.332    74.108    42.802    62.032    17.205    59.228    80.449    60.465    53.666    38.833    32.558    86.023    72.471    25.298    47.539    75.286    56.604    77.897    8.944    76.42    56.569    25.06    55.714    32.062    52.0    64.281    13.416    59.059    8.944    22.361    0         67.231    14.0    64.498    69.857    8.944    42.426    62.482    69.857    92.087    24.0    50.0    36.056    22.804    
33    24.739    73.539    25.06    59.059    28.0    53.367    38.21    20.396    14.422    14.142    40.447    64.031    36.878    8.246    42.048    47.539    22.361    38.833    13.416    73.376    26.683    18.974    50.16    49.396    41.037    47.413    20.1    67.676    54.918    74.243    66.121    67.231    0         54.589    18.111    11.662    73.376    69.857    19.799    11.662    29.53    79.649    52.802    78.102    51.225    
34    74.726    57.585    60.133    32.802    48.042    14.56    45.607    69.426    49.518    41.617    32.985    25.298    72.028    60.465    12.806    44.181    65.115    50.596    66.03    22.361    66.843    42.755    22.091    52.345    18.111    48.374    50.359    14.422    47.202    19.698    28.425    14.0    54.589    0         50.636    56.321    22.361    46.519    52.498    56.321    80.92    27.785    48.0    34.059    10.0    
35    25.06    83.762    10.77    45.343    10.198    54.332    20.881    38.053    29.53    22.627    48.374    52.802    24.166    26.0    40.0    58.412    40.447    52.498    30.265    72.111    44.721    8.0    53.852    62.225    33.526    59.464    2.0    61.351    37.947    69.857    69.426    64.498    18.111    50.636    0         8.944    72.111    77.82    35.777    8.944    45.607    71.554    64.031    66.843    44.272    
36    18.439    83.187    13.416    54.037    18.974    58.034    29.732    30.067    25.456    21.541    48.703    60.959    25.456    18.439    44.721    57.306    33.526    49.679    22.0    76.942    37.947    14.422    56.321    60.0    40.249    57.689    10.77    68.029    46.819    75.895    72.25    69.857    11.662    56.321    8.944    0         76.942    78.435    31.241    0.0    36.878    78.892    62.769    75.073    50.99    
37    95.352    50.04    82.0    51.614    70.257    20.591    67.912    85.088    65.299    59.464    41.037    41.037    94.191    78.0    32.249    47.707    79.322    58.138    83.259    0.0    80.0    64.125    26.907    55.57    40.447    52.154    72.028    21.26    68.0    12.649    18.439    8.944    73.376    22.361    72.111    76.942    0         38.053    66.573    76.942    96.747    29.12    49.193    42.942    31.623    
38    94.594    12.0    88.566    78.892    80.994    32.249    83.738    72.111    56.569    56.921    29.732    71.694    101.98    70.456    45.343    24.083    64.281    36.497    74.108    38.053    62.801    70.711    26.907    27.857    58.138    26.683    78.715    55.317    90.907    50.04    20.1    42.426    69.857    46.519    77.82    78.435    38.053    0         54.037    78.435    82.608    66.272    20.881    78.102    55.57    
39    42.942    55.785    44.407    67.469    44.272    46.043    52.953    18.974    6.325    16.0    27.203    69.08    56.639    17.088    40.0    30.265    12.806    19.698    20.1    66.573    14.422    32.985    40.249    30.463    44.944    29.12    37.577    66.843    68.118    70.767    55.027    62.482    19.799    52.498    35.777    31.241    66.573    54.037    0         31.241    30.463    80.0    34.928    82.292    52.839    
40    18.439    83.187    13.416    54.037    18.974    58.034    29.732    30.067    25.456    21.541    48.703    60.959    25.456    18.439    44.721    57.306    33.526    49.679    22.0    76.942    37.947    14.422    56.321    60.0    40.249    57.689    10.77    68.029    46.819    75.895    72.25    69.857    11.662    56.321    8.944    0.0    76.942    78.435    31.241    0         36.878    78.892    62.769    75.073    50.99    
41    33.526    82.024    48.042    88.589    55.785    76.158    66.483    11.662    31.623    39.598    57.585    93.231    54.918    21.633    68.118    58.549    18.439    46.174    16.125    96.747    20.0    48.332    70.682    56.0    69.656    56.143    47.539    94.847    83.522    100.0    85.44    92.087    29.53    80.92    45.607    36.878    96.747    82.608    30.463    36.878    0         107.48    62.129    107.201    79.246    
42    96.602    78.23    79.12    34.059    65.788    39.294    59.228    96.208    76.577    67.882    60.166    22.0    88.769    86.371    40.0    70.342    92.455    78.0    92.022    29.12    94.403    64.498    47.539    78.588    38.833    74.726    70.682    13.416    52.154    16.492    46.174    24.0    79.649    27.785    71.554    78.892    29.12    66.272    80.0    78.892    107.48    0         73.348    15.62    28.425    
43    77.253    20.881    74.404    76.655    69.311    34.234    74.404    52.038    38.626    41.617    17.889    72.443    87.658    51.923    41.231    5.657    44.0    16.0    54.918    49.193    42.19    58.0    26.077    7.211    53.141    6.0    65.299    60.531    84.971    58.822    31.623    50.0    52.802    48.0    64.031    62.769    49.193    20.881    34.928    62.769    62.129    73.348    0         82.024    54.589    
44    91.608    89.822    72.719    23.409    59.363    48.042    50.99    96.519    77.897    68.264    66.753    14.142    80.623    85.604    43.681    78.23    94.021    83.952    91.214    42.942    96.602    60.828    56.0    86.371    37.736    82.389    65.605    22.804    40.447    30.529    58.241    36.056    78.102    34.059    66.843    75.073    42.942    78.102    82.292    75.073    107.201    15.62    82.024    0         29.732    
45    69.08    66.212    52.953    23.324    40.2    23.324    36.497    68.118    48.826    39.699    38.0    18.0    64.125    58.0    14.142    50.16    64.9    54.589    63.655    31.623    67.231    36.77    29.732    58.034    10.77    54.037    43.681    17.088    37.202    26.077    38.21    22.804    51.225    10.0    44.272    50.99    31.623    55.57    52.839    50.99    79.246    28.425    54.589    29.732    0         


Demandas:
1: 0.0
2: 14.0
3: 1.0
4: 16.0
5: 23.0
6: 12.0
7: 6.0
8: 5.0
9: 1.0
10: 13.0
11: 20.0
12: 14.0
13: 18.0
14: 7.0
15: 8.0
16: 21.0
17: 8.0
18: 24.0
19: 20.0
20: 19.0
21: 13.0
22: 3.0
23: 26.0
24: 17.0
25: 22.0
26: 8.0
27: 16.0
28: 20.0
29: 12.0
30: 22.0
31: 20.0
32: 12.0
33: 14.0
34: 25.0
35: 17.0
36: 19.0
37: 20.0
38: 15.0
39: 2.0
40: 9.0
41: 10.0
42: 6.0
43: 11.0
44: 21.0
45: 24.0
+-+-+-+-+-+-+-+-+-+-+-+-+-+-+-+ SOLUCION INICIAL +-+-+-+-+-+-+-+-+-+-+-+-+-+-+-+-

Ruta #1: [1, 2, 9, 26, 16, 24, 43, 38, 10]
Costo asociado: 326.593      Capacidad: 100.0

Ruta #2: [1, 4, 27, 5, 25, 29, 7, 3]
Costo asociado: 244.052      Capacidad: 96.0

Ruta #3: [1, 6, 45, 15, 23, 11]
Costo asociado: 211.39799999999997      Capacidad: 90.0

Ruta #4: [1, 8, 19, 41, 17, 18, 21, 39, 14]
Costo asociado: 187.505      Capacidad: 89.0

Ruta #5: [1, 20, 31, 32, 30, 37]
Costo asociado: 253.09699999999998      Capacidad: 93.0

Ruta #6: [1, 33, 35, 36, 40, 13]
Costo asociado: 99.25      Capacidad: 77.0

Ruta #7: [1, 22, 28, 34, 42, 44, 12]
Costo asociado: 235.798      Capacidad: 89.0

--> Costo total: 1557.693          Capacidad total: 634.0

+-+-+-+-+-+-+-+-+-+-+-+-+-+-+-+-+-+-+-+-+-+-+-+-+- Iteracion 2  +-+-+-+-+-+-+-+-+-+-+-+-+-+-+-+-+-+-+-+-+-+-+-+-+-


Ruta #1: [1, 2, 9, 26, 16, 24, 43, 38, 10]
Costo asociado: 326.593      Capacidad: 100.0

Ruta #2: [1, 4, 27, 5, 25, 29, 7, 3]
Costo asociado: 244.052      Capacidad: 96.0

Ruta #3: [1, 6, 45, 15, 23, 11]
Costo asociado: 211.39799999999997      Capacidad: 90.0

Ruta #4: [1, 8, 19, 41, 17, 18, 21, 39, 14]
Costo asociado: 187.505      Capacidad: 89.0

Ruta #5: [1, 20, 31, 32, 30, 37]
Costo asociado: 253.09699999999998      Capacidad: 93.0

Ruta #6: [1, 33, 35, 36, 40, 13]
Costo asociado: 99.25      Capacidad: 77.0

Ruta #7: [1, 22, 28, 34, 42, 44, 12]
Costo asociado: 235.798      Capacidad: 89.0

--> Costo total: 1554.798          Capacidad total: 634.0

+-+-+-+-+-+-+-+-+-+-+-+-+-+-+-+-+-+-+-+-+-+-+-+-+- Iteracion 2  +-+-+-+-+-+-+-+-+-+-+-+-+-+-+-+-+-+-+-+-+-+-+-+-+-

La solución anterior duró 0min 0seg    -------> Nuevo optimo local. Costo: 1554.798       ==> Optimo: 1146.0  Desvio: 35.699999999999996%
Lista tabu: [((18,21,26.306),7), ((21,39,14.422),7), ((16,24,8.246),7), ((24,43,7.211),7), ((18,24,10.77),6)]

+-+-+-+-+-+-+-+-+-+-+-+-+-+-+-+-+-+-+-+-+-+-+-+-+- Iteracion 5  +-+-+-+-+-+-+-+-+-+-+-+-+-+-+-+-+-+-+-+-+-+-+-+-+-


Ruta #1: [1, 2, 43, 24, 16, 26, 9, 38, 10]
Costo asociado: 323.698      Capacidad: 100.0

Ruta #2: [1, 4, 27, 5, 25, 29, 7, 3]
Costo asociado: 244.052      Capacidad: 96.0

Ruta #3: [1, 6, 45, 15, 23, 11]
Costo asociado: 211.39799999999997      Capacidad: 90.0

Ruta #4: [1, 8, 19, 41, 17, 18, 21, 39, 14]
Costo asociado: 187.505      Capacidad: 89.0

Ruta #5: [1, 20, 31, 32, 30, 37]
Costo asociado: 253.09699999999998      Capacidad: 93.0

Ruta #6: [1, 33, 35, 36, 40, 13]
Costo asociado: 99.25      Capacidad: 77.0

Ruta #7: [1, 22, 28, 34, 42, 44, 12]
Costo asociado: 235.798      Capacidad: 89.0

--> Costo total: 1540.081          Capacidad total: 634.0

+-+-+-+-+-+-+-+-+-+-+-+-+-+-+-+-+-+-+-+-+-+-+-+-+- Iteracion 5  +-+-+-+-+-+-+-+-+-+-+-+-+-+-+-+-+-+-+-+-+-+-+-+-+-

La solución anterior duró 0min 0seg    -------> Nuevo optimo local. Costo: 1540.081       ==> Optimo: 1146.0  Desvio: 34.4%
Lista tabu: [((18,21,26.306),4), ((21,39,14.422),4), ((16,24,8.246),4), ((24,43,7.211),4), ((18,24,10.77),3), ((2,9,59.464),9), ((43,38,20.881),9), ((2,43,20.881),8), ((38,10,56.921),6), ((10,1,38.21),6), ((36,40,0.0),6), ((10,40,21.541),5), ((45,15,14.142),7), ((15,23,18.439),7), ((28,34,14.422),7), ((15,34,12.806),6)]

+-+-+-+-+-+-+-+-+-+-+-+-+-+-+-+-+-+-+-+-+-+-+-+-+- Iteracion 11  +-+-+-+-+-+-+-+-+-+-+-+-+-+-+-+-+-+-+-+-+-+-+-+-+-


Ruta #1: [1, 2, 43, 24, 16, 26, 9, 38, 10]
Costo asociado: 323.698      Capacidad: 100.0

Ruta #2: [1, 27, 4, 5, 25, 29, 7, 3]
Costo asociado: 229.33499999999998      Capacidad: 96.0

Ruta #3: [1, 6, 45, 15, 23, 11]
Costo asociado: 211.39799999999997      Capacidad: 90.0

Ruta #4: [1, 8, 19, 41, 17, 18, 21, 39, 14]
Costo asociado: 187.505      Capacidad: 89.0

Ruta #5: [1, 20, 31, 32, 30, 37]
Costo asociado: 253.09699999999998      Capacidad: 93.0

Ruta #6: [1, 33, 35, 36, 40, 13]
Costo asociado: 99.25      Capacidad: 77.0

Ruta #7: [1, 22, 28, 34, 42, 44, 12]
Costo asociado: 235.798      Capacidad: 89.0

--> Costo total: 1487.9659999999997          Capacidad total: 634.0

+-+-+-+-+-+-+-+-+-+-+-+-+-+-+-+-+-+-+-+-+-+-+-+-+- Iteracion 11  +-+-+-+-+-+-+-+-+-+-+-+-+-+-+-+-+-+-+-+-+-+-+-+-+-

La solución anterior duró 0min 0seg    -------> Nuevo optimo local. Costo: 1487.9659999999997       ==> Optimo: 1146.0  Desvio: 29.799999999999997%
Lista tabu: [((45,15,14.142),6), ((23,11,14.142),6), ((23,45,29.732),5), ((19,41,16.125),7), ((41,17,18.439),7), ((21,39,14.422),7), ((39,14,17.088),7), ((19,39,20.1),6)]

+-+-+-+-+-+-+-+-+-+-+-+-+-+-+-+-+-+-+-+-+-+-+-+-+- Iteracion 13  +-+-+-+-+-+-+-+-+-+-+-+-+-+-+-+-+-+-+-+-+-+-+-+-+-


Ruta #1: [1, 2, 43, 24, 16, 26, 38, 10]
Costo asociado: 260.70599999999996      Capacidad: 99.0

Ruta #2: [1, 27, 4, 5, 25, 29, 7, 3]
Costo asociado: 229.33499999999998      Capacidad: 96.0

Ruta #3: [1, 6, 45, 15, 23, 11]
Costo asociado: 211.39799999999997      Capacidad: 90.0

Ruta #4: [1, 8, 19, 41, 17, 18, 21, 9, 39, 14]
Costo asociado: 198.38199999999998      Capacidad: 90.0

Ruta #5: [1, 20, 31, 32, 30, 37]
Costo asociado: 253.09699999999998      Capacidad: 93.0

Ruta #6: [1, 33, 35, 36, 40, 13]
Costo asociado: 99.25      Capacidad: 77.0

Ruta #7: [1, 22, 28, 34, 42, 44, 12]
Costo asociado: 235.798      Capacidad: 89.0

--> Costo total: 1473.1319999999998          Capacidad total: 634.0

+-+-+-+-+-+-+-+-+-+-+-+-+-+-+-+-+-+-+-+-+-+-+-+-+- Iteracion 13  +-+-+-+-+-+-+-+-+-+-+-+-+-+-+-+-+-+-+-+-+-+-+-+-+-

La solución anterior duró 0min 0seg    -------> Nuevo optimo local. Costo: 1473.1319999999998       ==> Optimo: 1146.0  Desvio: 28.499999999999996%
Lista tabu: [((7,3,22.627),7), ((3,1,20.0),7), ((36,40,0.0),7), ((3,40,13.416),6)]

+-+-+-+-+-+-+-+-+-+-+-+-+-+-+-+-+-+-+-+-+-+-+-+-+- Iteracion 20  +-+-+-+-+-+-+-+-+-+-+-+-+-+-+-+-+-+-+-+-+-+-+-+-+-


Ruta #1: [1, 2, 43, 24, 16, 26, 38, 10]
Costo asociado: 260.70599999999996      Capacidad: 99.0

Ruta #2: [1, 27, 4, 5, 25, 29, 7, 3]
Costo asociado: 229.33499999999998      Capacidad: 96.0

Ruta #3: [1, 6, 45, 15, 23, 11]
Costo asociado: 211.39799999999997      Capacidad: 90.0

Ruta #4: [1, 8, 19, 41, 21, 17, 18, 9, 39, 14]
Costo asociado: 183.54799999999997      Capacidad: 90.0

Ruta #5: [1, 20, 31, 32, 30, 37]
Costo asociado: 253.09699999999998      Capacidad: 93.0

Ruta #6: [1, 33, 35, 36, 40, 13]
Costo asociado: 99.25      Capacidad: 77.0

Ruta #7: [1, 22, 28, 34, 42, 44, 12]
Costo asociado: 235.798      Capacidad: 89.0

--> Costo total: 1449.3629999999998          Capacidad total: 634.0

+-+-+-+-+-+-+-+-+-+-+-+-+-+-+-+-+-+-+-+-+-+-+-+-+- Iteracion 20  +-+-+-+-+-+-+-+-+-+-+-+-+-+-+-+-+-+-+-+-+-+-+-+-+-

La solución anterior duró 0min 0seg    -------> Nuevo optimo local. Costo: 1449.3629999999998       ==> Optimo: 1146.0  Desvio: 26.5%
Lista tabu: [((41,17,18.439),5), ((21,9,18.974),5), ((18,21,26.306),5), ((21,41,20.0),4), ((23,11,14.142),2), ((11,1,65.115),2), ((20,31,18.439),2), ((31,32,22.361),2), ((23,31,16.0),1), ((8,19,8.246),3), ((14,1,26.077),3), ((8,14,12.166),2), ((6,45,23.324),4), ((45,15,14.142),4), ((1,20,95.352),4), ((20,31,18.439),4), ((6,20,20.591),3), ((33,35,18.111),5), ((36,40,0.0),5), ((33,36,11.662),4), ((4,5,36.878),6), ((5,25,30.0),6), ((6,45,23.324),6), ((45,15,14.142),6), ((4,45,23.324),5), ((20,31,18.439),7), ((32,30,8.944),7), ((20,32,8.944),6)]

+-+-+-+-+-+-+-+-+-+-+-+-+-+-+-+-+-+-+-+-+-+-+-+-+- Iteracion 21  +-+-+-+-+-+-+-+-+-+-+-+-+-+-+-+-+-+-+-+-+-+-+-+-+-


Ruta #1: [1, 2, 43, 24, 16, 26, 38, 10]
Costo asociado: 260.70599999999996      Capacidad: 99.0

Ruta #2: [1, 27, 4, 5, 25, 29, 7, 3]
Costo asociado: 229.33499999999998      Capacidad: 96.0

Ruta #3: [1, 6, 45, 15, 23, 11]
Costo asociado: 211.39799999999997      Capacidad: 90.0

Ruta #4: [1, 8, 19, 41, 21, 17, 18, 9, 39, 14]
Costo asociado: 183.54799999999997      Capacidad: 90.0

Ruta #5: [1, 20, 37, 30, 32, 31]
Costo asociado: 229.32800000000003      Capacidad: 93.0

Ruta #6: [1, 33, 35, 36, 40, 13]
Costo asociado: 99.25      Capacidad: 77.0

Ruta #7: [1, 22, 28, 34, 42, 44, 12]
Costo asociado: 235.798      Capacidad: 89.0

--> Costo total: 1438.864          Capacidad total: 634.0

+-+-+-+-+-+-+-+-+-+-+-+-+-+-+-+-+-+-+-+-+-+-+-+-+- Iteracion 21  +-+-+-+-+-+-+-+-+-+-+-+-+-+-+-+-+-+-+-+-+-+-+-+-+-

La solución anterior duró 0min 0seg    -------> Nuevo optimo local. Costo: 1438.864       ==> Optimo: 1146.0  Desvio: 25.6%
Lista tabu: [((41,17,18.439),4), ((21,9,18.974),4), ((18,21,26.306),4), ((21,41,20.0),3), ((23,11,14.142),1), ((11,1,65.115),1), ((20,31,18.439),1), ((31,32,22.361),1), ((8,19,8.246),2), ((14,1,26.077),2), ((8,14,12.166),1), ((6,45,23.324),3), ((45,15,14.142),3), ((1,20,95.352),3), ((20,31,18.439),3), ((6,20,20.591),2), ((33,35,18.111),4), ((36,40,0.0),4), ((33,36,11.662),3), ((4,5,36.878),5), ((5,25,30.0),5), ((6,45,23.324),5), ((45,15,14.142),5), ((4,45,23.324),4), ((20,31,18.439),6), ((32,30,8.944),6), ((20,32,8.944),5), ((20,31,18.439),11), ((37,1,95.352),11), ((20,37,0.0),10)]

+-+-+-+-+-+-+-+-+-+-+-+-+-+-+-+-+-+-+-+-+-+-+-+-+- Iteracion 22  +-+-+-+-+-+-+-+-+-+-+-+-+-+-+-+-+-+-+-+-+-+-+-+-+-


Ruta #1: [1, 2, 43, 38, 16, 26, 24, 10]
Costo asociado: 250.20700000000002      Capacidad: 99.0

Ruta #2: [1, 27, 4, 5, 25, 29, 7, 3]
Costo asociado: 229.33499999999998      Capacidad: 96.0

Ruta #3: [1, 6, 45, 15, 23, 11]
Costo asociado: 211.39799999999997      Capacidad: 90.0

Ruta #4: [1, 8, 19, 41, 21, 17, 18, 9, 39, 14]
Costo asociado: 183.54799999999997      Capacidad: 90.0

Ruta #5: [1, 20, 37, 30, 32, 31]
Costo asociado: 229.32800000000003      Capacidad: 93.0

Ruta #6: [1, 33, 35, 36, 40, 13]
Costo asociado: 99.25      Capacidad: 77.0

Ruta #7: [1, 22, 28, 34, 42, 44, 12]
Costo asociado: 235.798      Capacidad: 89.0

--> Costo total: 1438.6870000000001          Capacidad total: 634.0

+-+-+-+-+-+-+-+-+-+-+-+-+-+-+-+-+-+-+-+-+-+-+-+-+- Iteracion 22  +-+-+-+-+-+-+-+-+-+-+-+-+-+-+-+-+-+-+-+-+-+-+-+-+-

La solución anterior duró 0min 0seg    -------> Nuevo optimo local. Costo: 1438.6870000000001       ==> Optimo: 1146.0  Desvio: 25.5%
Lista tabu: [((41,17,18.439),3), ((21,9,18.974),3), ((18,21,26.306),3), ((21,41,20.0),2), ((8,19,8.246),1), ((14,1,26.077),1), ((6,45,23.324),2), ((45,15,14.142),2), ((1,20,95.352),2), ((20,31,18.439),2), ((6,20,20.591),1), ((33,35,18.111),3), ((36,40,0.0),3), ((33,36,11.662),2), ((4,5,36.878),4), ((5,25,30.0),4), ((6,45,23.324),4), ((45,15,14.142),4), ((4,45,23.324),3), ((20,31,18.439),5), ((32,30,8.944),5), ((20,32,8.944),4), ((20,31,18.439),10), ((37,1,95.352),10), ((20,37,0.0),9), ((43,24,7.211),11), ((24,16,8.246),11), ((26,38,26.683),11), ((38,10,56.921),11), ((38,43,20.881),10)]

+-+-+-+-+-+-+-+-+-+-+-+-+-+-+-+-+-+-+-+-+-+-+-+-+- Iteracion 30  +-+-+-+-+-+-+-+-+-+-+-+-+-+-+-+-+-+-+-+-+-+-+-+-+-


Ruta #1: [1, 2, 43, 38, 16, 26, 24, 10]
Costo asociado: 250.20700000000002      Capacidad: 99.0

Ruta #2: [1, 27, 4, 5, 25, 29, 7, 3]
Costo asociado: 229.33499999999998      Capacidad: 96.0

Ruta #3: [1, 6, 45, 15, 23, 11]
Costo asociado: 211.39799999999997      Capacidad: 90.0

Ruta #4: [1, 8, 19, 41, 21, 17, 18, 9, 39, 14]
Costo asociado: 183.54799999999997      Capacidad: 90.0

Ruta #5: [1, 20, 37, 34, 32, 31]
Costo asociado: 244.096      Capacidad: 96.0

Ruta #6: [1, 33, 35, 36, 40, 13]
Costo asociado: 99.25      Capacidad: 77.0

Ruta #7: [1, 22, 28, 30, 42, 44, 12]
Costo asociado: 220.85299999999998      Capacidad: 86.0

--> Costo total: 1433.7780000000002          Capacidad total: 634.0

+-+-+-+-+-+-+-+-+-+-+-+-+-+-+-+-+-+-+-+-+-+-+-+-+- Iteracion 30  +-+-+-+-+-+-+-+-+-+-+-+-+-+-+-+-+-+-+-+-+-+-+-+-+-

La solución anterior duró 0min 0seg    -------> Nuevo optimo local. Costo: 1433.7780000000002       ==> Optimo: 1146.0  Desvio: 25.1%
Lista tabu: [((20,31,18.439),2), ((37,1,95.352),2), ((20,37,0.0),1), ((43,24,7.211),3), ((24,16,8.246),3), ((26,38,26.683),3), ((38,10,56.921),3), ((38,43,20.881),2), ((28,34,14.422),4), ((34,42,27.785),4), ((37,30,12.649),4), ((30,32,8.944),4), ((28,30,10.77),3), ((30,42,16.492),1), ((42,44,15.62),1), ((20,37,0.0),1), ((37,34,22.361),1), ((22,28,53.852),2), ((33,35,18.111),2), ((22,35,8.0),1), ((7,3,22.627),3), ((3,1,20.0),3), ((36,40,0.0),3), ((3,40,13.416),2), ((5,25,30.0),4), ((29,7,17.088),4), ((5,29,27.857),3), ((28,30,10.77),5), ((42,44,15.62),5), ((28,42,13.416),4), ((36,40,0.0),6), ((13,1,22.0),6), ((13,36,25.456),5), ((10,24,39.598),7), ((24,26,4.0),7), ((1,14,26.077),7), ((14,39,17.088),7), ((10,14,18.868),6)]

+-+-+-+-+-+-+-+-+-+-+-+-+-+-+-+-+-+-+-+-+-+-+-+-+- Iteracion 32  +-+-+-+-+-+-+-+-+-+-+-+-+-+-+-+-+-+-+-+-+-+-+-+-+-


Ruta #1: [1, 2, 43, 38, 16, 26, 24, 10]
Costo asociado: 250.20700000000002      Capacidad: 99.0

Ruta #2: [1, 27, 4, 5, 25, 29, 7, 3]
Costo asociado: 229.33499999999998      Capacidad: 96.0

Ruta #3: [1, 6, 45, 15, 23, 11]
Costo asociado: 211.39799999999997      Capacidad: 90.0

Ruta #4: [1, 8, 19, 41, 21, 17, 39, 18, 9, 14]
Costo asociado: 178.639      Capacidad: 90.0

Ruta #5: [1, 20, 37, 34, 32, 31]
Costo asociado: 244.096      Capacidad: 96.0

Ruta #6: [1, 33, 35, 36, 40, 13]
Costo asociado: 99.25      Capacidad: 77.0

Ruta #7: [1, 22, 28, 30, 42, 44, 12]
Costo asociado: 220.85299999999998      Capacidad: 86.0

--> Costo total: 1408.5010000000002          Capacidad total: 634.0

+-+-+-+-+-+-+-+-+-+-+-+-+-+-+-+-+-+-+-+-+-+-+-+-+- Iteracion 32  +-+-+-+-+-+-+-+-+-+-+-+-+-+-+-+-+-+-+-+-+-+-+-+-+-

La solución anterior duró 0min 0seg    -------> Nuevo optimo local. Costo: 1408.5010000000002       ==> Optimo: 1146.0  Desvio: 22.900000000000002%
Lista tabu: [((43,24,7.211),1), ((24,16,8.246),1), ((26,38,26.683),1), ((38,10,56.921),1), ((28,34,14.422),2), ((34,42,27.785),2), ((37,30,12.649),2), ((30,32,8.944),2), ((28,30,10.77),1), ((7,3,22.627),1), ((3,1,20.0),1), ((36,40,0.0),1), ((5,25,30.0),2), ((29,7,17.088),2), ((5,29,27.857),1), ((28,30,10.77),3), ((42,44,15.62),3), ((28,42,13.416),2), ((36,40,0.0),4), ((13,1,22.0),4), ((13,36,25.456),3), ((10,24,39.598),5), ((24,26,4.0),5), ((1,14,26.077),5), ((14,39,17.088),5), ((10,14,18.868),4), ((17,18,28.0),10), ((39,14,17.088),10), ((9,39,6.325),10), ((17,39,12.806),9), ((39,18,19.698),7), ((9,14,14.0),7), ((9,39,6.325),6)]

+-+-+-+-+-+-+-+-+-+-+-+-+-+-+-+-+-+-+-+-+-+-+-+-+- Iteracion 35  +-+-+-+-+-+-+-+-+-+-+-+-+-+-+-+-+-+-+-+-+-+-+-+-+-


Ruta #1: [1, 2, 43, 38, 16, 26, 24, 10]
Costo asociado: 250.20700000000002      Capacidad: 99.0

Ruta #2: [1, 27, 4, 25, 29, 7, 3]
Costo asociado: 186.54      Capacidad: 73.0

Ruta #3: [1, 6, 45, 15, 23, 11]
Costo asociado: 211.39799999999997      Capacidad: 90.0

Ruta #4: [1, 8, 19, 41, 21, 17, 39, 18, 9, 14]
Costo asociado: 178.639      Capacidad: 90.0

Ruta #5: [1, 20, 37, 34, 32, 31]
Costo asociado: 244.096      Capacidad: 96.0

Ruta #6: [1, 33, 35, 36, 40, 5, 13]
Costo asociado: 116.768      Capacidad: 100.0

Ruta #7: [1, 22, 28, 30, 42, 44, 12]
Costo asociado: 220.85299999999998      Capacidad: 86.0

--> Costo total: 1399.2020000000002          Capacidad total: 634.0

+-+-+-+-+-+-+-+-+-+-+-+-+-+-+-+-+-+-+-+-+-+-+-+-+- Iteracion 35  +-+-+-+-+-+-+-+-+-+-+-+-+-+-+-+-+-+-+-+-+-+-+-+-+-

La solución anterior duró 0min 0seg    -------> Nuevo optimo local. Costo: 1399.2020000000002       ==> Optimo: 1146.0  Desvio: 22.1%
Lista tabu: [((36,40,0.0),1), ((13,1,22.0),1), ((10,24,39.598),2), ((24,26,4.0),2), ((1,14,26.077),2), ((14,39,17.088),2), ((10,14,18.868),1), ((17,18,28.0),7), ((39,14,17.088),7), ((9,39,6.325),7), ((17,39,12.806),6), ((39,18,19.698),4), ((9,14,14.0),4), ((9,39,6.325),3), ((4,5,36.878),9), ((5,25,30.0),9), ((40,13,25.456),9), ((5,13,24.0),8), ((15,23,18.439),6), ((23,11,14.142),6), ((37,34,22.361),6), ((34,32,14.0),6), ((15,34,12.806),5), ((20,37,0.0),7), ((32,31,22.361),7), ((20,32,8.944),6)]

+-+-+-+-+-+-+-+-+-+-+-+-+-+-+-+-+-+-+-+-+-+-+-+-+- Iteracion 43  +-+-+-+-+-+-+-+-+-+-+-+-+-+-+-+-+-+-+-+-+-+-+-+-+-


Ruta #1: [1, 2, 43, 38, 16, 26, 24, 10]
Costo asociado: 250.20700000000002      Capacidad: 99.0

Ruta #2: [1, 5, 4, 25, 29, 7, 3]
Costo asociado: 186.036      Capacidad: 80.0

Ruta #3: [1, 6, 45, 15, 23, 11]
Costo asociado: 211.39799999999997      Capacidad: 90.0

Ruta #4: [1, 8, 19, 41, 21, 17, 39, 18, 9, 14]
Costo asociado: 178.639      Capacidad: 90.0

Ruta #5: [1, 20, 37, 34, 32, 31]
Costo asociado: 244.096      Capacidad: 96.0

Ruta #6: [1, 13, 27, 40, 36, 35, 33]
Costo asociado: 107.97300000000001      Capacidad: 93.0

Ruta #7: [1, 22, 28, 30, 42, 44, 12]
Costo asociado: 220.85299999999998      Capacidad: 86.0

--> Costo total: 1383.9830000000002          Capacidad total: 634.0

+-+-+-+-+-+-+-+-+-+-+-+-+-+-+-+-+-+-+-+-+-+-+-+-+- Iteracion 43  +-+-+-+-+-+-+-+-+-+-+-+-+-+-+-+-+-+-+-+-+-+-+-+-+-

La solución anterior duró 0min 0seg    -------> Nuevo optimo local. Costo: 1383.9830000000002       ==> Optimo: 1146.0  Desvio: 20.8%
Lista tabu: [((4,5,36.878),1), ((5,25,30.0),1), ((40,13,25.456),1), ((13,5,24.0),4), ((5,40,18.974),4), ((1,27,26.077),4), ((27,4,43.863),4), ((13,27,23.409),3), ((9,14,14.0),1), ((14,1,26.077),1), ((27,40,10.77),1), ((40,36,0.0),1), ((5,4,36.878),2), ((4,25,24.083),2), ((36,35,8.944),2), ((35,33,18.111),2), ((5,35,10.198),1), ((8,19,8.246),3), ((17,39,12.806),3), ((8,17,8.246),2), ((40,36,0.0),4), ((33,1,24.739),4), ((33,40,11.662),3), ((19,41,16.125),5), ((41,21,20.0),5), ((1,33,24.739),5), ((33,35,18.111),5), ((19,33,13.416),4), ((20,37,0.0),6), ((31,1,90.022),6), ((32,31,22.361),6), ((20,31,18.439),5), ((19,41,16.125),7), ((41,21,20.0),7), ((40,36,0.0),7), ((36,35,8.944),7), ((19,36,22.0),6)]

+-+-+-+-+-+-+-+-+-+-+-+-+-+-+-+-+-+-+-+-+-+-+-+-+- Iteracion 61  +-+-+-+-+-+-+-+-+-+-+-+-+-+-+-+-+-+-+-+-+-+-+-+-+-


Ruta #1: [1, 2, 43, 38, 16, 26, 24, 10]
Costo asociado: 250.20700000000002      Capacidad: 99.0

Ruta #2: [1, 5, 4, 25, 29, 7, 3]
Costo asociado: 186.036      Capacidad: 80.0

Ruta #3: [1, 6, 45, 15, 23, 11]
Costo asociado: 211.39799999999997      Capacidad: 90.0

Ruta #4: [1, 8, 19, 41, 21, 17, 39, 18, 9, 14]
Costo asociado: 178.639      Capacidad: 90.0

Ruta #5: [1, 20, 37, 34, 32, 31]
Costo asociado: 244.096      Capacidad: 96.0

Ruta #6: [1, 13, 27, 35, 36, 40, 33]
Costo asociado: 92.754      Capacidad: 93.0

Ruta #7: [1, 22, 28, 30, 42, 44, 12]
Costo asociado: 220.85299999999998      Capacidad: 86.0

--> Costo total: 1376.63          Capacidad total: 634.0

+-+-+-+-+-+-+-+-+-+-+-+-+-+-+-+-+-+-+-+-+-+-+-+-+- Iteracion 61  +-+-+-+-+-+-+-+-+-+-+-+-+-+-+-+-+-+-+-+-+-+-+-+-+-

La solución anterior duró 0min 0seg    -------> Nuevo optimo local. Costo: 1376.63       ==> Optimo: 1146.0  Desvio: 20.1%
Lista tabu: [((31,32,22.361),6), ((32,34,14.0),6), ((43,38,20.881),6), ((38,16,24.083),6), ((31,38,20.1),5), ((1,13,22.0),7), ((40,33,11.662),7), ((1,40,18.439),6)]

+-+-+-+-+-+-+-+-+-+-+-+-+-+-+-+-+-+-+-+-+-+-+-+-+- Iteracion 63  +-+-+-+-+-+-+-+-+-+-+-+-+-+-+-+-+-+-+-+-+-+-+-+-+-


Ruta #1: [1, 2, 43, 38, 16, 26, 24, 10]
Costo asociado: 250.20700000000002      Capacidad: 99.0

Ruta #2: [1, 5, 4, 25, 29, 7, 3]
Costo asociado: 186.036      Capacidad: 80.0

Ruta #3: [1, 6, 45, 15, 23, 11]
Costo asociado: 211.39799999999997      Capacidad: 90.0

Ruta #4: [1, 8, 19, 41, 21, 17, 39, 18, 9, 14]
