+-+-+-+-+-+-+-+-+-+-+-+-+-+-+ GRAFO CARGADO +-+-+-+-+-+-+-+-+-+-+-+-+-+-+-
        1         2         3         4         5         6         7         8         9         10        11        12        13        14        15        16        17        18        19        20        21        22        23        24        25        26        27        28        29        30        31        32        33        34        35        36        37        38        39        40        41        42        43        44        45        46        47        48        49        50        51        52        53        54        55        56        57
1     0         34.059    66.03    66.483    14.142    45.122    92.087    86.833    76.42    80.225    65.924    90.211    75.166    44.922    75.007    89.499    40.719    75.007    69.065    73.007    95.341    64.885    69.007    38.601    45.541    73.335    71.007    41.785    73.335    16.553    67.007    91.837    88.284    44.922    75.007    13.342    75.06    73.335    75.06    75.06    12.083    73.007    69.007    91.924    62.241    64.14    38.601    90.609    44.385    47.011    67.007    79.006    67.007    75.166    11.045    33.615    67.007    
2     34.059    0         44.721    40.05    48.166    27.203    59.933    68.964    63.812    66.242    39.013    57.706    61.4    24.698    53.31    56.303    17.493    59.481    55.227    57.706    79.612    37.014    47.854    21.213    23.707    60.745    55.946    20.248    60.745    49.578    46.065    59.481    71.344    24.698    59.481    45.453    60.415    55.227    60.415    55.009    45.277    57.706    47.854    73.824    35.014    33.734    21.213    74.095    21.024    22.136    47.011    63.071    47.011    61.4    42.638    5.831    52.479    
3     66.03    44.721    0         73.239    76.942    70.0    75.313    24.413    104.652    106.151    71.847    72.18    101.833    67.007    9.055    67.602    60.216    99.086    96.177    97.622    35.468    69.065    3.162    65.192    65.437    101.833    96.177    63.008    101.833    74.953    1.414    74.148    27.019    67.007    99.086    70.612    100.449    11.402    100.449    10.296    72.18    97.622    3.162    29.155    68.6    62.434    65.192    29.833    62.626    62.37    3.162    102.069    3.162    101.833    68.25    39.925    93.349    
4     66.483    40.05    73.239    0         79.624    22.804    31.305    96.54    34.928    34.986    1.414    31.016    31.78    21.954    79.511    33.734    25.962    28.178    27.893    27.313    107.935    4.243    75.802    28.178    21.024    32.894    26.571    24.698    32.894    83.006    74.632    31.78    99.489    21.954    28.178    79.712    29.967    84.629    29.967    82.62    78.549    27.313    75.802    100.568    5.099    11.402    28.178    102.303    22.136    19.647    76.276    30.232    76.276    31.78    77.162    45.277    25.495    
5     14.142    48.166    76.942    79.624    0         57.585    106.019    96.021    86.023    90.089    79.158    104.202    85.147    57.775    85.709    103.586    54.203    85.475    79.31    83.487    103.586    78.294    79.762    51.478    58.6    83.054    81.498    55.009    83.054    5.831    77.782    105.802    97.129    57.775    85.475    7.616    85.288    83.054    85.288    85.288    5.099    83.487    79.762    101.045    75.591    77.936    51.478    99.247    57.706    60.415    77.524    89.454    77.524    85.147    9.055    47.434    77.524    
6     45.122    27.203    70.0    22.804    57.585    0         52.802    94.403    36.715    39.395    22.672    51.865    34.438    3.162    77.936    53.235    9.899    32.894    28.178    31.016    105.423    22.672    73.007    7.071    5.099    33.615    29.155    7.071    33.615    61.4    71.4    53.009    97.005    3.162    32.894    58.464    33.615    81.056    33.615    80.212    57.009    31.016    73.007    99.045    19.849    25.495    7.071    99.81    7.616    9.055    72.622    36.688    72.622    34.438    56.089    33.015    25.495    
7     92.087    59.933    75.313    31.305    106.019    52.802    0         94.34    60.0    58.138    30.887    3.162    57.009    51.088    78.447    8.602    52.402    53.009    55.444    53.085    105.309    30.232    76.903    56.586    49.578    59.076    53.235    52.326    59.076    108.453    76.485    1.414    97.499    51.088    53.009    104.623    55.009    85.615    55.009    82.28    104.01    53.085    76.903    97.17    33.015    28.32    56.586    100.09    49.497    46.669    78.447    53.085    78.447    57.009    101.872    63.325    53.759    
8     86.833    68.964    24.413    96.54    96.021    94.403    94.34    0         128.763    130.108    95.131    91.181    125.897    91.4    17.029    86.035    84.629    123.037    120.341    121.631    11.402    92.315    21.401    89.588    89.811    125.992    120.241    87.419    125.992    93.048    23.022    93.048    3.162    91.4    123.037    89.006    124.459    13.928    124.459    14.213    91.005    121.631    21.401    5.099    92.098    85.428    89.588    5.831    87.006    86.683    21.954    125.897    21.954    125.897    87.006    63.953    117.516    
9     76.42    63.812    104.652    34.928    86.023    36.715    60.0    128.763    0         4.472    36.249    61.074    3.162    39.115    111.866    65.376    46.325    7.071    8.602    7.616    140.036    38.91    107.49    43.382    40.224    3.162    8.602    43.566    3.162    91.005    106.066    61.008    131.552    39.115    7.071    89.14    5.099    115.974    5.099    114.586    87.052    7.616    107.49    133.124    38.079    46.065    43.382    134.38    43.012    42.638    107.49    7.616    107.49    3.162    87.281    69.642    11.402    
10    80.225    66.242    106.151    34.986    90.089    39.395    58.138    130.108    4.472    0         36.359    59.414    5.099    41.593    113.146    63.953    48.765    7.071    11.402    8.602    141.428    39.115    108.931    46.239    42.544    7.071    10.296    46.065    7.071    95.005    107.564    59.211    132.944    41.593    7.071    93.048    5.831    117.516    5.831    115.974    91.005    8.602    108.931    134.38    38.601    46.325    46.239    135.772    45.277    44.654    109.041    5.099    109.041    5.099    91.137    72.069    13.928    
11    65.924    39.013    71.847    1.414    79.158    22.672    30.887    95.131    36.249    36.359    0         30.463    33.106    21.633    78.102    32.985    25.298    29.53    29.12    28.636    106.527    2.828    74.404    27.785    20.591    34.176    27.857    24.166    34.176    82.462    73.239    31.305    98.082    21.633    29.53    79.12    31.305    83.235    31.305    81.216    78.0    28.636    74.404    99.156    4.0    10.0    27.785    100.896    21.541    18.974    74.887    31.623    74.887    33.106    76.551    44.181    26.683    
12    90.211    57.706    72.18    31.016    104.202    51.865    3.162    91.181    61.074    59.414    30.463    0         58.034    50.0    75.286    5.657    50.912    54.037    56.143    54.0    102.157    29.53    73.756    55.317    48.415    60.0    54.037    50.99    60.0    106.508    73.348    2.0    94.34    50.0    54.037    102.626    56.036    82.462    56.036    79.12    102.078    54.0    73.756    94.021    32.249    26.907    55.317    96.933    48.166    45.343    75.313    54.332    75.313    58.034    99.86    60.926    54.332    
13    75.166    61.4    101.833    31.78    85.147    34.438    57.009    125.897    3.162    5.099    33.106    58.034    0         36.715    108.977    62.29    43.909    4.0    6.325    4.472    137.186    35.777    104.652    41.231    37.736    2.828    5.657    41.183    2.828    90.022    103.247    58.0    128.701    36.715    4.0    88.023    2.0    113.172    2.0    111.732    86.0    4.472    104.652    130.231    34.986    42.942    41.231    131.529    40.497    40.0    104.69    5.657    104.69    0.0    86.093    67.231    8.944    
14    44.922    24.698    67.007    21.954    57.775    3.162    51.088    91.4    39.115    41.593    21.633    50.0    36.715    0         74.887    51.108    7.211    34.928    30.529    33.106    102.45    21.26    70.0    6.325    2.0    36.056    31.305    4.472    36.056    61.351    68.411    51.225    94.021    0.0    34.928    58.241    35.777    78.102    35.777    77.201    56.921    33.106    70.0    96.021    18.439    23.324    6.325    96.83    4.472    6.0    69.656    38.626    69.656    36.715    55.785    30.529    27.785    
15    75.007    53.31    9.055    79.511    85.709    77.936    78.447    17.029    111.866    113.146    78.102    75.286    108.977    74.887    0         70.342    68.264    106.075    103.479    104.69    28.425    75.286    6.0    73.43    73.239    109.124    103.325    71.021    109.124    83.546    8.0    77.201    20.0    74.887    106.075    79.246    107.517    8.246    107.517    4.0    80.895    104.69    6.0    21.26    75.073    68.411    73.43    22.804    70.456    70.0    8.246    108.904    8.246    108.977    76.942    48.703    100.658    
16    89.499    56.303    67.602    33.734    103.586    53.235    8.602    86.035    65.376    63.953    32.985    5.657    62.29    51.108    70.342    0         51.225    58.31    60.0    58.138    96.933    31.623    69.051    56.036    49.396    64.125    58.034    51.614    64.125    105.603    68.731    7.211    89.196    51.108    58.31    101.607    60.299    77.666    60.299    74.216    101.213    58.138    69.051    88.769    34.176    27.785    56.036    91.761    48.826    46.043    70.711    58.856    70.711    62.29    98.813    59.059    58.034    
17    40.719    17.493    60.216    25.962    54.203    9.899    52.402    84.629    46.325    48.765    25.298    50.912    43.909    7.211    68.264    51.225    0         42.048    37.736    40.249    95.603    24.166    63.246    6.0    6.325    43.267    38.471    2.828    43.267    57.271    61.612    52.345    87.201    7.211    42.048    53.852    42.942    71.218    42.942    70.456    52.802    40.249    63.246    89.308    21.541    24.083    6.0    90.0    4.0    6.325    62.801    45.695    62.801    43.909    51.264    23.324    34.986    
18    75.007    59.481    99.086    28.178    85.475    32.894    53.009    123.037    7.071    7.071    29.53    54.037    4.0    34.928    106.075    58.31    42.048    0         6.325    2.0    134.358    32.249    101.863    39.85    35.777    6.325    4.0    39.395    6.325    90.2    100.499    54.0    125.873    34.928    0.0    88.023    2.0    110.454    2.0    108.904    86.093    2.0    101.863    127.311    31.623    39.446    39.85    128.701    38.471    37.736    101.98    4.0    101.98    4.0    86.0    65.299    8.0    
19    69.065    55.227    96.177    27.893    79.31    28.178    55.444    120.341    8.602    11.402    29.12    56.143    6.325    30.529    103.479    60.0    37.736    6.325    0         4.472    131.59    31.623    99.035    34.928    31.623    5.657    2.828    34.986    5.657    84.095    97.591    56.321    123.11    30.529    6.325    82.0    6.0    107.48    6.0    106.151    80.025    4.472    99.035    124.74    30.463    38.626    34.928    125.936    34.409    34.059    98.995    10.198    98.995    6.325    80.025    61.057    2.828    
20    73.007    57.706    97.622    27.313    83.487    31.016    53.085    121.631    7.616    8.602    28.636    54.0    4.472    33.106    104.69    58.138    40.249    2.0    4.472    0         132.936    31.305    100.419    37.947    34.0    6.0    2.0    37.577    6.0    88.204    99.035    54.037    124.451    33.106    2.0    86.023    2.828    108.977    2.828    107.48    84.095    0.0    100.419    125.936    30.529    38.471    37.947    127.279    36.715    36.056    100.499    6.0    100.499    4.472    84.0    63.53    6.0    
21    95.341    79.612    35.468    107.935    103.586    105.423    105.309    11.402    140.036    141.428    106.527    102.157    137.186    102.45    28.425    96.933    95.603    134.358    131.59    132.936    0         103.711    32.558    100.439    100.896    137.244    131.529    98.407    137.244    100.18    34.059    104.0    8.485    102.45    134.358    96.333    135.765    24.413    135.765    25.456    98.509    132.936    32.558    8.246    103.479    96.83    100.439    5.657    98.082    97.837    32.802    137.244    32.802    137.186    94.53    74.431    128.763    
22    64.885    37.014    69.065    4.243    78.294    22.672    30.232    92.315    38.91    39.115    2.828    29.53    35.777    21.26    75.286    31.623    24.166    32.249    31.623    31.305    103.711    0         71.61    27.203    20.0    36.77    30.463    23.324    36.77    81.437    70.456    30.529    95.268    21.26    32.249    78.0    34.0    80.449    34.0    78.409    76.968    31.305    71.61    96.333    2.828    7.211    27.203    98.082    20.591    17.889    72.111    34.409    72.111    35.777    75.392    42.048    29.12    
23    69.007    47.854    3.162    75.802    79.762    73.007    76.903    21.401    107.49    108.931    74.404    73.756    104.652    70.0    6.0    69.051    63.246    101.863    99.035    100.419    32.558    71.61    0         68.264    68.411    104.69    98.995    66.03    104.69    77.666    2.0    75.71    24.083    70.0    101.863    73.348    103.247    8.944    103.247    7.211    74.967    100.419    0.0    26.077    71.218    64.9    68.264    26.907    65.605    65.299    2.828    104.805    2.828    104.652    71.021    43.081    96.208    
24    38.601    21.213    65.192    28.178    51.478    7.071    56.586    89.588    43.382    46.239    27.785    55.317    41.231    6.325    73.43    56.036    6.0    39.85    34.928    37.947    100.439    27.203    68.264    0         7.211    40.249    36.056    4.472    40.249    55.027    66.573    56.639    92.087    6.325    39.85    51.923    40.497    76.026    40.497    75.472    50.596    37.947    68.264    94.34    24.413    28.425    0.0    94.868    7.211    10.0    67.676    43.681    67.676    41.231    49.477    26.907    32.311    
25    45.541    23.707    65.437    21.024    58.6    5.099    49.578    89.811    40.224    42.544    20.591    48.415    37.736    2.0    73.239    49.396    6.325    35.777    31.623    34.0    100.896    20.0    68.411    7.211    0         37.202    32.249    4.0    37.202    62.032    66.843    49.679    92.455    2.0    35.777    58.822    36.715    76.577    36.715    75.604    57.585    34.0    68.411    94.403    17.205    21.633    7.211    95.268    2.828    4.0    68.118    39.395    68.118    37.736    56.321    29.53    28.844    
26    73.335    60.745    101.833    32.894    83.054    33.615    59.076    125.992    3.162    7.071    34.176    60.0    2.828    36.056    109.124    64.125    43.267    6.325    5.657    6.0    137.244    36.77    104.69    40.249    37.202    0         6.325    40.497    0.0    88.0    103.247    60.033    128.763    36.056    6.325    86.093    4.472    113.137    4.472    111.803    84.024    6.0    104.69    130.384    35.777    43.863    40.249    131.59    40.0    39.699    104.652    8.485    104.652    2.828    84.214    66.573    8.485    
27    71.007    55.946    96.177    26.571    81.498    29.155    53.235    120.241    8.602    10.296    27.857    54.037    5.657    31.305    103.325    58.034    38.471    4.0    2.828    2.0    131.529    30.463    98.995    36.056    32.249    6.325    0         35.777    6.325    86.209    97.591    54.148    123.045    31.305    4.0    84.024    4.472    107.517    4.472    106.075    82.098    2.0    98.995    124.579    29.53    37.577    36.056    125.873    34.986    34.409    99.035    8.0    99.035    5.657    82.0    61.774    4.0    
28    41.785    20.248    63.008    24.698    55.009    7.071    52.326    87.419    43.566    46.065    24.166    50.99    41.183    4.472    71.021    51.614    2.828    39.395    34.986    37.577    98.407    23.324    66.03    4.472    4.0    40.497    35.777    0         40.497    58.31    64.405    52.345    90.0    4.472    39.395    55.027    40.249    74.027    40.249    73.239    53.852    37.577    66.03    92.087    20.591    24.083    4.472    92.801    2.828    5.657    65.605    43.081    65.605    41.183    52.498    26.077    32.249    
29    73.335    60.745    101.833    32.894    83.054    33.615    59.076    125.992    3.162    7.071    34.176    60.0    2.828    36.056    109.124    64.125    43.267    6.325    5.657    6.0    137.244    36.77    104.69    40.249    37.202    0.0    6.325    40.497    0         88.0    103.247    60.033    128.763    36.056    6.325    86.093    4.472    113.137    4.472    111.803    84.024    6.0    104.69    130.384    35.777    43.863    40.249    131.59    40.0    39.699    104.652    8.485    104.652    2.828    84.214    66.573    8.485    
30    16.553    49.578    74.953    83.006    5.831    61.4    108.453    93.048    91.005    95.005    82.462    106.508    90.022    61.351    83.546    105.603    57.271    90.2    84.095    88.204    100.18    81.437    77.666    55.027    62.032    88.0    86.209    58.31    88.0    0         75.71    108.167    94.0    61.351    90.2    4.472    90.089    80.399    90.089    82.873    4.472    88.204    77.666    98.02    78.791    80.623    55.027    96.021    60.926    63.561    75.313    94.191    75.313    90.022    7.211    48.166    82.219    
31    67.007    46.065    1.414    74.632    77.782    71.4    76.485    23.022    106.066    107.564    73.239    73.348    103.247    68.411    8.0    68.731    61.612    100.499    97.591    99.035    34.059    70.456    2.0    66.573    66.843    103.247    97.591    64.405    103.247    75.71    0         75.313    25.612    68.411    100.499    71.386    101.863    10.0    101.863    8.944    72.993    99.035    2.0    27.785    70.0    63.812    66.573    28.425    64.031    63.781    2.0    103.479    2.0    103.247    69.051    41.231    94.763    
32    91.837    59.481    74.148    31.78    105.802    53.009    1.414    93.048    61.008    59.211    31.305    2.0    58.0    51.225    77.201    7.211    52.345    54.0    56.321    54.037    104.0    30.529    75.71    56.639    49.679    60.033    54.148    52.345    60.033    108.167    75.313    0         96.208    51.225    54.0    104.307    56.0    84.404    56.0    81.043    103.73    54.037    75.71    95.854    33.287    28.284    56.639    98.793    49.518    46.69    77.279    54.148    77.279    58.0    101.548    62.769    54.589    
33    88.284    71.344    27.019    99.489    97.129    97.005    97.499    3.162    131.552    132.944    98.082    94.34    128.701    94.021    20.0    89.196    87.201    125.873    123.11    124.451    8.485    95.268    24.083    92.087    92.455    128.763    123.045    90.0    128.763    94.0    25.612    96.208    0         94.021    125.873    90.022    127.279    16.125    127.279    16.971    92.087    124.451    24.083    4.472    95.016    88.408    92.087    2.828    89.644    89.376    24.413    128.763    24.413    128.701    88.091    66.242    120.283    
34    44.922    24.698    67.007    21.954    57.775    3.162    51.088    91.4    39.115    41.593    21.633    50.0    36.715    0.0    74.887    51.108    7.211    34.928    30.529    33.106    102.45    21.26    70.0    6.325    2.0    36.056    31.305    4.472    36.056    61.351    68.411    51.225    94.021    0         34.928    58.241    35.777    78.102    35.777    77.201    56.921    33.106    70.0    96.021    18.439    23.324    6.325    96.83    4.472    6.0    69.656    38.626    69.656    36.715    55.785    30.529    27.785    
35    75.007    59.481    99.086    28.178    85.475    32.894    53.009    123.037    7.071    7.071    29.53    54.037    4.0    34.928    106.075    58.31    42.048    0.0    6.325    2.0    134.358    32.249    101.863    39.85    35.777    6.325    4.0    39.395    6.325    90.2    100.499    54.0    125.873    34.928    0         88.023    2.0    110.454    2.0    108.904    86.093    2.0    101.863    127.311    31.623    39.446    39.85    128.701    38.471    37.736    101.98    4.0    101.98    4.0    86.0    65.299    8.0    
36    13.342    45.453    70.612    79.712    7.616    58.464    104.623    89.006    89.14    93.048    79.12    102.626    88.023    58.241    79.246    101.607    53.852    88.023    82.0    86.023    96.333    78.0    73.348    51.923    58.822    86.093    84.024    55.027    86.093    4.472    71.386    104.307    90.022    58.241    88.023    0         88.0    76.236    88.0    78.638    2.828    86.023    73.348    94.0    75.392    76.942    51.923    92.087    57.585    60.166    71.021    92.022    71.021    88.023    2.828    43.863    80.025    
37    75.06    60.415    100.449    29.967    85.288    33.615    55.009    124.459    5.099    5.831    31.305    56.036    2.0    35.777    107.517    60.299    42.942    2.0    6.0    2.828    135.765    34.0    103.247    40.497    36.715    4.472    4.472    40.249    4.472    90.089    101.863    56.0    127.279    35.777    2.0    88.0    0         111.803    0.0    110.309    86.023    2.828    103.247    128.763    33.287    41.183    40.497    130.108    39.446    38.833    103.325    4.472    103.325    2.0    86.023    66.242    8.246    
38    73.335    55.227    11.402    84.629    83.054    81.056    85.615    13.928    115.974    117.516    83.235    82.462    113.172    78.102    8.246    77.666    71.218    110.454    107.48    108.977    24.413    80.449    8.944    76.026    76.577    113.137    107.517    74.027    113.137    80.399    10.0    84.404    16.125    78.102    110.454    76.236    111.803    0         111.803    4.472    78.102    108.977    8.944    18.974    80.0    73.783    76.026    18.868    73.756    73.593    8.485    113.455    8.485    113.172    74.108    50.12    104.652    
39    75.06    60.415    100.449    29.967    85.288    33.615    55.009    124.459    5.099    5.831    31.305    56.036    2.0    35.777    107.517    60.299    42.942    2.0    6.0    2.828    135.765    34.0    103.247    40.497    36.715    4.472    4.472    40.249    4.472    90.089    101.863    56.0    127.279    35.777    2.0    88.0    0.0    111.803    0         110.309    86.023    2.828    103.247    128.763    33.287    41.183    40.497    130.108    39.446    38.833    103.325    4.472    103.325    2.0    86.023    66.242    8.246    
40    75.06    55.009    10.296    82.62    85.288    80.212    82.28    14.213    114.586    115.974    81.216    79.12    111.732    77.201    4.0    74.216    70.456    108.904    106.151    107.48    25.456    78.409    7.211    75.472    75.604    111.803    106.075    73.239    111.803    82.873    8.944    81.043    16.971    77.201    108.904    78.638    110.309    4.472    110.309    0         80.399    107.48    7.211    18.868    78.102    71.61    75.472    19.799    72.801    72.471    8.246    111.803    8.246    111.732    76.42    50.16    103.325    
41    12.083    45.277    72.18    78.549    5.099    57.009    104.01    91.005    87.052    91.005    78.0    102.078    86.0    56.921    80.895    101.213    52.802    86.093    80.025    84.095    98.509    76.968    74.967    50.596    57.585    84.024    82.098    53.852    84.024    4.472    72.993    103.73    92.087    56.921    86.093    2.828    86.023    78.102    86.023    80.399    0         84.095    74.967    96.021    74.324    76.158    50.596    94.191    56.462    59.093    72.691    90.089    72.691    86.0    4.0    44.045    78.102    
42    73.007    57.706    97.622    27.313    83.487    31.016    53.085    121.631    7.616    8.602    28.636    54.0    4.472    33.106    104.69    58.138    40.249    2.0    4.472    0.0    132.936    31.305    100.419    37.947    34.0    6.0    2.0    37.577    6.0    88.204    99.035    54.037    124.451    33.106    2.0    86.023    2.828    108.977    2.828    107.48    84.095    0         100.419    125.936    30.529    38.471    37.947    127.279    36.715    36.056    100.499    6.0    100.499    4.472    84.0    63.53    6.0    
43    69.007    47.854    3.162    75.802    79.762    73.007    76.903    21.401    107.49    108.931    74.404    73.756    104.652    70.0    6.0    69.051    63.246    101.863    99.035    100.419    32.558    71.61    0.0    68.264    68.411    104.69    98.995    66.03    104.69    77.666    2.0    75.71    24.083    70.0    101.863    73.348    103.247    8.944    103.247    7.211    74.967    100.419    0         26.077    71.218    64.9    68.264    26.907    65.605    65.299    2.828    104.805    2.828    104.652    71.021    43.081    96.208    
44    91.924    73.824    29.155    100.568    101.045    99.045    97.17    5.099    133.124    134.38    99.156    94.021    130.231    96.021    21.26    88.769    89.308    127.311    124.74    125.936    8.246    96.333    26.077    94.34    94.403    130.384    124.579    92.087    130.384    98.02    27.785    95.854    4.472    96.021    127.311    94.0    128.763    18.974    128.763    18.868    96.021    125.936    26.077    0         96.208    89.376    94.34    4.472    91.608    91.214    26.833    130.108    26.833    130.231    92.022    68.877    121.918    
45    62.241    35.014    68.6    5.099    75.591    19.849    33.015    92.098    38.079    38.601    4.0    32.249    34.986    18.439    75.073    34.176    21.541    31.623    30.463    30.529    103.479    2.828    71.218    24.413    17.205    35.777    29.53    20.591    35.777    78.791    70.0    33.287    95.016    18.439    31.623    75.392    33.287    80.0    33.287    78.102    74.324    30.529    71.218    96.208    0         8.246    24.413    97.837    17.889    15.232    71.61    34.059    71.61    34.986    72.801    40.2    27.857    
46    64.14    33.734    62.434    11.402    77.936    25.495    28.32    85.428    46.065    46.325    10.0    26.907    42.942    23.324    68.411    27.785    24.083    39.446    38.626    38.471    96.83    7.211    64.9    28.425    21.633    43.863    37.577    24.083    43.863    80.623    63.812    28.284    88.408    23.324    39.446    76.942    41.183    73.783    41.183    71.61    76.158    38.471    64.9    89.376    8.246    0         28.425    91.214    21.26    18.439    65.513    41.617    65.513    42.942    74.243    38.21    36.056    
47    38.601    21.213    65.192    28.178    51.478    7.071    56.586    89.588    43.382    46.239    27.785    55.317    41.231    6.325    73.43    56.036    6.0    39.85    34.928    37.947    100.439    27.203    68.264    0.0    7.211    40.249    36.056    4.472    40.249    55.027    66.573    56.639    92.087    6.325    39.85    51.923    40.497    76.026    40.497    75.472    50.596    37.947    68.264    94.34    24.413    28.425    0         94.868    7.211    10.0    67.676    43.681    67.676    41.231    49.477    26.907    32.311    
48    90.609    74.095    29.833    102.303    99.247    99.81    100.09    5.831    134.38    135.772    100.896    96.933    131.529    96.83    22.804    91.761    90.0    128.701    125.936    127.279    5.657    98.082    26.907    94.868    95.268    131.59    125.873    92.801    131.59    96.021    28.425    98.793    2.828    96.83    128.701    92.087    130.108    18.868    130.108    19.799    94.191    127.279    26.907    4.472    97.837    91.214    94.868    0         92.455    92.195    27.203    131.59    27.203    131.529    90.2    68.964    123.11    
49    44.385    21.024    62.626    22.136    57.706    7.616    49.497    87.006    43.012    45.277    21.541    48.166    40.497    4.472    70.456    48.826    4.0    38.471    34.409    36.715    98.082    20.591    65.605    7.211    2.828    40.0    34.986    2.828    40.0    60.926    64.031    49.518    89.644    4.472    38.471    57.585    39.446    73.756    39.446    72.801    56.462    36.715    65.605    91.608    17.889    21.26    7.211    92.455    0         2.828    65.299    42.048    65.299    40.497    55.027    26.833    31.623    
50    47.011    22.136    62.37    19.647    60.415    9.055    46.669    86.683    42.638    44.654    18.974    45.343    40.0    6.0    70.0    46.043    6.325    37.736    34.059    36.056    97.837    17.889    65.299    10.0    4.0    39.699    34.409    5.657    39.699    63.561    63.781    46.69    89.376    6.0    37.736    60.166    38.833    73.593    38.833    72.471    59.093    36.056    65.299    91.214    15.232    18.439    10.0    92.195    2.828    0         65.115    41.183    65.115    40.0    57.585    27.857    31.241    
51    67.007    47.011    3.162    76.276    77.524    72.622    78.447    21.954    107.49    109.041    74.887    75.313    104.69    69.656    8.246    70.711    62.801    101.98    98.995    100.499    32.802    72.111    2.828    67.676    68.118    104.652    99.035    65.605    104.652    75.313    2.0    77.279    24.413    69.656    101.98    71.021    103.325    8.485    103.325    8.246    72.691    100.499    2.828    26.833    71.61    65.513    67.676    27.203    65.299    65.115    0         104.995    0.0    104.69    68.731    42.048    96.167    
52    79.006    63.071    102.069    30.232    89.454    36.688    53.085    125.897    7.616    5.099    31.623    54.332    5.657    38.626    108.904    58.856    45.695    4.0    10.198    6.0    137.244    34.409    104.805    43.681    39.395    8.485    8.0    43.081    8.485    94.191    103.479    54.148    128.763    38.626    4.0    92.022    4.472    113.455    4.472    111.803    90.089    6.0    104.805    130.108    34.059    41.617    43.681    131.59    42.048    41.183    104.995    0         104.995    5.657    90.0    68.877    12.0    
53    67.007    47.011    3.162    76.276    77.524    72.622    78.447    21.954    107.49    109.041    74.887    75.313    104.69    69.656    8.246    70.711    62.801    101.98    98.995    100.499    32.802    72.111    2.828    67.676    68.118    104.652    99.035    65.605    104.652    75.313    2.0    77.279    24.413    69.656    101.98    71.021    103.325    8.485    103.325    8.246    72.691    100.499    2.828    26.833    71.61    65.513    67.676    27.203    65.299    65.115    0.0    104.995    0         104.69    68.731    42.048    96.167    
54    75.166    61.4    101.833    31.78    85.147    34.438    57.009    125.897    3.162    5.099    33.106    58.034    0.0    36.715    108.977    62.29    43.909    4.0    6.325    4.472    137.186    35.777    104.652    41.231    37.736    2.828    5.657    41.183    2.828    90.022    103.247    58.0    128.701    36.715    4.0    88.023    2.0    113.172    2.0    111.732    86.0    4.472    104.652    130.231    34.986    42.942    41.231    131.529    40.497    40.0    104.69    5.657    104.69    0         86.093    67.231    8.944    
55    11.045    42.638    68.25    77.162    9.055    56.089    101.872    87.006    87.281    91.137    76.551    99.86    86.093    55.785    76.942    98.813    51.264    86.0    80.025    84.0    94.53    75.392    71.021    49.477    56.321    84.214    82.0    52.498    84.214    7.211    69.051    101.548    88.091    55.785    86.0    2.828    86.023    74.108    86.023    76.42    4.0    84.0    71.021    92.022    72.801    74.243    49.477    90.2    55.027    57.585    68.731    90.0    68.731    86.093    0         41.037    78.0    
56    33.615    5.831    39.925    45.277    47.434    33.015    63.325    63.953    69.642    72.069    44.181    60.926    67.231    30.529    48.703    59.059    23.324    65.299    61.057    63.53    74.431    42.048    43.081    26.907    29.53    66.573    61.774    26.077    66.573    48.166    41.231    62.769    66.242    30.529    65.299    43.863    66.242    50.12    66.242    50.16    44.045    63.53    43.081    68.877    40.2    38.21    26.907    68.964    26.833    27.857    42.048    68.877    42.048    67.231    41.037    0         58.31    
57    67.007    52.479    93.349    25.495    77.524    25.495    53.759    117.516    11.402    13.928    26.683    54.332    8.944    27.785    100.658    58.034    34.986    8.0    2.828    6.0    128.763    29.12    96.208    32.311    28.844    8.485    4.0    32.249    8.485    82.219    94.763    54.589    120.283    27.785    8.0    80.025    8.246    104.652    8.246    103.325    78.102    6.0    96.208    121.918    27.857    36.056    32.311    123.11    31.623    31.241    96.167    12.0    96.167    8.944    78.0    58.31    0         


Demandas:
1: 0.0
2: 2.0
3: 1.0
4: 3.0
5: 9.0
6: 13.0
7: 21.0
8: 6.0
9: 22.0
10: 10.0
11: 23.0
12: 2.0
13: 15.0
14: 10.0
15: 23.0
16: 8.0
17: 5.0
18: 14.0
19: 6.0
20: 15.0
21: 18.0
22: 15.0
23: 10.0
24: 17.0
25: 1.0
26: 1.0
27: 18.0
28: 7.0
29: 12.0
30: 9.0
31: 26.0
32: 60.0
33: 12.0
34: 17.0
35: 9.0
36: 7.0
37: 13.0
38: 24.0
39: 10.0
40: 17.0
41: 24.0
42: 25.0
43: 1.0
44: 20.0
45: 14.0
46: 6.0
47: 9.0
48: 11.0
49: 2.0
50: 11.0
51: 17.0
52: 3.0
53: 1.0
54: 8.0
55: 12.0
56: 9.0
57: 13.0
+-+-+-+-+-+-+-+-+-+-+-+-+-+-+-+ SOLUCION INICIAL +-+-+-+-+-+-+-+-+-+-+-+-+-+-+-+-

Ruta #1: [1, 52, 31, 26, 51, 2, 40, 17, 16, 34, 49, 25, 3]
Costo asociado: 803.9599999999999      Capacidad: 100.0

Ruta #2: [1, 45, 54, 47, 35, 48, 22, 4, 55, 36, 46, 8]
Costo asociado: 738.5269999999999      Capacidad: 100.0

Ruta #3: [1, 7, 32, 10, 12, 28]
Costo asociado: 304.90099999999995      Capacidad: 100.0

Ruta #4: [1, 44, 27, 24, 42, 50, 5]
Costo asociado: 401.11899999999997      Capacidad: 100.0

Ruta #5: [1, 11, 21, 30, 37, 13, 23, 29]
Costo asociado: 647.397      Capacidad: 100.0

Ruta #6: [1, 38, 20, 18, 9, 57, 33]
Costo asociado: 411.352      Capacidad: 100.0

Ruta #7: [1, 15, 6, 14, 19, 53, 39, 56, 43, 41]
Costo asociado: 585.327      Capacidad: 97.0

--> Costo total: 3892.5829999999996          Capacidad total: 697.0

+-+-+-+-+-+-+-+-+-+-+-+-+-+-+-+-+-+-+- Iteracion 1  +-+-+-+-+-+-+-+-+-+-+-+-+-+-+-+-+-+-+-


Ruta #1: [1, 52, 31, 26, 51, 2, 40, 17, 16, 34, 49, 25, 3]
Costo asociado: 803.9599999999999      Capacidad: 100.0

Ruta #2: [1, 45, 54, 47, 35, 48, 22, 4, 55, 36, 46, 8]
Costo asociado: 738.5269999999999      Capacidad: 100.0

Ruta #3: [1, 7, 32, 10, 12, 28]
Costo asociado: 304.90099999999995      Capacidad: 100.0

Ruta #4: [1, 44, 27, 24, 42, 50, 5]
Costo asociado: 401.11899999999997      Capacidad: 100.0

Ruta #5: [1, 11, 21, 30, 37, 13, 23, 29]
Costo asociado: 647.397      Capacidad: 100.0

Ruta #6: [1, 38, 20, 18, 9, 57, 33]
Costo asociado: 411.352      Capacidad: 100.0

Ruta #7: [1, 15, 6, 14, 19, 53, 39, 56, 43, 41]
Costo asociado: 585.327      Capacidad: 97.0

--> Costo total: 3881.999          Capacidad total: 697.0

+-+-+-+-+-+-+-+-+-+-+-+-+-+-+-+-+-+-+- Iteracion 1  +-+-+-+-+-+-+-+-+-+-+-+-+-+-+-+-+-+-+-

La solución anterior duró 0min 2seg    -------> Nuevo optimo local. Costo: 3881.999
Lista tabu: []

+-+-+-+-+-+-+-+-+-+-+-+-+-+-+-+-+-+-+- Iteracion 3  +-+-+-+-+-+-+-+-+-+-+-+-+-+-+-+-+-+-+-


Ruta #1: [1, 52, 31, 26, 51, 2, 40, 17, 16, 34, 49, 25, 3]
Costo asociado: 803.9599999999999      Capacidad: 100.0

Ruta #2: [1, 45, 54, 47, 35, 48, 22, 4, 55, 36, 46, 8]
Costo asociado: 738.5269999999999      Capacidad: 100.0

Ruta #3: [1, 7, 32, 10, 12, 28]
Costo asociado: 304.90099999999995      Capacidad: 100.0

Ruta #4: [1, 44, 27, 50, 42, 24, 5]
Costo asociado: 390.53499999999997      Capacidad: 100.0

Ruta #5: [1, 11, 21, 30, 37, 13, 23, 29]
Costo asociado: 647.397      Capacidad: 100.0

Ruta #6: [1, 38, 20, 18, 9, 57, 33]
Costo asociado: 411.352      Capacidad: 100.0

Ruta #7: [1, 15, 6, 14, 19, 53, 39, 56, 43, 41]
Costo asociado: 585.327      Capacidad: 97.0

--> Costo total: 3876.705          Capacidad total: 697.0

+-+-+-+-+-+-+-+-+-+-+-+-+-+-+-+-+-+-+- Iteracion 3  +-+-+-+-+-+-+-+-+-+-+-+-+-+-+-+-+-+-+-

La solución anterior duró 0min 1seg    -------> Nuevo optimo local. Costo: 3876.705
Lista tabu: [((27,24,36.056),12), ((50,5,60.415),12), ((27,50,34.409),10), ((20,18,2.0),8), ((9,57,11.402),8), ((9,20,7.616),7)]

+-+-+-+-+-+-+-+-+-+-+-+-+-+-+-+-+-+-+- Iteracion 4  +-+-+-+-+-+-+-+-+-+-+-+-+-+-+-+-+-+-+-


Ruta #1: [1, 52, 34, 16, 17, 40, 2, 51, 26, 31, 49, 25, 3]
Costo asociado: 798.666      Capacidad: 100.0

Ruta #2: [1, 45, 54, 47, 35, 48, 22, 4, 55, 36, 46, 8]
Costo asociado: 738.5269999999999      Capacidad: 100.0

Ruta #3: [1, 7, 32, 10, 12, 28]
Costo asociado: 304.90099999999995      Capacidad: 100.0

Ruta #4: [1, 44, 27, 50, 42, 24, 5]
Costo asociado: 390.53499999999997      Capacidad: 100.0

Ruta #5: [1, 11, 21, 30, 37, 13, 23, 29]
Costo asociado: 647.397      Capacidad: 100.0

Ruta #6: [1, 38, 20, 18, 9, 57, 33]
Costo asociado: 411.352      Capacidad: 100.0

Ruta #7: [1, 15, 6, 14, 19, 53, 39, 56, 43, 41]
Costo asociado: 585.327      Capacidad: 97.0

--> Costo total: 3796.5159999999996          Capacidad total: 697.0

+-+-+-+-+-+-+-+-+-+-+-+-+-+-+-+-+-+-+- Iteracion 4  +-+-+-+-+-+-+-+-+-+-+-+-+-+-+-+-+-+-+-

La solución anterior duró 0min 2seg    -------> Nuevo optimo local. Costo: 3796.5159999999996
Lista tabu: [((27,24,36.056),11), ((50,5,60.415),11), ((27,50,34.409),9), ((20,18,2.0),7), ((9,57,11.402),7), ((9,20,7.616),6), ((52,31,103.479),13), ((34,49,4.472),13), ((34,52,38.626),11)]

+-+-+-+-+-+-+-+-+-+-+-+-+-+-+-+-+-+-+- Iteracion 6  +-+-+-+-+-+-+-+-+-+-+-+-+-+-+-+-+-+-+-


Ruta #1: [1, 52, 34, 16, 17, 40, 2, 51, 55, 36, 46, 8]
Costo asociado: 713.203      Capacidad: 100.0

Ruta #2: [1, 45, 54, 47, 35, 48, 22, 4, 26, 31, 49, 25, 3]
Costo asociado: 743.801      Capacidad: 100.0

Ruta #3: [1, 7, 32, 10, 12, 28]
Costo asociado: 304.90099999999995      Capacidad: 100.0

Ruta #4: [1, 44, 27, 50, 42, 24, 5]
Costo asociado: 390.53499999999997      Capacidad: 100.0

Ruta #5: [1, 11, 21, 30, 37, 13, 23, 29]
Costo asociado: 647.397      Capacidad: 100.0

Ruta #6: [1, 38, 20, 18, 9, 57, 33]
Costo asociado: 411.352      Capacidad: 100.0

Ruta #7: [1, 15, 6, 14, 19, 53, 39, 56, 43, 41]
Costo asociado: 585.327      Capacidad: 97.0

--> Costo total: 3599.3179999999993          Capacidad total: 697.0

+-+-+-+-+-+-+-+-+-+-+-+-+-+-+-+-+-+-+- Iteracion 6  +-+-+-+-+-+-+-+-+-+-+-+-+-+-+-+-+-+-+-

La solución anterior duró 0min 2seg    -------> Nuevo optimo local. Costo: 3599.3179999999993
Lista tabu: [((27,24,36.056),9), ((50,5,60.415),9), ((27,50,34.409),7), ((20,18,2.0),5), ((9,57,11.402),5), ((9,20,7.616),4), ((52,31,103.479),11), ((34,49,4.472),11), ((34,52,38.626),9), ((4,55,77.162),12), ((51,26,104.652),12), ((4,26,32.894),10), ((52,34,38.626),8), ((46,8,85.428),8), ((46,52,41.617),7)]

+-+-+-+-+-+-+-+-+-+-+-+-+-+-+-+-+-+-+- Iteracion 7  +-+-+-+-+-+-+-+-+-+-+-+-+-+-+-+-+-+-+-


Ruta #1: [1, 52, 34, 16, 17, 40, 2, 51, 55, 36, 46, 8]
Costo asociado: 713.203      Capacidad: 100.0

Ruta #2: [1, 45, 54, 47, 35, 26, 4, 22, 48, 31, 49, 25, 3]
Costo asociado: 546.603      Capacidad: 100.0

Ruta #3: [1, 7, 32, 10, 12, 28]
Costo asociado: 304.90099999999995      Capacidad: 100.0

Ruta #4: [1, 44, 27, 50, 42, 24, 5]
Costo asociado: 390.53499999999997      Capacidad: 100.0

Ruta #5: [1, 11, 21, 30, 37, 13, 23, 29]
Costo asociado: 647.397      Capacidad: 100.0

Ruta #6: [1, 38, 20, 18, 9, 57, 33]
Costo asociado: 411.352      Capacidad: 100.0

Ruta #7: [1, 15, 6, 14, 19, 53, 39, 56, 43, 41]
Costo asociado: 585.327      Capacidad: 97.0

--> Costo total: 3509.8769999999995          Capacidad total: 697.0

+-+-+-+-+-+-+-+-+-+-+-+-+-+-+-+-+-+-+- Iteracion 7  +-+-+-+-+-+-+-+-+-+-+-+-+-+-+-+-+-+-+-

La solución anterior duró 0min 1seg    -------> Nuevo optimo local. Costo: 3509.8769999999995
