+-+-+-+-+-+-+-+-+-+-+-+-+-+-+ GRAFO CARGADO +-+-+-+-+-+-+-+-+-+-+-+-+-+-+-
        1         2         3         4         5         6         7         8         9         10        11        12        13        14        15        16        17        18        19        20        21        22        23        24        25        26        27        28        29        30        31        32        33        34        35        36        37        38        39        40        41        42        43        44        45        46        47        48        49        50        51        52        53        54        55        56        57        58        59        60        61        62        63        64        65        66        67
1     0         58.181    25.298    80.957    41.881    13.038    63.6    38.21    51.788    18.439    31.0    47.539    17.804    15.232    42.544    18.682    28.071    28.16    22.804    53.759    52.887    21.378    28.302    48.083    37.121    19.647    23.707    30.017    14.866    36.056    82.365    23.345    43.417    19.723    60.216    53.852    57.628    44.922    31.064    54.203    57.689    29.155    55.803    29.017    56.036    27.586    37.443    20.125    18.358    54.231    43.081    34.525    29.411    53.824    23.537    21.587    18.682    81.006    17.889    37.216    91.782    79.076    77.698    15.811    59.363    43.966    25.318    
2     58.181    0         43.186    100.722    18.028    70.576    30.887    25.0    33.061    68.066    32.558    10.817    75.591    73.41    15.652    76.694    36.069    32.65    51.662    7.28    10.198    76.655    86.313    38.639    31.385    74.465    47.424    33.971    73.007    31.064    104.657    55.227    36.688    49.518    30.806    5.0    27.019    38.328    31.113    27.586    31.89    36.125    29.0    34.655    30.414    84.723    22.204    48.104    70.612    4.243    15.264    35.511    87.235    29.732    81.345    79.48    76.694    103.31    76.059    32.249    74.706    104.278    102.956    70.605    33.422    38.601    39.598    
3     25.298    43.186    0         100.21    32.894    37.656    60.638    18.439    27.019    42.942    10.63    32.802    38.118    38.053    29.155    42.107    7.211    11.705    8.485    36.797    34.828    46.573    48.508    22.804    13.928    44.922    4.243    9.22    38.118    13.416    102.45    12.042    18.248    7.28    58.052    38.21    54.342    19.647    12.207    51.788    56.569    7.071    53.759    8.602    54.589    45.354    29.833    6.083    43.463    38.949    28.844    10.198    48.836    52.469    47.096    45.1    42.107    101.045    40.0    13.601    98.184    99.905    98.494    41.11    58.549    18.682    4.123    
4     80.957    100.722    100.21    0         86.023    77.201    76.243    100.449    118.828    64.514    98.412    96.26    86.585    81.744    92.801    79.831    97.949    94.175    101.872    102.626    104.293    70.406    88.685    118.87    104.69    69.857    100.955    98.494    80.777    103.276    5.099    103.446    113.952    97.944    74.0    100.17    76.322    116.103    96.938    74.324    71.512    99.358    73.539    97.837    72.236    93.215    84.024    97.637    66.761    99.644    94.202    104.89    90.67    72.09    78.918    79.246    79.831    4.472    83.199    105.418    55.66    9.22    9.22    70.88    70.838    115.434    97.617    
5     41.881    18.028    32.894    86.023    0         53.666    28.16    19.235    35.777    50.22    23.345    10.296    59.641    56.939    7.211    59.942    25.962    21.19    40.719    17.088    18.358    59.135    70.178    38.601    26.077    56.921    36.77    24.515    56.436    25.02    89.588    44.283    34.713    37.59    26.0    15.297    22.023    36.878    21.378    20.1    25.179    26.683    22.091    24.739    23.195    69.203    4.472    36.235    52.887    15.133    8.602    29.017    71.281    21.378    64.405    62.61    59.942    88.204    59.682    27.074    69.123    88.685    87.321    53.141    27.166    36.674    28.792    
6     13.038    70.576    37.656    77.201    53.666    0         72.835    51.245    64.498    13.038    44.011    60.083    10.05    5.099    55.027    6.403    41.012    41.195    33.615    66.483    65.734    9.434    17.804    60.415    50.04    8.485    35.44    43.0    4.123    49.01    77.833    33.121    55.902    31.321    69.311    66.408    67.209    57.271    44.102    63.655    66.528    42.048    65.054    42.0    65.069    19.313    49.193    32.016    10.44    66.731    55.66    47.265    19.416    62.936    10.77    8.944    6.403    76.551    7.616    50.09    96.135    73.926    72.615    6.325    68.015    56.294    38.118    
7     63.6    30.887    60.638    76.243    28.16    72.835    0         47.0    61.392    65.0    51.478    33.541    80.92    77.156    34.015    79.196    53.935    49.031    68.007    36.401    39.217    75.432    90.554    65.49    54.009    73.246    64.288    52.612    76.42    53.038    80.777    71.47    62.129    64.514    3.606    33.242    6.325    64.195    49.497    9.434    6.708    54.745    7.81    52.773    7.81    90.907    30.806    63.246    68.411    32.311    35.057    57.14    92.022    9.899    82.807    81.345    79.196    79.555    79.981    55.009    43.829    81.584    80.411    70.178    6.083    64.125    56.515    
8     38.21    25.0    18.439    100.449    19.235    51.245    47.0    0         18.385    52.612    8.062    15.232    54.12    52.953    13.038    56.719    11.662    10.05    26.907    18.385    16.401    59.0    64.846    19.698    7.071    57.009    22.672    9.434    52.773    6.325    103.479    30.414    15.524    25.239    45.1    20.0    41.049    17.72    7.28    39.319    44.407    11.402    41.304    10.296    42.426    62.394    18.385    23.854    54.231    20.809    12.166    10.77    65.46    40.608    61.66    59.682    56.719    102.069    55.317    8.062    88.295    101.828    100.424    53.009    46.39    17.464    15.264    
9     51.788    33.061    27.019    118.828    35.777    64.498    61.392    18.385    0         68.308    21.932    27.893    65.031    65.069    28.636    69.116    24.042    25.942    33.377    26.0    23.0    73.164    75.24    7.071    15.232    71.386    30.067    22.472    65.123    16.553    121.828    35.903    9.22    34.015    60.166    29.017    56.045    8.944    22.825    55.027    60.083    22.804    56.921    23.409    58.189    71.701    36.056    33.0    69.376    30.017    27.313    17.263    75.425    56.648    74.108    72.111    69.116    120.416    67.007    14.866    104.355    120.104    118.697    67.469    61.984    9.849    26.476    
10    18.439    68.066    42.942    64.514    50.22    13.038    65.0    52.612    68.308    0         46.573    58.31    23.0    18.0    53.235    17.464    44.272    42.953    41.231    65.192    65.031    10.63    28.792    65.391    53.16    8.602    41.881    45.88    17.0    51.923    65.391    41.725    60.539    38.013    61.4    64.498    59.908    62.241    46.098    56.303    58.412    45.541    57.428    44.922    57.201    31.575    45.891    38.275    3.606    64.63    54.148    51.264    30.676    55.218    19.235    18.385    17.464    64.078    20.1    53.451    84.309    61.717    60.374    7.071    59.666    61.327    42.154    
11    31.0    32.558    10.63    98.412    23.345    44.011    51.478    8.062    21.932    46.573    0         22.204    46.325    45.398    18.788    49.254    3.606    4.243    19.105    26.249    24.413    52.154    57.009    20.518    6.708    50.249    14.866    1.414    45.277    5.385    101.119    22.672    15.556    17.205    49.163    27.586    45.277    17.692    2.0    43.046    48.01    3.606    45.044    2.236    46.011    54.424    21.0    15.811    47.854    28.32    18.358    6.708    57.567    44.0    54.231    52.24    49.254    99.705    47.676    7.211    90.934    99.086    97.673    46.271    50.01    17.029    7.211    
12    47.539    10.817    32.802    96.26    10.296    60.083    33.541    15.232    27.893    58.31    22.204    0         64.846    62.769    5.099    66.129    25.612    21.932    41.231    7.071    8.062    66.491    75.584    32.062    22.136    64.327    37.014    23.601    62.394    21.541    99.86    44.822    29.069    38.897    32.28    6.325    28.16    31.016    20.616    27.313    32.311    25.807    29.155    24.207    30.463    73.926    13.342    37.483    60.671    6.708    4.472    26.0    76.479    29.069    70.838    68.949    66.129    98.478    65.391    23.087    76.551    98.98    97.617    60.415    34.176    31.064    29.069    
13    17.804    75.591    38.118    86.585    59.641    10.05    80.92    54.12    65.031    23.0    46.325    64.846    0         5.0    59.942    7.211    42.953    44.272    32.14    70.774    69.642    16.553    10.77    60.075    51.624    16.763    35.0    45.122    6.0    50.804    86.977    30.594    56.0    31.016    77.466    71.113    75.073    57.035    46.84    71.589    74.813    43.738    73.11    44.147    73.246    10.0    55.218    32.062    20.1    71.554    60.374    48.26    11.662    71.063    10.817    9.22    7.211    85.726    3.606    51.478    105.948    82.873    81.597    16.031    76.4    56.036    39.623    
14    15.232    73.41    38.053    81.744    56.939    5.099    77.156    52.953    65.069    18.0    45.398    62.769    5.0    0         57.775    4.123    42.19    42.953    32.985    68.949    68.007    12.207    13.454    60.531    51.088    12.083    35.355    44.283    1.0    50.16    82.219    31.953    56.223    31.257    73.661    69.08    71.421    57.428    45.706    67.897    70.937    43.105    69.354    43.29    69.426    14.318    52.479    32.14    15.133    69.462    58.31    48.0    14.866    67.268    9.055    7.071    4.123    80.957    2.828    51.039    101.193    78.186    76.896    11.045    72.471    56.436    39.051    
15    42.544    15.652    29.155    92.801    7.211    55.027    34.015    13.038    28.636    53.235    18.788    5.099    59.942    57.775    0         61.098    21.954    17.804    37.443    12.0    12.369    61.392    70.661    31.78    20.1    59.228    33.287    20.125    57.385    19.235    96.26    41.049    28.16    34.828    32.249    11.402    28.16    30.265    17.0    26.683    31.78    22.361    28.636    20.591    29.833    69.116    8.944    33.422    55.579    11.705    1.414    23.537    71.589    28.16    65.788    63.906    61.098    94.868    60.415    21.095    75.961    95.189    93.814    55.317    33.734    30.15    25.239    
16    18.682    76.694    42.107    79.831    59.942    6.403    79.196    56.719    69.116    17.464    49.254    66.129    7.211    4.123    61.098    0         46.098    46.69    37.108    72.422    71.568    9.487    11.662    64.63    55.036    10.05    39.459    48.166    4.0    54.083    80.081    36.056    60.299    35.355    75.664    72.45    73.593    61.522    49.497    70.036    72.863    47.043    71.421    47.17    71.421    14.142    55.471    36.222    14.142    72.801    61.685    52.01    13.416    69.296    5.0    3.0    0.0    78.848    3.606    55.009    101.592    75.895    74.632    10.44    74.33    60.531    43.012    
17    28.071    36.069    7.211    97.949    25.962    41.012    53.935    11.662    24.042    44.272    3.606    25.612    42.953    42.19    21.954    46.098    0         5.0    15.62    29.833    28.018    49.366    53.6    21.633    9.055    47.518    11.402    2.236    42.107    8.0    100.499    19.209    16.643    13.601    51.478    31.113    47.676    18.601    5.0    45.277    50.16    1.414    47.265    1.414    48.166    50.922    23.195    12.207    45.354    31.828    21.633    7.211    54.12    46.098    51.088    49.092    46.098    99.086    44.407    9.22    92.542    98.29    96.876    43.566    52.154    17.804    3.606    
18    28.16    32.65    11.705    94.175    21.19    41.195    49.031    10.05    25.942    42.953    4.243    21.932    44.272    42.953    17.804    46.69    5.0    0         19.723    26.926    25.495    49.01    55.027    24.759    10.817    47.043    15.652    4.472    42.755    9.434    96.876    23.324    19.799    17.029    46.53    27.803    42.755    21.932    3.162    40.311    45.177    6.083    42.297    4.123    43.186    52.802    18.248    15.62    44.407    28.425    17.692    10.817    55.714    41.11    51.624    49.649    46.69    95.462    45.354    11.402    87.573    94.847    93.434    43.046    47.17    21.26    7.616    
19    22.804    51.662    8.485    101.872    40.719    33.615    68.007    26.907    33.377    41.231    19.105    41.231    32.14    32.985    37.443    37.108    15.62    19.723    0         45.277    43.278    42.953    42.012    28.0    21.954    41.593    4.243    17.692    33.242    21.633    103.73    3.606    24.187    4.123    65.253    46.69    61.685    25.02    20.616    58.941    63.561    15.556    60.877    17.029    61.612    38.328    37.336    5.0    41.049    47.424    37.202    17.889    42.107    59.439    41.976    40.025    37.108    102.343    34.525    21.471    104.0    100.802    99.403    38.079    65.513    24.021    12.207    
20    53.759    7.28    36.797    102.626    17.088    66.483    36.401    18.385    26.0    65.192    26.249    7.071    70.774    68.949    12.0    72.422    29.833    26.926    45.277    0         3.0    73.164    81.541    31.401    24.413    71.021    41.037    27.659    68.622    24.207    106.33    48.795    29.411    43.417    35.777    3.162    31.765    31.048    25.0    31.623    36.359    29.732    33.287    28.425    34.67    79.605    20.396    42.012    67.476    4.123    11.045    28.601    82.347    33.601    77.201    75.286    72.422    104.957    71.512    25.239    80.112    105.589    104.235    67.082    38.079    31.321    33.422    
21    52.887    10.198    34.828    104.293    18.358    65.734    39.217    16.401    23.0    65.031    24.413    8.062    69.642    68.007    12.369    71.568    28.018    25.495    43.278    3.0    0         72.691    80.411    28.443    22.023    70.576    39.051    25.807    67.72    21.932    107.912    46.755    26.571    41.617    38.484    6.083    34.438    28.16    23.324    34.132    38.949    27.803    35.847    26.627    37.216    78.294    21.19    40.224    67.186    7.071    11.18    26.249    81.154    36.056    76.4    74.465    71.568    106.532    70.52    22.804    82.855    107.042    105.679    66.611    40.706    28.46    31.623    
22    21.378    76.655    46.573    70.406    59.135    9.434    75.432    59.0    73.164    10.63    52.154    66.491    16.553    12.207    61.392    9.487    49.366    49.01    42.953    73.164    72.691    0         19.235    69.376    58.421    2.236    44.598    51.245    11.402    57.315    70.605    42.544    64.761    40.497    71.84    72.78    70.214    66.219    52.038    66.611    68.884    50.488    67.801    50.249    67.624    23.022    54.708    41.11    7.071    73.007    62.169    55.902    21.213    65.605    9.22    9.0    9.487    69.376    13.0    58.549    94.43    66.408    65.146    6.083    70.178    65.253    46.69    
23    28.302    86.313    48.508    88.685    70.178    17.804    90.554    64.846    75.24    28.792    57.009    75.584    10.77    13.454    70.661    11.662    53.6    55.027    42.012    81.541    80.411    19.235    0         70.007    62.169    20.616    45.177    55.785    14.142    61.392    88.459    40.05    66.121    41.304    87.046    81.86    84.853    67.03    57.567    81.32    84.291    54.342    82.759    54.818    82.807    5.657    65.734    42.426    25.298    82.292    71.113    58.694    2.0    80.66    10.05    10.44    11.662    87.298    10.63    61.984    113.088    83.952    82.765    21.932    85.796    66.03    50.22    
24    48.083    38.639    22.804    118.87    38.601    60.415    65.49    19.698    7.071    65.391    20.518    32.062    60.075    60.531    31.78    64.63    21.633    24.759    28.0    31.401    28.443    69.376    70.007    0         14.213    67.72    25.179    20.616    60.671    15.62    121.622    30.15    5.0    29.275    63.953    34.234    59.841    3.162    21.932    58.464    63.561    20.248    60.415    21.401    61.612    66.189    38.079    28.443    66.129    35.228    30.594    14.422    70.064    59.908    69.584    67.602    64.63    120.208    62.29    13.454    107.703    119.604    118.191    63.891    65.513    4.123    23.259    
25    37.121    31.385    13.928    104.69    26.077    50.04    54.009    7.071    15.232    53.16    6.708    22.136    51.624    51.088    20.1    55.036    9.055    10.817    21.954    24.413    22.023    58.421    62.169    14.213    0         56.569    17.889    7.28    51.039    1.414    107.49    25.239    9.434    21.19    52.038    26.42    48.01    11.662    7.81    46.174    51.245    8.0    48.166    8.246    49.254    59.203    24.739    19.925    54.342    27.295    19.235    4.243    62.586    47.381    60.033    58.034    55.036    106.075    53.235    1.0    94.921    105.551    104.139    52.612    53.235    11.18    12.042    
26    19.647    74.465    44.922    69.857    56.921    8.485    73.246    57.009    71.386    8.602    50.249    64.327    16.763    12.083    59.228    10.05    47.518    47.043    41.593    71.021    70.576    2.236    20.616    67.72    56.569    0         43.081    49.366    11.18    55.444    70.214    41.34    63.063    39.0    69.656    70.612    68.007    64.56    50.09    64.405    66.708    48.662    65.605    48.374    65.437    24.021    52.498    39.56    5.0    70.831    60.017    54.129    22.561    63.411    10.77    10.198    10.05    68.964    13.342    56.719    92.704    66.129    64.846    4.0    68.015    63.6    44.911    
27    23.707    47.424    4.243    100.955    36.77    35.44    64.288    22.672    30.067    41.881    14.866    37.014    35.0    35.355    33.287    39.459    11.402    15.652    4.243    41.037    39.051    44.598    45.177    25.179    17.889    43.081    0         13.454    35.511    17.493    103.005    7.81    21.0    4.123    61.612    42.45    57.974    22.091    16.401    55.317    60.017    11.314    57.271    12.806    58.052    41.773    33.526    3.606    42.059    43.186    33.015    13.928    45.398    55.902    44.407    42.426    39.459    101.607    37.121    17.464    101.045    100.265    98.858    39.395    61.984    21.095    8.062    
28    30.017    33.971    9.22    98.494    24.515    43.0    52.612    9.434    22.472    45.88    1.414    23.601    45.122    44.283    20.125    48.166    2.236    4.472    17.692    27.659    25.807    51.245    55.785    20.616    7.28    49.366    13.454    0         44.181    6.083    101.139    21.26    15.62    15.811    50.249    29.0    46.39    17.692    3.162    44.102    49.041    2.236    46.098    1.0    47.043    53.141    22.023    14.422    47.074    29.732    19.723    6.403    56.321    45.011    53.151    51.157    48.166    99.725    46.53    7.616    91.788    99.035    97.622    45.398    51.039    16.971    5.831    
29    14.866    73.007    38.118    80.777    56.436    4.123    76.42    52.773    65.123    17.0    45.277    62.394    6.0    1.0    57.385    4.0    42.107    42.755    33.242    68.622    67.72    11.402    14.142    60.671    51.039    11.18    35.511    44.181    0         50.09    81.271    32.311    56.321    31.401    72.918    68.71    70.711    57.559    45.541    67.179    70.178    43.046    68.622    43.186    68.68    15.232    51.971    32.249    14.142    69.08    57.94    48.01    15.62    66.528    9.0    7.0    4.0    80.006    3.606    51.01    100.245    77.253    75.961    10.05    71.701    56.569    39.013    
30    36.056    31.064    13.416    103.276    25.02    49.01    53.038    6.325    16.553    51.923    5.385    21.541    50.804    50.16    19.235    54.083    8.0    9.434    21.633    24.207    21.932    57.315    61.392    15.62    1.414    55.444    17.493    6.083    50.09    0         106.075    25.0    10.817    20.616    51.01    26.077    47.0    13.038    6.403    45.1    50.16    7.071    47.096    7.071    48.166    58.523    23.537    19.313    53.151    26.926    18.439    4.472    61.847    46.271    59.076    57.079    54.083    104.661    52.345    2.236    93.744    104.139    102.728    51.478    52.154    12.53    11.18    
31    82.365    104.657    102.45    5.099    89.588    77.833    80.777    103.479    121.828    65.391    101.119    99.86    86.977    82.219    96.26    80.081    100.499    96.876    103.73    106.33    107.912    70.605    88.459    121.622    107.49    70.214    103.005    101.139    81.271    106.075    0         105.152    116.675    99.865    78.447    103.942    80.654    118.802    99.705    78.549    75.895    101.912    77.833    100.449    76.551    93.172    87.419    99.624    67.417    103.446    97.652    107.517    90.427    76.322    78.854    79.31    80.081    1.414    83.522    108.19    60.729    5.385    6.083    71.512    75.286    118.106    100.005    
32    23.345    55.227    12.042    103.446    44.283    33.121    71.47    30.414    35.903    41.725    22.672    44.822    30.594    31.953    41.049    36.056    19.209    23.324    3.606    48.795    46.755    42.544    40.05    30.15    25.239    41.34    7.81    21.26    32.311    25.0    105.152    0         26.683    7.071    68.68    50.249    65.146    27.295    24.207    62.362    66.94    19.105    64.288    20.616    65.0    36.056    40.853    8.246    41.231    50.99    40.804    21.095    40.0    62.817    40.804    38.897    36.056    103.774    33.242    24.698    107.019    102.078    100.688    38.013    68.884    26.306    15.811    
33    43.417    36.688    18.248    113.952    34.713    55.902    62.129    15.524    9.22    60.539    15.556    29.069    56.0    56.223    28.16    60.299    16.643    19.799    24.187    29.411    26.571    64.761    66.121    5.0    9.434    63.063    21.0    15.62    56.321    10.817    116.675    26.683    0         25.02    60.407    32.016    56.321    2.236    17.029    54.745    59.841    15.264    56.719    16.401    57.871    62.514    33.838    24.083    61.351    32.985    27.074    9.434    66.272    56.089    65.276    63.285    60.299    115.261    58.078    8.602    103.812    114.63    113.217    59.203    61.814    2.0    18.385    
34    19.723    49.518    7.28    97.944    37.59    31.321    64.514    25.239    34.015    38.013    17.205    38.897    31.016    31.257    34.828    35.355    13.601    17.029    4.123    43.417    41.617    40.497    41.304    29.275    21.19    39.0    4.123    15.811    31.401    20.616    99.865    7.071    25.02    0         61.685    44.598    58.189    26.173    18.439    55.362    59.908    13.892    57.28    15.0    57.974    38.079    34.015    1.414    38.079    45.277    34.713    17.464    41.593    55.785    40.311    38.328    35.355    98.473    33.061    20.881    100.005    97.005    95.603    35.341    61.847    25.179    10.0    
35    60.216    30.806    58.052    74.0    26.0    69.311    3.606    45.1    60.166    61.4    49.163    32.28    77.466    73.661    32.249    75.664    51.478    46.53    65.253    35.777    38.484    71.84    87.046    63.953    52.038    69.656    61.612    50.249    72.918    51.01    78.447    68.68    60.407    61.685    0         32.65    4.123    62.514    47.17    6.325    3.162    52.345    4.472    50.359    4.243    87.459    28.284    60.44    64.815    31.765    33.377    55.009    88.527    6.403    79.246    77.795    75.664    77.201    76.485    53.038    44.385    79.076    77.878    66.603    3.162    62.394    53.935    
36    53.852    5.0    38.21    100.17    15.297    66.408    33.242    20.0    29.017    64.498    27.586    6.325    71.113    69.08    11.402    72.45    31.113    27.803    46.69    3.162    6.083    72.78    81.86    34.234    26.42    70.612    42.45    29.0    68.71    26.077    103.942    50.249    32.016    44.598    32.65    0         28.653    33.734    26.173    28.601    33.287    31.145    30.232    29.698    31.623    80.131    19.026    43.186    66.91    1.0    10.77    30.529    82.735    30.61    77.162    75.273    72.45    102.577    71.694    27.295    76.968    103.31    101.966    66.708    34.986    33.956    34.655    
37    57.628    27.019    54.342    76.322    22.023    67.209    6.325    41.049    56.045    59.908    45.277    28.16    75.073    71.421    28.16    73.593    47.676    42.755    61.685    31.765    34.438    70.214    84.853    59.841    48.01    68.007    57.974    46.39    70.711    47.0    80.654    65.146    56.321    58.189    4.123    28.653    0         58.421    43.29    3.606    5.0    48.508    3.0    46.53    4.123    85.041    24.515    56.921    63.246    27.785    29.275    51.039    86.279    5.099    77.337    75.822    73.593    79.379    74.25    49.01    48.466    81.043    79.812    64.815    6.403    58.31    50.22    
38    44.922    38.328    19.647    116.103    36.878    57.271    64.195    17.72    8.944    62.241    17.692    31.016    57.035    57.428    30.265    61.522    18.601    21.932    25.02    31.048    28.16    66.219    67.03    3.162    11.662    64.56    22.091    17.692    57.559    13.038    118.802    27.295    2.236    26.173    62.514    33.734    58.421    0         19.209    56.886    61.984    17.205    58.856    18.439    60.017    63.285    36.056    25.318    62.968    34.713    29.155    11.402    67.119    58.249    66.483    64.498    61.522    117.388    59.211    10.817    105.991    116.726    115.313    60.729    63.953    1.0    20.125    
39    31.064    31.113    12.207    96.938    21.378    44.102    49.497    7.28    22.825    46.098    2.0    20.616    46.84    45.706    17.0    49.497    5.0    3.162    20.616    25.0    23.324    52.038    57.567    21.932    7.81    50.09    16.401    3.162    45.541    6.403    99.705    24.207    17.029    18.439    47.17    26.173    43.29    19.209    0         41.049    46.011    5.385    43.046    3.606    44.011    55.154    19.0    17.029    47.518    26.87    16.643    8.544    58.189    42.0    54.452    52.469    49.497    98.29    48.052    8.485    88.955    97.745    96.333    46.098    48.01    18.601    8.485    
40    54.203    27.586    51.788    74.324    20.1    63.655    9.434    39.319    55.027    56.303    43.046    27.313    71.589    67.897    26.683    70.036    45.277    40.311    58.941    31.623    34.132    66.611    81.32    58.464    46.174    64.405    55.317    44.102    67.179    45.1    78.549    62.362    54.745    55.362    6.325    28.601    3.606    56.886    41.049    0         5.099    46.174    2.0    44.181    3.162    81.566    22.091    54.12    59.641    27.803    27.893    49.01    82.759    2.236    73.756    72.25    70.036    77.253    70.725    47.17    49.336    78.746    77.492    61.221    7.071    56.719    47.676    
41    57.689    31.89    56.569    71.512    25.179    66.528    6.708    44.407    60.083    58.412    48.01    32.311    74.813    70.937    31.78    72.863    50.16    45.177    63.561    36.359    38.949    68.884    84.291    63.561    51.245    66.708    60.017    49.041    70.178    50.16    75.895    66.94    59.841    59.908    3.162    33.287    5.0    61.984    46.011    5.099    0         51.088    3.162    49.092    2.0    84.812    27.019    58.694    61.847    32.45    32.985    54.037    85.796    4.123    76.381    74.953    72.863    74.632    73.756    52.24    44.272    76.4    75.186    63.702    2.0    61.814    52.469    
42    29.155    36.125    7.071    99.358    26.683    42.048    54.745    11.402    22.804    45.541    3.606    25.807    43.738    43.105    22.361    47.043    1.414    6.083    15.556    29.732    27.803    50.488    54.342    20.248    8.0    48.662    11.314    2.236    43.046    7.071    101.912    19.105    15.264    13.892    52.345    31.145    48.508    17.205    5.385    46.174    51.088    0         48.166    2.0    49.092    51.546    24.083    12.53    46.573    31.89    21.954    5.831    54.818    47.043    52.038    50.04    47.043    100.499    45.277    8.062    93.648    99.705    98.29    44.721    53.085    16.401    4.123    
43    55.803    29.0    53.759    73.539    22.091    65.054    7.81    41.304    56.921    57.428    45.044    29.155    73.11    69.354    28.636    71.421    47.265    42.297    60.877    33.287    35.847    67.801    82.759    60.415    48.166    65.605    57.271    46.098    68.622    47.096    77.833    64.288    56.719    57.28    4.472    30.232    3.0    58.856    43.046    2.0    3.162    48.166    0         46.174    1.414    83.096    24.083    56.045    60.803    29.411    29.833    51.01    84.22    2.236    75.073    73.593    71.421    76.551    72.18    49.163    47.434    78.16    76.922    62.482    5.099    58.694    49.649    
44    29.017    34.655    8.602    97.837    24.739    42.0    52.773    10.296    23.409    44.922    2.236    24.207    44.147    43.29    20.591    47.17    1.414    4.123    17.029    28.425    26.627    50.249    54.818    21.401    8.246    48.374    12.806    1.0    43.186    7.071    100.449    20.616    16.401    15.0    50.359    29.698    46.53    18.439    3.606    44.181    49.092    2.0    46.174    0         47.096    52.202    22.091    13.601    46.098    30.414    20.248    7.071    55.362    45.044    52.154    50.16    47.17    99.035    45.541    8.544    91.662    98.311    96.897    44.407    51.088    17.692    5.0    
45    56.036    30.414    54.589    72.236    23.195    65.069    7.81    42.426    58.189    57.201    46.011    30.463    73.246    69.426    29.833    71.421    48.166    43.186    61.612    34.67    37.216    67.624    82.807    61.612    49.254    65.437    58.052    47.043    68.68    48.166    76.551    65.0    57.871    57.974    4.243    31.623    4.123    60.017    44.011    3.162    2.0    49.092    1.414    47.096    0         83.241    25.02    56.754    60.605    30.806    31.048    52.038    84.291    2.236    75.007    73.553    71.421    75.273    72.25    50.249    46.174    76.922    75.69    62.37    4.0    59.841    50.488    
46    27.586    84.723    45.354    93.215    69.203    19.313    90.907    62.394    71.701    31.575    54.424    73.926    10.0    14.318    69.116    14.142    50.922    52.802    38.328    79.605    78.294    23.022    5.657    66.189    59.203    24.021    41.773    53.141    15.232    58.523    93.172    36.056    62.514    38.079    87.459    80.131    85.041    63.285    55.154    81.566    84.812    51.546    83.096    52.202    83.241    0         64.815    39.294    28.284    80.623    69.462    55.543    4.472    81.056    14.318    14.036    14.142    91.984    11.705    58.941    115.434    88.769    87.556    24.515    86.4    62.29    47.434    
47    37.443    22.204    29.833    84.024    4.472    49.193    30.806    18.385    36.056    45.891    21.0    13.342    55.218    52.479    8.944    55.471    23.195    18.248    37.336    20.396    21.19    54.708    65.734    38.079    24.739    52.498    33.526    22.023    51.971    23.537    87.419    40.853    33.838    34.015    28.284    19.026    24.515    36.056    19.0    22.091    27.019    24.083    24.083    22.091    25.02    64.815    0         32.696    48.508    19.0    10.296    27.166    66.851    23.0    59.933    58.138    55.471    86.023    55.227    25.71    70.214    86.284    84.906    48.703    29.017    35.735    25.71    
48    20.125    48.104    6.083    97.637    36.235    32.016    63.246    23.854    33.0    38.275    15.811    37.483    32.062    32.14    33.422    36.222    12.207    15.62    5.0    42.012    40.224    41.11    42.426    28.443    19.925    39.56    3.606    14.422    32.249    19.313    99.624    8.246    24.083    1.414    60.44    43.186    56.921    25.318    17.029    54.12    58.694    12.53    56.045    13.601    56.754    39.294    32.696    0         38.471    43.863    33.302    16.279    42.755    54.571    41.195    39.205    36.222    98.229    34.015    19.647    99.0    96.83    95.425    35.847    60.638    24.331    8.602    
49    18.358    70.612    43.463    66.761    52.887    10.44    68.411    54.231    69.376    3.606    47.854    60.671    20.1    15.133    55.579    14.142    45.354    44.407    41.049    67.476    67.186    7.071    25.298    66.129    54.342    5.0    42.059    47.074    14.142    53.151    67.417    41.231    61.351    38.079    64.815    66.91    63.246    62.968    47.518    59.641    61.847    46.573    60.803    46.098    60.605    28.284    48.508    38.471    0         67.082    56.436    52.202    27.203    58.6    15.652    14.866    14.142    66.129    17.0    54.571    87.846    63.561    62.241    4.123    63.127    62.032    43.012    
50    54.231    4.243    38.949    99.644    15.133    66.731    32.311    20.809    30.017    64.63    28.32    6.708    71.554    69.462    11.705    72.801    31.828    28.425    47.424    4.123    7.071    73.007    82.292    35.228    27.295    70.831    43.186    29.732    69.08    26.926    103.446    50.99    32.985    45.277    31.765    1.0    27.785    34.713    26.87    27.803    32.45    31.89    29.411    30.414    30.806    80.623    19.0    43.863    67.082    0         11.18    31.385    83.187    29.833    77.492    75.611    72.801    102.083    72.09    28.178    76.059    102.859    101.518    66.94    34.132    34.928    35.355    
51    43.081    15.264    28.844    94.202    8.602    55.66    35.057    12.166    27.313    54.148    18.358    4.472    60.374    58.31    1.414    61.685    21.633    17.692    37.202    11.045    11.18    62.169    71.113    30.594    19.235    60.017    33.015    19.723    57.94    18.439    97.652    40.804    27.074    34.713    33.377    10.77    29.275    29.155    16.643    27.893    32.985    21.954    29.833    20.248    31.048    69.462    10.296    33.302    56.436    11.18    0         22.804    72.007    29.411    66.408    64.514    61.685    96.26    60.926    20.224    77.201    96.566    95.189    56.089    34.928    29.069    25.0    
52    34.525    35.511    10.198    104.89    29.017    47.265    57.14    10.77    17.263    51.264    6.708    26.0    48.26    48.0    23.537    52.01    7.211    10.817    17.889    28.601    26.249    55.902    58.694    14.422    4.243    54.129    13.928    6.403    48.01    4.472    107.517    21.095    9.434    17.464    55.009    30.529    51.039    11.402    8.544    49.01    54.037    5.831    51.01    7.071    52.038    55.543    27.166    16.279    52.202    31.385    22.804    0         59.034    50.09    57.009    55.009    52.01    106.104    50.04    3.606    97.324    105.38    103.966    50.22    56.036    10.63    9.22    
53    29.411    87.235    48.836    90.67    71.281    19.416    92.022    65.46    75.425    30.676    57.567    76.479    11.662    14.866    71.589    13.416    54.12    55.714    42.107    82.347    81.154    21.213    2.0    70.064    62.586    22.561    45.398    56.321    15.62    61.847    90.427    40.0    66.272    41.593    88.527    82.735    86.279    67.119    58.189    82.759    85.796    54.818    84.22    55.362    84.291    4.472    66.851    42.755    27.203    83.187    72.007    59.034    0         82.134    12.042    12.369    13.416    89.269    12.042    62.37    114.948    85.907    84.723    23.77    87.321    66.121    50.695    
54    53.824    29.732    52.469    72.09    21.378    62.936    9.899    40.608    56.648    55.218    44.0    29.069    71.063    67.268    28.16    69.296    46.098    41.11    59.439    33.601    36.056    65.605    80.66    59.908    47.381    63.411    55.902    45.011    66.528    46.271    76.322    62.817    56.089    55.785    6.403    30.61    5.099    58.249    42.0    2.236    4.123    47.043    2.236    45.044    2.236    81.056    23.0    54.571    58.6    29.833    29.411    50.09    82.134    0         72.918    71.449    69.296    75.027    70.093    48.374    47.802    76.538    75.286    60.308    6.083    58.052    48.374    
55    23.537    81.345    47.096    78.918    64.405    10.77    82.807    61.66    74.108    19.235    54.231    70.838    10.817    9.055    65.788    5.0    51.088    51.624    41.976    77.201    76.4    9.22    10.05    69.584    60.033    10.77    44.407    53.151    9.0    59.076    78.854    40.804    65.276    40.311    79.246    77.162    77.337    66.483    54.452    73.756    76.381    52.038    75.073    52.154    75.007    14.318    59.933    41.195    15.652    77.492    66.408    57.009    12.042    72.918    0         2.0    5.0    77.666    7.616    60.008    103.47    74.465    73.246    12.806    77.782    65.49    48.01    
56    21.587    79.48    45.1    79.246    62.61    8.944    81.345    59.682    72.111    18.385    52.24    68.949    9.22    7.071    63.906    3.0    49.092    49.649    40.025    75.286    74.465    9.0    10.44    67.602    58.034    10.198    42.426    51.157    7.0    57.079    79.31    38.897    63.285    38.328    77.795    75.273    75.822    64.498    52.469    72.25    74.953    50.04    73.593    50.16    73.553    14.036    58.138    39.205    14.866    75.611    64.514    55.009    12.369    71.449    2.0    0         3.0    78.102    5.831    58.009    102.694    75.0    73.763    11.662    76.381    63.506    46.011    
57    18.682    76.694    42.107    79.831    59.942    6.403    79.196    56.719    69.116    17.464    49.254    66.129    7.211    4.123    61.098    0.0    46.098    46.69    37.108    72.422    71.568    9.487    11.662    64.63    55.036    10.05    39.459    48.166    4.0    54.083    80.081    36.056    60.299    35.355    75.664    72.45    73.593    61.522    49.497    70.036    72.863    47.043    71.421    47.17    71.421    14.142    55.471    36.222    14.142    72.801    61.685    52.01    13.416    69.296    5.0    3.0    0         78.848    3.606    55.009    101.592    75.895    74.632    10.44    74.33    60.531    43.012    
58    81.006    103.31    101.045    4.472    88.204    76.551    79.555    102.069    120.416    64.078    99.705    98.478    85.726    80.957    94.868    78.848    99.086    95.462    102.343    104.957    106.532    69.376    87.298    120.208    106.075    68.964    101.607    99.725    80.006    104.661    1.414    103.774    115.261    98.473    77.201    102.577    79.379    117.388    98.29    77.253    74.632    100.499    76.551    99.035    75.273    91.984    86.023    98.229    66.129    102.083    96.26    106.104    89.269    75.027    77.666    78.102    78.848    0         82.28    106.775    60.083    5.0    5.385    70.228    74.041    116.692    98.595    
59    17.889    76.059    40.0    83.199    59.682    7.616    79.981    55.317    67.007    20.1    47.676    65.391    3.606    2.828    60.415    3.606    44.407    45.354    34.525    71.512    70.52    13.0    10.63    62.29    53.235    13.342    37.121    46.53    3.606    52.345    83.522    33.242    58.078    33.061    76.485    71.694    74.25    59.211    48.052    70.725    73.756    45.277    72.18    45.541    72.25    11.705    55.227    34.015    17.0    72.09    60.926    50.04    12.042    70.093    7.616    5.831    3.606    82.28    0         53.151    103.73    79.379    78.109    13.038    75.286    58.215    41.195    
