+-+-+-+-+-+-+-+-+-+-+-+-+-+-+ GRAFO CARGADO +-+-+-+-+-+-+-+-+-+-+-+-+-+-+-
        1         2         3         4         5         6         7         8         9         10        11        12
1     0         34.928    77.878    75.584    97.581    54.571    51.884    37.054    85.604    88.142    79.228    101.415    
2     34.928    0         60.308    59.203    90.874    80.709    40.497    13.0    84.404    94.133    100.464    97.144    
3     77.878    60.308    0         3.162    37.054    86.585    26.249    48.083    40.706    58.822    90.211    45.277    
4     75.584    59.203    3.162    0         36.014    83.433    23.77    46.755    38.484    56.303    87.132    44.045    
5     97.581    90.874    37.054    36.014    0         83.546    50.537    77.878    17.029    33.838    75.664    8.544    
6     54.571    80.709    86.585    83.433    83.546    0         65.742    74.33    66.708    56.824    26.926    82.565    
7     51.884    40.497    26.249    23.77    50.537    65.742    0         27.514    44.407    56.719    75.69    56.648    
8     37.054    13.0    48.083    46.755    77.878    74.33    27.514    0         71.589    82.0    91.706    84.155    
9     85.604    84.404    40.706    38.484    17.029    66.708    44.407    71.589    0         19.209    59.034    16.643    
10    88.142    94.133    58.822    56.303    33.838    56.824    56.719    82.0    19.209    0         43.012    29.155    
11    79.228    100.464    90.211    87.132    75.664    26.926    75.69    91.706    59.034    43.012    0         72.028    
12    101.415    97.144    45.277    44.045    8.544    82.565    56.648    84.155    16.643    29.155    72.028    0         


Demandas:
1: 0.0
2: 19.0
3: 21.0
4: 6.0
5: 19.0
6: 7.0
7: 12.0
8: 16.0
9: 6.0
10: 16.0
11: 8.0
12: 14.0
+-+-+-+-+-+-+-+-+-+-+-+-+-+-+-+ SOLUCION INICIAL +-+-+-+-+-+-+-+-+-+-+-+-+-+-+-+-

Ruta #1: [1, 2, 8, 7, 4, 3]
Costo asociado: 180.252      Capacidad: 74.0

Ruta #2: [1, 6, 11, 10, 9, 12, 5]
Costo asociado: 266.486      Capacidad: 70.0

--> Costo total: 446.738          Capacidad total: 144.0

+-+-+-+-+-+-+-+-+-+-+-+-+-+-+-+-+-+- Solucion Optima +-+-+-+-+-+-+-+-+-+-+-+-+-+-+-+-+-+-

Ruta #1: [1, 2, 8, 7, 4, 3]
Costo asociado: 180.252      Capacidad: 74.0

Ruta #2: [1, 6, 11, 10, 9, 12, 5]
Costo asociado: 266.486      Capacidad: 70.0


Costo total:  446.738        Optimo real:  784.0      Desviación: -43.0%

Cantidad de iteraciones: 64
Nro de vehiculos: 2
Capacidad Maxima/Vehiculo: 7000.0
Tiempo total: 0min 3seg
Tiempo de estancamiento: 0min 3seg
