+-+-+-+-+-+-+-+-+-+-+-+-+-+-+ GRAFO CARGADO +-+-+-+-+-+-+-+-+-+-+-+-+-+-+-
        1         2         3         4         5         6         7         8         9         10        11        12        13        14        15        16        17        18        19        20        21        22        23        24        25        26        27        28        29        30        31        32        33        34        35        36        37        38        39        40        41        42        43        44        45        46        47        48        49        50        51        52        53
1     0         11.402    57.567    27.659    22.204    31.145    33.377    40.224    33.106    35.114    63.325    57.315    46.011    61.984    49.649    96.54    73.553    42.72    47.202    90.0    24.187    48.052    31.305    82.492    57.315    23.77    63.977    30.529    27.785    58.856    40.012    18.028    82.037    25.239    55.326    37.014    65.115    54.342    42.802    22.472    52.355    47.539    72.945    76.485    44.181    55.227    33.526    29.069    69.029    64.281    74.041    21.541    62.29    
2     11.402    0         46.174    35.341    12.207    37.736    36.497    32.311    25.495    30.017    54.589    54.231    36.892    62.032    53.263    86.313    64.031    37.216    41.11    79.511    28.16    48.754    20.248    71.561    54.231    26.249    55.758    24.207    17.029    48.765    29.069    18.028    72.25    36.235    54.708    31.623    53.759    42.953    37.014    28.018    44.822    43.012    62.201    65.299    33.734    44.407    24.698    23.087    58.728    53.759    62.642    14.213    61.4    
3     57.567    46.174    0         76.007    37.216    76.236    70.711    35.777    39.825    45.88    40.2    63.253    29.411    79.322    82.541    48.847    36.222    46.141    48.104    40.719    66.219    71.589    27.166    29.682    63.253    61.294    44.102    43.932    31.145    27.166    21.932    55.218    40.2    82.079    71.868    47.707    10.296    5.385    47.854    67.03    42.953    51.865    23.77    21.26    23.707    14.422    35.468    42.953    26.019    24.698    16.492    43.012    75.802    
4     27.659    35.341    76.007    0         39.319    5.0    57.245    46.487    60.208    36.249    89.894    47.434    54.406    44.147    26.077    104.695    80.056    42.19    74.813    99.725    48.374    31.016    49.163    95.079    47.434    15.811    90.918    58.009    45.177    83.815    63.325    45.277    89.0    32.0    39.925    64.661    85.212    74.243    70.434    9.055    79.612    43.278    84.9    91.241    68.622    68.884    59.942    34.928    79.057    88.323    92.049    48.549    46.487    
5     22.204    12.207    37.216    39.319    0         40.262    47.802    20.616    29.547    20.881    54.562    45.607    24.698    56.08    51.4    74.411    51.856    27.166    45.618    67.801    39.925    44.045    10.05    60.415    45.607    26.0    56.569    30.083    6.083    46.141    25.06    29.12    60.141    47.434    48.374    37.643    46.011    35.014    42.154    30.594    47.202    33.541    50.774    54.781    31.064    33.121    26.926    13.928    46.861    49.769    53.6    21.095    54.562    
6     31.145    37.736    76.236    5.0    40.262    0         61.741    45.122    63.008    34.482    92.282    43.417    53.151    39.294    21.095    102.694    78.0    39.812    77.987    98.031    52.773    26.401    49.82    93.941    43.417    15.0    93.493    61.074    45.891    85.615    64.846    49.041    86.925    37.0    35.341    67.941    85.709    74.813    73.661    9.849    82.42    40.224    83.744    90.554    70.385    68.264    62.434    34.132    77.621    89.811    92.022    51.4    41.785    
7     33.377    36.497    70.711    57.245    47.802    61.741    0         68.411    31.401    66.37    54.918    90.006    71.868    95.352    81.933    117.414    97.529    73.682    33.377    109.809    9.22    81.394    52.326    99.905    90.006    57.07    53.339    27.019    50.695    57.775    48.795    18.682    104.957    32.202    88.685    26.0    74.202    65.795    29.833    54.708    41.773    79.31    92.005    91.935    48.6    74.887    35.468    59.54    90.427    64.885    85.276    29.155    95.635    
8     40.224    32.311    35.777    46.487    20.616    45.122    68.411    0         47.518    11.0    66.573    29.411    8.062    44.045    47.297    58.669    34.409    10.63    62.817    53.31    60.407    35.847    19.647    48.836    29.411    30.676    69.462    49.092    19.026    55.444    36.235    49.729    43.267    64.382    36.401    56.321    46.065    36.62    60.017    37.696    62.394    17.029    38.639    46.0    42.544    24.331    43.932    12.207    32.573    56.586    49.477    41.11    41.012    
9     33.106    25.495    39.825    60.208    29.547    63.008    31.401    47.518    0         50.329    30.364    74.947    48.01    85.475    78.568    87.818    70.214    56.045    16.125    79.925    28.792    72.945    28.071    69.405    74.947    51.624    30.871    4.472    28.636    28.284    18.028    20.025    76.694    51.0    77.827    9.055    42.802    34.713    12.649    53.413    19.416    62.642    62.266    61.074    17.205    46.239    4.472    43.463    61.847    34.928    53.907    11.662    84.095    
10    35.114    30.017    45.88    36.249    20.881    34.482    66.37    11.0    50.329    0         73.11    24.739    19.026    36.235    36.688    68.447    43.829    7.616    66.31    63.569    57.706    26.077    24.839    59.682    24.739    20.591    75.604    50.961    22.472    62.968    42.521    48.042    52.773    57.428    28.425    58.523    56.08    46.065    62.968    27.785    67.231    13.0    49.497    57.0    48.918    35.228    47.424    7.071    43.174    65.0    60.208    41.773    34.132    
11    63.325    54.589    40.2    89.894    54.562    92.282    54.918    66.573    30.364    73.11    0         95.964    63.506    109.343    105.891    86.313    76.42    76.844    21.587    78.09    56.009    98.29    48.27    66.098    95.964    79.63    4.123    33.734    50.931    13.038    30.61    49.649    80.0    80.505    101.533    30.0    35.355    35.511    25.179    82.492    13.153    83.487    63.032    56.886    24.207    53.367    29.967    67.209    66.189    17.72    45.607    41.785    107.005    
12    57.315    54.231    63.253    47.434    45.607    43.417    90.006    29.411    74.947    24.739    95.964    0         33.971    17.464    31.78    68.184    45.177    19.235    90.824    66.068    81.056    18.868    48.301    66.708    0.0    36.056    98.793    75.69    46.615    84.812    65.513    72.111    53.0    75.961    12.166    83.241    73.41    65.069    87.596    42.048    91.236    12.53    57.567    67.417    71.868    49.649    71.868    31.78    50.0    85.633    74.303    66.491    13.0    
13    46.011    36.892    29.411    54.406    24.698    53.151    71.868    8.062    48.01    19.026    63.506    33.971    0         49.93    54.918    51.313    27.586    17.088    62.394    45.618    64.405    43.012    20.224    40.792    33.971    38.601    66.708    50.249    21.19    51.624    34.205    53.31    36.235    70.767    42.544    57.035    39.661    31.113    60.075    45.541    60.877    22.472    30.594    38.013    40.162    16.763    44.011    19.698    24.698    51.856    42.059    43.417    46.4    
14    61.984    62.032    79.322    44.147    56.08    39.294    95.352    44.045    85.475    36.235    109.343    17.464    49.93    0         20.809    85.006    62.514    33.422    101.597    83.295    86.145    14.036    61.074    84.172    17.464    38.328    111.826    85.428    58.6    99.005    78.746    78.848    70.114    75.664    7.81    93.038    89.588    80.604    97.949    42.012    103.175    27.459    75.0    84.758    85.147    66.242    83.006    42.438    67.446    100.568    91.236    75.644    5.099    
15    49.649    53.263    82.541    26.077    51.4    21.095    81.933    47.297    78.568    36.688    105.891    31.78    54.918    20.809    0         98.656    74.545    38.21    94.366    95.525    72.801    13.342    59.169    94.021    31.78    27.019    107.713    77.466    55.758    97.35    76.276    67.602    83.024    58.034    20.248    84.812    92.698    82.462    90.272    27.313    97.581    35.057    84.095    92.655    82.42    71.589    77.078    40.249    77.006    100.344    96.773    67.476    24.759    
16    96.54    86.313    48.847    104.695    74.411    102.694    117.414    58.669    87.818    68.447    86.313    68.184    51.313    85.006    98.656    0         24.698    62.968    96.933    8.246    111.521    85.329    66.483    20.224    68.184    89.0    90.427    91.586    69.311    73.756    69.836    100.125    15.811    121.659    80.306    96.177    50.99    54.231    96.664    96.151    91.395    64.031    25.554    29.428    72.498    42.638    83.355    70.831    27.586    68.731    41.11    88.408    80.0    
17    73.553    64.031    36.222    80.056    51.856    78.0    97.529    34.409    70.214    43.829    76.42    45.177    27.586    62.514    74.545    24.698    0         38.275    82.037    21.024    90.736    61.294    45.277    22.825    45.177    64.413    80.306    73.389    47.434    63.388    53.151    79.404    8.944    98.351    57.035    79.12    43.012    41.049    80.808    71.589    78.16    39.623    16.401    26.907    57.428    24.331    65.803    46.615    10.44    60.415    37.736    68.425    57.706    
18    42.72    37.216    46.141    42.19    27.166    39.812    73.682    10.63    56.045    7.616    76.844    19.235    17.088    33.422    38.21    62.968    38.275    0         71.784    58.694    65.115    25.962    29.069    56.036    19.235    27.019    79.612    57.07    27.514    65.947    46.325    55.227    47.17    64.9    25.807    64.537    56.436    47.202    68.68    34.205    72.014    6.708    46.0    54.452    52.697    33.838    52.811    14.142    39.115    67.209    59.135    48.26    30.414    
19    47.202    41.11    48.104    74.813    45.618    77.987    33.377    62.817    16.125    66.31    21.587    90.824    62.394    101.597    94.366    96.933    82.037    71.784    0         88.769    35.228    89.045    43.174    77.389    90.824    67.357    20.025    16.971    44.272    26.907    29.069    30.871    87.556    60.638    93.941    10.296    47.707    42.72    4.472    68.622    8.544    78.435    71.784    68.425    24.739    57.706    18.974    59.506    72.78    34.059    59.076    26.907    100.18    
20    90.0    79.511    40.719    99.725    67.801    98.031    109.809    53.31    79.925    63.569    78.09    66.068    45.618    83.295    95.525    8.246    21.024    58.694    88.769    0         104.139    82.298    59.464    12.042    66.068    83.934    82.201    83.762    62.482    65.513    61.911    92.763    13.342    115.209    78.006    88.193    42.755    46.098    88.566    91.0    83.169    60.531    17.804    21.213    64.405    35.355    75.472    65.307    21.095    60.531    33.015    80.92    78.409    
21    24.187    28.16    66.219    48.374    39.925    52.773    9.22    60.407    28.792    57.706    56.009    81.056    64.405    86.145    72.801    111.521    90.736    65.115    35.228    104.139    0         72.18    45.486    94.763    81.056    47.854    55.082    24.352    43.417    56.754    44.654    11.402    98.473    26.0    79.511    26.019    70.831    61.612    31.064    45.541    43.012    70.576    86.371    87.207    45.618    68.884    32.202    50.99    84.202    63.6    81.541    23.345    86.47    
22    48.052    48.754    71.589    31.016    44.045    26.401    81.394    35.847    72.945    26.077    98.29    18.868    43.012    14.036    13.342    85.329    61.294    25.962    89.045    82.298    72.18    0         50.329    81.154    18.868    24.331    100.499    72.56    47.381    88.73    67.941    65.146    69.721    61.984    8.944    80.131    81.86    72.069    85.235    28.071    91.214    22.023    71.344    80.231    74.277    59.775    70.803    31.145    64.125    91.022    85.071    62.65    15.524    
23    31.305    20.248    27.166    49.163    10.05    49.82    52.326    19.647    28.071    24.839    48.27    48.301    20.224    61.074    59.169    66.483    45.277    29.069    43.174    59.464    45.486    50.329    0         51.313    48.301    35.171    50.804    30.067    4.0    38.419    17.692    34.132    53.009    56.436    53.263    37.014    36.056    25.08    40.447    40.311    42.953    35.777    42.012    45.188    24.083    24.207    24.331    19.209    38.949    41.183    43.566    23.409    58.822    
24    82.492    71.561    29.682    95.079    60.415    93.941    99.905    48.836    69.405    59.682    66.098    66.708    40.792    84.172    94.021    20.224    22.825    56.036    77.389    12.042    94.763    81.154    51.313    0         66.708    79.31    70.214    73.41    54.708    53.6    51.4    83.487    19.209    107.703    78.09    77.389    30.806    34.986    77.414    86.128    71.512    59.135    10.198    9.22    53.339    27.295    65.0    60.166    17.029    48.508    21.0    71.421    79.555    
25    57.315    54.231    63.253    47.434    45.607    43.417    90.006    29.411    74.947    24.739    95.964    0.0    33.971    17.464    31.78    68.184    45.177    19.235    90.824    66.068    81.056    18.868    48.301    66.708    0         36.056    98.793    75.69    46.615    84.812    65.513    72.111    53.0    75.961    12.166    83.241    73.41    65.069    87.596    42.048    91.236    12.53    57.567    67.417    71.868    49.649    71.868    31.78    50.0    85.633    74.303    66.491    13.0    
26    23.77    26.249    61.294    15.811    26.0    15.0    57.07    30.676    51.624    20.591    79.63    36.056    38.601    38.328    27.019    89.0    64.413    27.019    67.357    83.934    47.854    24.331    35.171    79.31    36.056    0         81.216    50.448    31.321    72.007    50.99    41.231    73.355    39.925    32.0    57.801    70.859    60.017    63.253    7.211    70.767    29.206    69.123    75.664    56.824    53.339    50.329    19.235    63.246    75.769    77.026    40.46    39.0    
27    63.977    55.758    44.102    90.918    56.569    93.493    53.339    69.462    30.871    75.604    4.123    98.793    66.708    111.826    107.713    90.427    80.306    79.612    20.025    82.201    55.082    100.499    50.804    70.214    98.793    81.216    0         33.838    53.263    17.0    33.287    49.477    84.006    80.062    104.019    29.275    39.459    39.319    24.021    83.762    12.166    86.284    67.067    61.0    26.926    57.07    31.064    69.527    70.114    21.84    49.729    42.485    109.622    
28    30.529    24.207    43.932    58.009    30.083    61.074    27.019    49.092    4.472    50.961    33.734    75.69    50.249    85.428    77.466    91.586    73.389    57.07    16.971    83.762    24.352    72.56    30.067    73.41    75.69    50.448    33.838    0         30.067    32.558    22.023    16.031    80.112    47.043    77.878    7.616    47.202    38.897    12.806    51.662    21.932    63.561    66.038    65.192    21.633    49.659    8.485    43.966    65.307    39.294    58.258    10.0    84.309    
29    27.785    17.029    31.145    45.177    6.083    45.891    50.695    19.026    28.636    22.472    50.931    46.615    21.19    58.6    55.758    69.311    47.434    27.514    44.272    62.482    43.417    47.381    4.0    54.708    46.615    31.321    53.263    30.067    0         41.617    20.616    32.202    55.444    53.0    50.804    37.336    40.05    29.069    41.231    36.346    44.777    34.176    45.222    48.847    26.907    27.459    25.298    16.279    41.725    44.721    47.518    22.361    56.604    
30    58.856    48.765    27.166    83.815    46.141    85.615    57.775    55.444    28.284    62.968    13.038    84.812    51.624    99.005    97.35    73.756    63.388    65.947    26.907    65.513    56.754    88.73    38.419    53.6    84.812    72.007    17.0    32.558    41.617    0         21.095    48.26    67.007    79.101    91.22    31.78    22.804    22.561    28.844    75.769    19.209    72.471    50.09    44.385    15.232    40.522    26.0    57.628    53.151    7.211    33.615    38.053    96.333    
31    40.012    29.069    21.932    63.325    25.06    64.846    48.795    36.235    18.028    42.521    30.61    65.513    34.205    78.746    76.276    69.836    53.151    46.325    29.069    61.911    44.654    67.941    17.692    51.4    65.513    50.99    33.287    22.023    20.616    21.095    0         34.0    59.135    62.817    70.937    26.401    26.401    17.029    27.659    55.027    26.683    53.0    44.294    43.186    6.403    28.862    13.601    36.797    44.272    25.0    36.892    21.932    76.4    
32    18.028    18.028    55.218    45.277    29.12    49.041    18.682    49.729    20.025    48.042    49.649    72.111    53.31    78.848    67.602    100.125    79.404    55.227    30.871    92.763    11.402    65.146    34.132    83.487    72.111    41.231    49.477    16.031    32.202    48.26    34.0    0         87.092    31.016    71.805    20.616    60.374    50.774    26.401    40.497    37.363    61.033    75.007    76.059    35.735    57.489    22.561    41.11    72.801    54.745    70.831    12.207    78.645    
33    82.037    72.25    40.2    89.0    60.141    86.925    104.957    43.267    76.694    52.773    80.0    53.0    36.235    70.114    83.024    15.811    8.944    47.17    87.556    13.342    98.473    69.721    53.009    19.209    53.0    73.355    84.006    80.112    55.444    67.007    59.135    87.092    0         106.963    65.031    85.44    45.277    45.398    86.683    80.529    83.024    48.27    17.117    26.0    62.817    30.463    72.236    55.471    14.866    63.198    37.947    75.802    65.192    
34    25.239    36.235    82.079    32.0    47.434    37.0    32.202    64.382    51.0    57.428    80.505    75.961    70.767    75.664    58.034    121.659    98.351    64.9    60.638    115.209    26.0    61.984    56.436    107.703    75.961    39.925    80.062    47.043    53.0    79.101    62.817    31.016    106.963    0         70.612    50.804    88.888    78.435    56.294    34.205    67.897    68.476    98.184    101.533    65.765    80.455    53.151    52.498    94.202    85.376    98.433    41.437    77.466    
35    55.326    54.708    71.868    39.925    48.374    35.341    88.685    36.401    77.827    28.425    101.533    12.166    42.544    7.81    20.248    80.306    57.035    25.807    93.941    78.006    79.511    8.944    53.263    78.09    12.166    32.0    104.019    77.878    50.804    91.22    70.937    71.805    65.031    70.612    0         85.493    82.152    73.007    90.338    36.497    95.415    20.125    68.659    78.16    77.337    59.034    75.293    34.67    61.188    92.849    84.172    68.154    7.0    
36    37.014    31.623    47.707    64.661    37.643    67.941    26.0    56.321    9.055    58.523    30.0    83.241    57.035    93.038    84.812    96.177    79.12    64.537    10.296    88.193    26.019    80.131    37.014    77.389    83.241    57.801    29.275    7.616    37.336    31.78    26.401    20.616    85.44    50.804    85.493    0         49.497    42.438    5.831    58.694    17.117    71.063    70.661    68.819    24.207    55.027    13.342    51.546    70.576    38.91    60.828    17.493    91.924    
37    65.115    53.759    10.296    85.212    46.011    85.709    74.202    46.065    42.802    56.08    35.355    73.41    39.661    89.588    92.698    50.99    43.012    56.436    47.707    42.755    70.831    81.86    36.056    30.806    73.41    70.859    39.459    47.202    40.05    22.804    26.401    60.374    45.277    88.888    82.152    49.497    0         11.0    48.415    76.322    41.146    62.129    28.16    21.587    25.612    24.042    38.833    52.887    32.573    18.0    11.402    48.332    86.023    
38    54.342    42.953    5.385    74.243    35.014    74.813    65.795    36.62    34.713    46.065    35.511    65.069    31.113    80.604    82.462    54.231    41.049    47.202    42.72    46.098    61.612    72.069    25.08    34.986    65.069    60.017    39.319    38.897    29.069    22.561    17.029    50.774    45.398    78.435    73.007    42.438    11.0    0         42.485    65.376    37.656    53.263    29.12    26.401    18.358    18.028    30.414    42.379    31.016    21.095    20.125    38.588    77.337    
39    42.802    37.014    47.854    70.434    42.154    73.661    29.833    60.017    12.649    62.968    25.179    87.596    60.075    97.949    90.272    96.664    80.808    68.68    4.472    88.566    31.064    85.235    40.447    77.414    87.596    63.253    24.021    12.806    41.231    28.844    27.659    26.401    86.683    56.294    90.338    5.831    48.415    42.485    0         64.351    12.042    75.286    71.309    68.6    24.166    56.515    16.125    56.08    71.84    36.056    59.816    22.804    96.664    
40    22.472    28.018    67.03    9.055    30.594    9.849    54.708    37.696    53.413    27.785    82.492    42.048    45.541    42.012    27.313    96.151    71.589    34.205    68.622    91.0    45.541    28.071    40.311    86.128    42.048    7.211    83.762    51.662    36.346    75.769    55.027    40.497    80.529    34.205    36.497    58.694    76.322    65.376    64.351    0         72.801    36.125    75.961    82.201    60.539    59.841    52.697    25.962    70.228    80.006    83.024    41.869    43.417    
41    52.355    44.822    42.953    79.612    47.202    82.42    41.773    62.394    19.416    67.231    13.153    91.236    60.877    103.175    97.581    91.395    78.16    72.014    8.544    83.169    43.012    91.214    42.953    71.512    91.236    70.767    12.166    21.932    44.777    19.209    26.683    37.363    83.024    67.897    95.415    17.117    41.146    37.656    12.042    72.801    0         78.721    66.708    62.394    21.095    54.009    20.518    60.745    68.469    26.173    52.355    31.064    101.356    
42    47.539    43.012    51.865    43.278    33.541    40.224    79.31    17.029    62.642    13.0    83.487    12.53    22.472    27.459    35.057    64.031    39.623    6.708    78.435    60.531    70.576    22.023    35.777    59.135    12.53    29.206    86.284    63.561    34.176    72.471    53.0    61.033    48.27    68.476    20.125    71.063    62.129    53.263    75.286    36.125    78.721    0         49.366    58.464    59.363    38.91    59.464    20.025    42.107    73.539    64.078    54.589    24.083    
43    72.945    62.201    23.77    84.9    50.774    83.744    92.005    38.639    62.266    49.497    63.032    57.567    30.594    75.0    84.095    25.554    16.401    46.0    71.784    17.804    86.371    71.344    42.012    10.198    57.567    69.123    67.067    66.038    45.222    50.09    44.294    75.007    17.117    98.184    68.659    70.661    28.16    29.12    71.309    75.961    66.708    49.366    0         10.63    47.17    17.804    57.801    50.0    7.616    46.098    21.471    63.127    70.52    
44    76.485    65.299    21.26    91.241    54.781    90.554    91.935    46.0    61.074    57.0    56.886    67.417    38.013    84.758    92.655    29.428    26.907    54.452    68.425    21.213    87.207    80.231    45.188    9.22    67.417    75.664    61.0    65.192    48.847    44.385    43.186    76.059    26.0    101.533    78.16    68.819    21.587    26.401    68.6    82.201    62.394    58.464    10.63    0         44.654    22.361    56.727    56.436    18.028    39.319    12.166    63.891    80.411    
45    44.181    33.734    23.707    68.622    31.064    70.385    48.6    42.544    17.205    48.918    24.207    71.868    40.162    85.147    82.42    72.498    57.428    52.697    24.739    64.405    45.618    74.277    24.083    53.339    71.868    56.824    26.926    21.633    26.907    15.232    6.403    35.735    62.817    65.765    77.337    24.207    25.612    18.358    24.166    60.539    21.095    59.363    47.17    44.654    0         33.136    13.416    43.139    48.052    20.1    36.797    24.331    82.801    
46    55.227    44.407    14.422    68.884    33.121    68.264    74.887    24.331    46.239    35.228    53.367    49.649    16.763    66.242    71.589    42.638    24.331    33.838    57.706    35.355    68.884    59.775    24.207    27.295    49.649    53.339    57.07    49.659    27.459    40.522    28.862    57.489    30.463    80.455    59.034    55.027    24.042    18.028    56.515    59.841    54.009    38.91    17.804    22.361    33.136    0         41.785    34.132    15.652    38.91    25.298    45.804    62.434    
47    33.526    24.698    35.468    59.942    26.926    62.434    35.468    43.932    4.472    47.424    29.967    71.868    44.011    83.006    77.078    83.355    65.803    52.811    18.974    75.472    32.202    70.803    24.331    65.0    71.868    50.329    31.064    8.485    25.298    26.0    13.601    22.561    72.236    53.151    75.293    13.342    38.833    30.414    16.125    52.697    20.518    59.464    57.801    56.727    13.416    41.785    0         40.706    57.385    32.249    49.82    12.166    81.413    
48    29.069    23.087    42.953    34.928    13.928    34.132    59.54    12.207    43.463    7.071    67.209    31.78    19.698    42.438    40.249    70.831    46.615    14.142    59.506    65.307    50.99    31.145    19.209    60.166    31.78    19.235    69.527    43.966    16.279    57.628    36.797    41.11    55.471    52.498    34.67    51.546    52.887    42.379    56.08    25.962    60.745    20.025    50.0    56.436    43.139    34.132    40.706    0         44.385    60.208    58.215    34.713    40.706    
49    69.029    58.728    26.019    79.057    46.861    77.621    90.427    32.573    61.847    43.174    66.189    50.0    24.698    67.446    77.006    27.586    10.44    39.115    72.78    21.095    84.202    64.125    38.949    17.029    50.0    63.246    70.114    65.307    41.725    53.151    44.272    72.801    14.866    94.202    61.188    70.576    32.573    31.016    71.84    70.228    68.469    42.107    7.616    18.028    48.052    15.652    57.385    44.385    0         50.01    27.803    61.294    62.936    
50    64.281    53.759    24.698    88.323    49.769    89.811    64.885    56.586    34.928    65.0    17.72    85.633    51.856    100.568    100.344    68.731    60.415    67.209    34.059    60.531    63.6    91.022    41.183    48.508    85.633    75.769    21.84    39.294    44.721    7.211    25.0    54.745    63.198    85.376    92.849    38.91    18.0    21.095    36.056    80.006    26.173    73.539    46.098    39.319    20.1    38.91    32.249    60.208    50.01    0         27.893    44.045    97.591    
51    74.041    62.642    16.492    92.049    53.6    92.022    85.276    49.477    53.907    60.208    45.607    74.303    42.059    91.236    96.773    41.11    37.736    59.135    59.076    33.015    81.541    85.071    43.566    21.0    74.303    77.026    49.729    58.258    47.518    33.615    36.892    70.831    37.947    98.433    84.172    60.828    11.402    20.125    59.816    83.024    52.355    64.078    21.471    12.166    36.797    25.298    49.82    58.215    27.803    27.893    0         58.669    87.235    
52    21.541    14.213    43.012    48.549    21.095    51.4    29.155    41.11    11.662    41.773    41.785    66.491    43.417    75.644    67.476    88.408    68.425    48.26    26.907    80.92    23.345    62.65    23.409    71.421    66.491    40.46    42.485    10.0    22.361    38.053    21.932    12.207    75.802    41.437    68.154    17.493    48.332    38.588    22.804    41.869    31.064    54.589    63.127    63.891    24.331    45.804    12.166    34.713    61.294    44.045    58.669    0         74.673    
53    62.29    61.4    75.802    46.487    54.562    41.785    95.635    41.012    84.095    34.132    107.005    13.0    46.4    5.099    24.759    80.0    57.706    30.414    100.18    78.409    86.47    15.524    58.822    79.555    13.0    39.0    109.622    84.309    56.604    96.333    76.4    78.645    65.192    77.466    7.0    91.924    86.023    77.337    96.664    43.417    101.356    24.083    70.52    80.411    82.801    62.434    81.413    40.706    62.936    97.591    87.235    74.673    0         


Demandas:
1: 0.0
2: 2.0
3: 12.0
4: 14.0
5: 2.0
6: 17.0
7: 20.0
8: 2.0
9: 26.0
10: 7.0
11: 24.0
12: 23.0
13: 13.0
14: 25.0
15: 20.0
16: 3.0
17: 18.0
18: 23.0
19: 6.0
20: 2.0
21: 13.0
22: 22.0
23: 3.0
24: 6.0
25: 7.0
26: 1.0
27: 18.0
28: 18.0
29: 10.0
30: 2.0
31: 9.0
32: 10.0
33: 8.0
34: 30.0
35: 16.0
36: 23.0
37: 2.0
38: 18.0
39: 22.0
40: 1.0
41: 8.0
42: 4.0
43: 26.0
44: 21.0
45: 2.0
46: 15.0
47: 25.0
48: 22.0
49: 19.0
50: 3.0
51: 3.0
52: 5.0
53: 13.0
+-+-+-+-+-+-+-+-+-+-+-+-+-+-+-+ SOLUCION INICIAL +-+-+-+-+-+-+-+-+-+-+-+-+-+-+-+-

Ruta #1: [1, 2, 5, 29, 23, 31, 45, 47, 9, 28]
Costo asociado: 110.67599999999999      Capacidad: 97.0

Ruta #2: [1, 32, 21, 7, 36, 39, 19, 30]
Costo asociado: 160.716      Capacidad: 96.0

Ruta #3: [1, 52, 41, 27, 11, 50, 37, 3, 38, 51, 24]
Costo asociado: 243.91200000000003      Capacidad: 99.0

Ruta #4: [1, 40, 26, 6, 4, 15, 22, 35, 25]
Costo asociado: 167.527      Capacidad: 98.0

Ruta #5: [1, 34, 48, 10, 18, 42, 8, 33]
Costo asociado: 241.465      Capacidad: 96.0

Ruta #6: [1, 13, 46, 49, 43, 44, 20]
Costo asociado: 207.885      Capacidad: 96.0

Ruta #7: [1, 12, 53, 14, 17, 16]
Costo asociado: 259.166      Capacidad: 82.0
--> Costo total: 1391.347          Capacidad total: 664.0

Ruta #1: [1, 2, 5, 29, 23, 31, 45, 47, 9, 28]
Costo asociado: 110.67599999999999      Capacidad: 97.0

Ruta #2: [1, 32, 21, 7, 36, 39, 19, 30]
Costo asociado: 160.716      Capacidad: 96.0

Ruta #3: [1, 52, 41, 27, 11, 50, 37, 3, 38, 51, 24]
Costo asociado: 243.91200000000003      Capacidad: 99.0

Ruta #4: [1, 40, 26, 6, 4, 15, 22, 35, 25]
Costo asociado: 167.527      Capacidad: 98.0

Ruta #5: [1, 34, 48, 10, 18, 42, 8, 33]
Costo asociado: 241.465      Capacidad: 96.0

Ruta #6: [1, 13, 46, 49, 43, 44, 20]
Costo asociado: 207.885      Capacidad: 96.0

Ruta #7: [1, 12, 53, 14, 17, 16]
Costo asociado: 259.166      Capacidad: 82.0
--> Costo total: 1391.0030000000002          Capacidad total: 664.0

+-+-+-+-+-+-+-+-+-+-+-+-+-+-+-+-+-+-+- Iteracion 2  +-+-+-+-+-+-+-+-+-+-+-+-+-+-+-+-+-+-+-

La solución anterior duró 0min 0seg    -------> Nuevo optimo local. Costo: 1391.0030000000002
rutas: [[1, 2, 5, 29, 23, 31, 45, 47, 9, 28], [1, 32, 21, 7, 36, 39, 19, 30], [1, 52, 41, 27, 11, 50, 37, 3, 38, 51, 24], [1, 40, 26, 6, 4, 15, 22, 35, 25], [1, 34, 48, 10, 18, 42, 8, 33], [1, 13, 46, 49, 43, 44, 20], [1, 12, 14, 53, 17, 16]]Lista tabu: [((49,43,7.616),8), ((44,20,21.213),8), ((49,44,18.028),7)]

Ruta #1: [1, 2, 5, 29, 23, 31, 45, 47, 9, 28]
Costo asociado: 110.67599999999999      Capacidad: 97.0

Ruta #2: [1, 32, 21, 7, 36, 39, 19, 30]
Costo asociado: 160.716      Capacidad: 96.0

Ruta #3: [1, 52, 41, 27, 11, 50, 37, 3, 38, 51, 24]
Costo asociado: 243.91200000000003      Capacidad: 99.0

Ruta #4: [1, 40, 26, 6, 4, 15, 22, 35, 25]
Costo asociado: 167.527      Capacidad: 98.0

Ruta #5: [1, 34, 48, 10, 18, 42, 8, 33]
Costo asociado: 241.465      Capacidad: 96.0

Ruta #6: [1, 13, 46, 49, 43, 44, 20]
Costo asociado: 207.885      Capacidad: 96.0

Ruta #7: [1, 12, 14, 53, 17, 16]
Costo asociado: 258.822      Capacidad: 82.0
--> Costo total: 1387.4270000000001          Capacidad total: 664.0

+-+-+-+-+-+-+-+-+-+-+-+-+-+-+-+-+-+-+- Iteracion 3  +-+-+-+-+-+-+-+-+-+-+-+-+-+-+-+-+-+-+-

La solución anterior duró 0min 0seg    -------> Nuevo optimo local. Costo: 1387.4270000000001
rutas: [[1, 2, 5, 29, 23, 31, 45, 47, 9, 28], [1, 32, 21, 7, 36, 39, 19, 30], [1, 52, 41, 27, 11, 50, 37, 3, 38, 51, 24], [1, 40, 26, 6, 4, 15, 22, 35, 25], [1, 34, 48, 10, 18, 42, 8, 33], [1, 13, 46, 49, 20, 44, 43], [1, 12, 14, 53, 17, 16]]Lista tabu: [((49,43,7.616),7), ((44,20,21.213),7), ((49,44,18.028),6), ((12,53,13.0),13), ((14,17,62.514),13), ((14,12,17.464),11)]

Ruta #1: [1, 2, 5, 29, 23, 31, 45, 47, 9, 28]
Costo asociado: 110.67599999999999      Capacidad: 97.0

Ruta #2: [1, 32, 21, 7, 36, 39, 19, 30]
Costo asociado: 160.716      Capacidad: 96.0

Ruta #3: [1, 52, 41, 27, 11, 50, 37, 3, 38, 51, 24]
Costo asociado: 243.91200000000003      Capacidad: 99.0

Ruta #4: [1, 40, 26, 6, 4, 15, 22, 35, 25]
Costo asociado: 167.527      Capacidad: 98.0

Ruta #5: [1, 34, 48, 10, 18, 42, 8, 33]
Costo asociado: 241.465      Capacidad: 96.0

Ruta #6: [1, 13, 46, 49, 20, 44, 43]
Costo asociado: 204.309      Capacidad: 96.0

Ruta #7: [1, 12, 14, 53, 17, 16]
Costo asociado: 258.822      Capacidad: 82.0
--> Costo total: 1387.0750000000003          Capacidad total: 664.0

+-+-+-+-+-+-+-+-+-+-+-+-+-+-+-+-+-+-+- Iteracion 7  +-+-+-+-+-+-+-+-+-+-+-+-+-+-+-+-+-+-+-

La solución anterior duró 0min 1seg    -------> Nuevo optimo local. Costo: 1387.0750000000003
rutas: [[1, 2, 5, 29, 23, 31, 45, 47, 9, 28], [1, 32, 21, 7, 36, 39, 19, 30], [1, 52, 41, 27, 11, 50, 37, 3, 38, 51, 24], [1, 40, 26, 6, 4, 15, 22, 35, 25], [1, 34, 48, 10, 18, 42, 8, 16], [1, 13, 46, 49, 20, 44, 43], [1, 12, 14, 53, 17, 33]]Lista tabu: [((49,43,7.616),3), ((44,20,21.213),3), ((49,44,18.028),2), ((12,53,13.0),9), ((14,17,62.514),9), ((14,12,17.464),7), ((49,43,7.616),10), ((20,1,90.0),10), ((20,49,21.095),8), ((6,4,5.0),6), ((15,22,13.342),6), ((6,15,21.095),5), ((20,44,21.213),7), ((43,1,72.945),7), ((20,43,17.804),6), ((47,9,4.472),8), ((28,1,30.529),8), ((47,28,8.485),7)]

Ruta #1: [1, 2, 5, 29, 23, 31, 45, 47, 9, 28]
Costo asociado: 110.67599999999999      Capacidad: 97.0

Ruta #2: [1, 32, 21, 7, 36, 39, 19, 30]
Costo asociado: 160.716      Capacidad: 96.0

Ruta #3: [1, 52, 41, 27, 11, 50, 37, 3, 38, 51, 24]
Costo asociado: 243.91200000000003      Capacidad: 99.0

Ruta #4: [1, 40, 26, 6, 4, 15, 22, 35, 25]
Costo asociado: 167.527      Capacidad: 98.0

Ruta #5: [1, 34, 48, 10, 18, 42, 8, 16]
Costo asociado: 271.37      Capacidad: 91.0

Ruta #6: [1, 13, 46, 49, 20, 44, 43]
Costo asociado: 204.309      Capacidad: 96.0

Ruta #7: [1, 12, 14, 53, 17, 33]
Costo asociado: 228.565      Capacidad: 87.0
--> Costo total: 1384.1460000000002          Capacidad total: 664.0

+-+-+-+-+-+-+-+-+-+-+-+-+-+-+-+-+-+-+- Iteracion 8  +-+-+-+-+-+-+-+-+-+-+-+-+-+-+-+-+-+-+-

La solución anterior duró 0min 0seg    -------> Nuevo optimo local. Costo: 1384.1460000000002
rutas: [[1, 2, 5, 29, 23, 31, 45, 47, 9, 28], [1, 32, 21, 7, 36, 39, 19, 30], [1, 52, 41, 27, 11, 50, 37, 38, 3, 51, 24], [1, 40, 26, 6, 4, 15, 22, 35, 25], [1, 34, 48, 10, 18, 42, 8, 16], [1, 13, 46, 49, 20, 44, 43], [1, 12, 14, 53, 17, 33]]Lista tabu: [((49,43,7.616),2), ((44,20,21.213),2), ((49,44,18.028),1), ((12,53,13.0),8), ((14,17,62.514),8), ((14,12,17.464),6), ((49,43,7.616),9), ((20,1,90.0),9), ((20,49,21.095),7), ((6,4,5.0),5), ((15,22,13.342),5), ((6,15,21.095),4), ((20,44,21.213),6), ((43,1,72.945),6), ((20,43,17.804),5), ((47,9,4.472),7), ((28,1,30.529),7), ((47,28,8.485),6), ((17,16,24.698),13), ((8,33,43.267),13), ((17,33,8.944),11)]

Ruta #1: [1, 2, 5, 29, 23, 31, 45, 47, 9, 28]
Costo asociado: 110.67599999999999      Capacidad: 97.0

Ruta #2: [1, 32, 21, 7, 36, 39, 19, 30]
Costo asociado: 160.716      Capacidad: 96.0

Ruta #3: [1, 52, 41, 27, 11, 50, 37, 38, 3, 51, 24]
Costo asociado: 240.983      Capacidad: 99.0

Ruta #4: [1, 40, 26, 6, 4, 15, 22, 35, 25]
Costo asociado: 167.527      Capacidad: 98.0

Ruta #5: [1, 34, 48, 10, 18, 42, 8, 16]
Costo asociado: 271.37      Capacidad: 91.0

Ruta #6: [1, 13, 46, 49, 20, 44, 43]
Costo asociado: 204.309      Capacidad: 96.0

Ruta #7: [1, 12, 14, 53, 17, 33]
Costo asociado: 228.565      Capacidad: 87.0
--> Costo total: 1360.871          Capacidad total: 664.0

+-+-+-+-+-+-+-+-+-+-+-+-+-+-+-+-+-+-+- Iteracion 35  +-+-+-+-+-+-+-+-+-+-+-+-+-+-+-+-+-+-+-

La solución anterior duró 0min 4seg    -------> Nuevo optimo local. Costo: 1360.871
rutas: [[1, 2, 5, 29, 23, 31, 45, 47, 9, 28], [1, 32, 21, 7, 36, 39, 19, 30], [1, 52, 41, 27, 11, 50, 37, 38, 3, 51], [1, 40, 26, 6, 4, 15, 22, 35, 25], [1, 34, 48, 10, 18, 42, 8, 16, 24], [1, 13, 46, 49, 20, 44, 43], [1, 12, 14, 53, 17, 33]]Lista tabu: [((31,45,6.403),1), ((28,1,30.529),1), ((18,42,6.708),2), ((35,25,12.166),2), ((18,25,19.235),1), ((10,18,7.616),3), ((8,16,58.669),3), ((10,8,11.0),2), ((45,47,13.416),4), ((28,1,30.529),4), ((45,28,21.633),3), ((31,45,6.403),5), ((47,9,4.472),5), ((31,47,13.601),4), ((38,3,5.385),6), ((51,24,21.0),6), ((51,38,20.125),5), ((22,35,8.944),7), ((25,1,57.315),7), ((25,22,18.868),6), ((42,8,17.029),8), ((35,25,12.166),8), ((42,25,12.53),7)]

Ruta #1: [1, 2, 5, 29, 23, 31, 45, 47, 9, 28]
Costo asociado: 110.67599999999999      Capacidad: 97.0

Ruta #2: [1, 32, 21, 7, 36, 39, 19, 30]
Costo asociado: 160.716      Capacidad: 96.0

Ruta #3: [1, 52, 41, 27, 11, 50, 37, 38, 3, 51]
Costo asociado: 211.532      Capacidad: 93.0

Ruta #4: [1, 40, 26, 6, 4, 15, 22, 35, 25]
Costo asociado: 167.527      Capacidad: 98.0

Ruta #5: [1, 34, 48, 10, 18, 42, 8, 16, 24]
Costo asociado: 277.546      Capacidad: 97.0

Ruta #6: [1, 13, 46, 49, 20, 44, 43]
Costo asociado: 204.309      Capacidad: 96.0

Ruta #7: [1, 12, 14, 53, 17, 33]
Costo asociado: 228.565      Capacidad: 87.0
--> Costo total: 1359.856          Capacidad total: 664.0

+-+-+-+-+-+-+-+-+-+-+-+-+-+-+-+-+-+-+- Iteracion 42  +-+-+-+-+-+-+-+-+-+-+-+-+-+-+-+-+-+-+-

La solución anterior duró 0min 1seg    -------> Nuevo optimo local. Costo: 1359.856
rutas: [[1, 2, 5, 29, 23, 31, 45, 47, 9, 28], [1, 32, 21, 7, 36, 39, 19, 30], [1, 52, 41, 27, 11, 50, 37, 38, 3, 51], [1, 40, 26, 6, 4, 15, 22, 35, 25], [1, 34, 48, 10, 42, 18, 8, 16, 24], [1, 13, 46, 49, 20, 44, 43], [1, 12, 14, 53, 17, 33]]Lista tabu: [((42,8,17.029),1), ((35,25,12.166),1), ((16,1,96.54),7), ((51,24,21.0),7), ((16,24,20.224),5), ((32,21,11.402),3), ((36,39,5.831),3), ((36,32,20.616),2), ((52,41,31.064),4), ((5,29,6.083),4), ((52,29,22.361),3), ((45,47,13.416),5), ((28,1,30.529),5), ((28,45,21.633),4), ((15,22,13.342),6), ((35,25,12.166),6), ((35,15,20.248),5), ((31,45,6.403),7), ((28,1,30.529),7), ((28,31,22.023),6), ((12,14,17.464),8), ((53,17,57.706),8), ((12,53,13.0),7)]

Ruta #1: [1, 2, 5, 29, 23, 31, 45, 47, 9, 28]
Costo asociado: 110.67599999999999      Capacidad: 97.0

Ruta #2: [1, 32, 21, 7, 36, 39, 19, 30]
Costo asociado: 160.716      Capacidad: 96.0

Ruta #3: [1, 52, 41, 27, 11, 50, 37, 38, 3, 51]
Costo asociado: 211.532      Capacidad: 93.0

Ruta #4: [1, 40, 26, 6, 4, 15, 22, 35, 25]
Costo asociado: 167.527      Capacidad: 98.0

Ruta #5: [1, 34, 48, 10, 42, 18, 8, 16, 24]
Costo asociado: 276.531      Capacidad: 97.0

Ruta #6: [1, 13, 46, 49, 20, 44, 43]
Costo asociado: 204.309      Capacidad: 96.0

Ruta #7: [1, 12, 14, 53, 17, 33]
Costo asociado: 228.565      Capacidad: 87.0
--> Costo total: 1355.685          Capacidad total: 664.0

+-+-+-+-+-+-+-+-+-+-+-+-+-+-+-+-+-+-+- Iteracion 47  +-+-+-+-+-+-+-+-+-+-+-+-+-+-+-+-+-+-+-

La solución anterior duró 0min 0seg    -------> Nuevo optimo local. Costo: 1355.685
