+-+-+-+-+-+-+-+-+-+-+-+-+-+-+ GRAFO CARGADO +-+-+-+-+-+-+-+-+-+-+-+-+-+-+-
        1         2         3         4         5         6         7         8         9         10        11        12        13        14        15        16        17        18        19        20        21        22        23        24        25        26        27        28        29        30        31        32        33        34        35        36        37
1     0         21.0    58.138    17.493    33.242    48.826    69.893    21.024    54.918    55.172    47.539    70.434    36.222    34.059    41.761    2.828    12.207    36.688    53.0    60.208    56.321    6.403    25.807    44.283    47.381    42.012    34.828    62.201    33.601    29.155    29.069    37.202    30.017    45.607    14.422    47.424    17.464    
2     21.0    0         37.216    19.209    45.277    40.608    53.759    30.414    46.872    42.485    29.206    55.606    15.524    26.019    22.472    23.087    17.205    17.804    66.528    39.319    36.674    16.492    21.84    26.87    35.468    47.413    50.774    52.498    52.0    50.09    42.802    55.543    49.336    44.911    33.956    59.414    37.656    
3     58.138    37.216    0         52.555    75.027    46.861    35.0    61.4    57.306    45.695    19.799    48.094    22.0    42.19    24.083    60.299    51.352    27.459    98.98    9.22    20.396    53.0    46.239    29.206    44.102    74.813    85.796    57.94    88.323    87.281    77.078    91.761    86.122    60.959    71.021    91.066    74.813    
4     17.493    19.209    52.555    0         50.567    58.189    72.918    37.363    37.443    38.601    48.104    54.378    33.015    43.012    31.145    17.029    25.08    26.306    47.634    51.971    45.011    19.416    36.497    31.257    30.806    28.792    33.242    44.822    36.346    39.85    24.597    39.623    35.0    59.076    22.136    40.311    26.249    
5     33.242    45.277    75.027    50.567    0         41.0    70.456    14.866    87.71    86.4    57.489    100.568    55.073    34.366    67.476    34.482    28.32    63.032    77.666    80.498    81.025    31.906    28.792    72.139    78.816    73.824    58.856    94.668    53.16    38.013    57.009    55.973    48.083    27.295    39.0    74.431    38.21    
6     48.826    40.608    46.861    58.189    41.0    0         30.017    34.67    86.023    78.918    27.203    88.233    36.878    15.232    53.367    51.614    36.62    51.478    101.789    55.218    61.741    42.72    23.022    60.208    73.246    86.977    83.6    90.449    81.394    71.4    77.698    84.9    77.078    16.492    62.482    95.88    64.382    
7     69.893    53.759    35.0    72.918    70.456    30.017    0         61.685    89.493    79.076    25.239    83.054    41.34    38.275    54.083    72.67    58.669    55.036    120.216    44.045    55.145    63.514    46.615    60.729    75.895    100.21    103.711    91.444    103.47    96.607    96.26    107.075    99.86    46.271    84.315    113.172    87.132    
8     21.024    30.414    61.4    37.363    14.866    34.67    61.685    0         73.824    71.847    45.1    85.796    40.719    23.537    52.631    23.022    13.601    48.166    71.309    66.31    66.287    18.028    16.0    57.28    64.351    63.0    52.393    80.529    48.549    36.878    48.508    51.865    43.829    26.42    31.016    66.761    31.765    
9     54.918    46.872    57.306    37.443    87.71    86.023    89.493    73.824    0         12.806    65.513    25.08    50.359    72.443    35.44    54.406    60.539    35.355    58.009    50.804    38.419    55.902    68.659    28.792    13.601    31.257    55.362    8.062    62.65    73.007    47.424    64.622    64.008    91.782    56.639    50.09    60.308    
10    55.172    42.485    45.695    38.601    86.4    78.918    79.076    71.847    12.806    0         56.143    16.155    42.19    66.483    26.0    55.317    58.249    27.459    68.359    38.588    26.077    54.672    64.078    19.0    7.81    41.195    62.968    12.369    69.376    77.369    54.342    71.805    69.893    86.649    60.033    60.208    64.008    
11    47.539    29.206    19.799    48.104    57.489    27.203    25.239    45.1    65.513    56.143    0         62.968    16.125    23.409    30.265    50.16    37.855    30.364    95.671    28.018    35.44    41.437    29.155    37.216    51.971    75.0    79.881    68.359    80.529    75.961    72.007    84.119    77.389    41.231    61.741    88.414    65.0    
12    70.434    55.606    48.094    54.378    100.568    88.233    83.054    85.796    25.08    16.155    62.968    0         51.624    77.389    35.341    70.803    72.25    38.588    83.006    39.319    28.018    69.311    76.322    29.155    23.707    56.036    78.854    18.974    85.44    93.472    70.342    87.801    86.035    97.944    76.059    75.007    80.062    
13    36.222    15.524    22.0    33.015    55.073    36.878    41.34    40.719    50.359    42.19    16.125    51.624    0         26.077    16.492    38.471    29.614    15.033    80.604    25.632    26.907    31.0    27.019    23.345    37.054    59.034    65.765    54.009    67.417    65.376    57.454    70.937    64.846    46.648    49.477    73.11    53.151    
14    34.059    26.019    42.19    43.012    34.366    15.232    38.275    23.537    72.443    66.483    23.409    77.389    26.077    0         42.048    36.878    21.932    39.217    86.839    49.041    52.802    27.803    8.602    48.466    60.208    71.784    68.884    77.466    67.209    58.669    62.682    70.767    63.127    20.591    48.083    80.777    50.329    
15    41.761    22.472    24.083    31.145    67.476    53.367    54.083    52.631    35.44    26.0    30.265    35.341    16.492    42.048    0         43.174    39.661    5.099    75.584    21.19    14.56    38.484    41.4    7.0    21.84    50.804    63.789    38.118    67.476    69.584    54.818    70.711    66.068    62.61    52.154    67.535    56.223    
16    2.828    23.087    60.299    17.029    34.482    51.614    72.67    23.022    54.406    55.317    50.16    70.803    38.471    36.878    43.174    0         15.0    38.079    50.249    62.073    57.723    9.22    28.601    45.31    47.508    40.012    32.016    61.847    30.806    27.019    26.401    34.409    27.295    48.083    11.662    44.777    14.866    
17    12.207    17.205    51.352    25.08    28.32    36.62    58.669    13.601    60.539    58.249    37.855    72.25    29.614    21.932    39.661    15.0    0         35.0    65.192    55.082    53.712    6.325    13.601    43.932    50.774    52.612    47.011    67.082    45.343    38.275    41.183    48.918    41.4    34.366    26.173    59.481    28.601    
18    36.688    17.804    27.459    26.306    63.032    51.478    55.036    48.166    35.355    27.459    30.364    38.588    15.033    39.217    5.099    38.079    35.0    0         71.589    25.71    19.647    33.541    37.736    9.434    22.023    47.508    59.203    39.051    62.65    64.498    50.289    65.924    61.131    59.615    47.096    63.632    51.157    
19    53.0    66.528    98.98    47.634    77.666    101.789    120.216    71.309    58.009    68.359    95.671    83.006    80.604    86.839    75.584    50.249    65.192    71.589    0         96.664    86.977    59.076    78.772    72.801    63.151    27.166    18.974    65.192    25.02    42.012    24.207    23.087    30.067    97.576    40.311    8.246    39.85    
20    60.208    39.319    9.22    51.971    80.498    55.218    44.045    66.31    50.804    38.588    28.018    39.319    25.632    49.041    21.19    62.073    55.082    25.71    96.664    0         12.53    55.731    51.971    24.413    38.21    71.344    84.9    50.537    88.284    89.022    75.961    91.591    86.579    68.593    72.062    88.566    76.026    
21    56.321    36.674    20.396    45.011    81.025    61.741    55.145    66.287    38.419    26.077    35.44    28.018    26.907    52.802    14.56    57.723    53.712    19.647    86.977    12.53    0         52.924    53.759    14.318    26.249    60.836    76.792    38.013    81.099    84.012    67.742    84.214    80.006    73.239    66.483    78.772    70.576    
22    6.403    16.492    53.0    19.416    31.906    42.72    63.514    18.028    55.902    54.672    41.437    69.311    31.0    27.803    38.484    9.22    6.325    33.541    59.076    55.731    52.924    0         19.723    41.881    47.011    46.39    41.11    62.769    40.0    34.713    34.986    43.6    36.359    40.608    20.809    53.235    23.707    
23    25.807    21.84    46.239    36.497    28.792    23.022    46.615    16.0    68.659    64.078    29.155    76.322    27.019    8.602    41.4    28.601    13.601    37.736    78.772    51.971    53.759    19.723    0         47.17    57.245    65.0    60.605    74.33    58.694    50.12    54.708    62.241    54.562    23.195    39.623    72.945    41.773    
24    44.283    26.87    29.206    31.257    72.139    60.208    60.729    57.28    28.792    19.0    37.216    29.155    23.345    48.466    7.0    45.31    43.932    9.434    72.801    24.413    14.318    41.881    47.17    0         15.232    47.011    62.514    31.145    67.007    70.831    53.46    70.064    66.121    68.942    53.151    64.622    57.271    
25    47.381    35.468    44.102    30.806    78.816    73.246    75.895    64.351    13.601    7.81    51.971    23.707    37.054    60.208    21.84    47.508    50.774    22.023    63.151    38.21    26.249    47.011    57.245    15.232    0         36.139    56.321    17.263    62.37    69.778    47.518    64.938    62.642    80.081    52.355    54.918    56.356    
26    42.012    47.413    74.813    28.792    73.824    86.977    100.21    63.0    31.257    41.195    75.0    56.036    59.034    71.784    50.804    40.012    52.612    47.508    27.166    71.344    60.836    46.39    65.0    47.011    36.139    0         25.807    38.833    34.059    48.01    20.0    35.228    36.797    86.977    35.735    19.026    38.079    
27    34.828    50.774    85.796    33.242    58.856    83.6    103.711    52.393    55.362    62.968    79.881    78.854    65.765    68.884    63.789    32.016    47.011    59.203    18.974    84.9    76.792    41.11    60.605    62.514    56.321    25.807    0         63.325    8.602    25.0    9.055    9.434    12.649    78.721    21.471    16.125    20.881    
28    62.201    52.498    57.94    44.822    94.668    90.449    91.444    80.529    8.062    12.369    68.359    18.974    54.009    77.466    38.118    61.847    67.082    39.051    65.192    50.537    38.013    62.769    74.33    31.145    17.263    38.833    63.325    0         70.682    81.025    55.462    72.615    72.069    97.268    64.537    57.428    68.25    
29    33.601    52.0    88.323    36.346    53.16    81.394    103.47    48.549    62.65    69.376    80.529    85.44    67.417    67.209    67.476    30.806    45.343    62.65    25.02    88.284    81.099    40.0    58.694    67.007    62.37    34.059    8.602    70.682    0         17.117    15.232    3.606    5.099    74.947    19.209    24.042    17.029    
30    29.155    50.09    87.281    39.85    38.013    71.4    96.607    36.878    73.007    77.369    75.961    93.472    65.376    58.669    69.584    27.019    38.275    64.498    42.012    89.022    84.012    34.713    50.12    70.831    69.778    48.01    25.0    81.025    17.117    0         28.018    19.026    12.369    62.37    17.72    41.0    13.601    
31    29.069    42.802    77.078    24.597    57.009    77.698    96.26    48.508    47.424    54.342    72.007    70.342    57.454    62.682    54.818    26.401    41.183    50.289    24.207    75.961    67.742    34.986    54.708    53.46    47.518    20.0    9.055    55.462    15.232    28.018    0         17.464    17.029    74.33    18.028    18.385    19.235    
32    37.202    55.543    91.761    39.623    55.973    84.9    107.075    51.865    64.622    71.805    84.119    87.801    70.937    70.767    70.711    34.409    48.918    65.924    23.087    91.591    84.214    43.6    62.241    70.064    64.938    35.228    9.434    72.615    3.606    19.026    17.464    0         8.062    78.23    22.804    23.259    20.518    
33    30.017    49.336    86.122    35.0    48.083    77.078    99.86    43.829    64.008    69.893    77.389    86.035    64.846    63.127    66.068    27.295    41.4    61.131    30.067    86.579    80.006    36.359    54.562    66.121    62.642    36.797    12.649    72.069    5.099    12.369    17.029    8.062    0         70.178    15.652    28.636    12.806    
34    45.607    44.911    60.959    59.076    27.295    16.492    46.271    26.42    91.782    86.649    41.231    97.944    46.648    20.591    62.61    48.083    34.366    59.615    97.576    68.593    73.239    40.608    23.195    68.942    80.081    86.977    78.721    97.268    74.947    62.37    74.33    78.23    70.178    0         57.271    92.698    58.181    
35    14.422    33.956    71.021    22.136    39.0    62.482    84.315    31.016    56.639    60.033    61.741    76.059    49.477    48.083    52.154    11.662    26.173    47.096    40.311    72.062    66.483    20.809    39.623    53.151    52.355    35.735    21.471    64.537    19.209    17.72    18.028    22.804    15.652    57.271    0         35.903    4.123    
36    47.424    59.414    91.066    40.311    74.431    95.88    113.172    66.761    50.09    60.208    88.414    75.007    73.11    80.777    67.535    44.777    59.481    63.632    8.246    88.566    78.772    53.235    72.945    64.622    54.918    19.026    16.125    57.428    24.042    41.0    18.385    23.259    28.636    92.698    35.903    0         36.222    
37    17.464    37.656    74.813    26.249    38.21    64.382    87.132    31.765    60.308    64.008    65.0    80.062    53.151    50.329    56.223    14.866    28.601    51.157    39.85    76.026    70.576    23.707    41.773    57.271    56.356    38.079    20.881    68.25    17.029    13.601    19.235    20.518    12.806    58.181    4.123    36.222    0         


Demandas:
1: 0.0
2: 16.0
3: 18.0
4: 1.0
5: 13.0
6: 8.0
7: 23.0
8: 7.0
9: 27.0
10: 1.0
11: 3.0
12: 6.0
13: 24.0
14: 19.0
15: 2.0
16: 5.0
17: 16.0
18: 7.0
19: 4.0
20: 22.0
21: 7.0
22: 23.0
23: 16.0
24: 2.0
25: 2.0
26: 9.0
27: 2.0
28: 12.0
29: 1.0
30: 9.0
31: 23.0
32: 6.0
33: 19.0
34: 7.0
35: 7.0
36: 20.0
37: 20.0
+-+-+-+-+-+-+-+-+-+-+-+-+-+-+-+ SOLUCION INICIAL +-+-+-+-+-+-+-+-+-+-+-+-+-+-+-+-

Ruta #1: [1, 2, 3, 11, 7, 20, 21, 24, 15, 18]
Costo asociado: 222.93400000000003      Capacidad: 100.0

Ruta #2: [1, 6, 17, 23, 14, 34, 5, 8]
Costo asociado: 191.425      Capacidad: 86.0

Ruta #3: [1, 10, 13, 25, 12, 28, 9, 4, 35, 37]
Costo asociado: 266.32499999999993      Capacidad: 100.0

Ruta #4: [1, 16, 19, 31, 27, 36, 26, 29, 32, 33, 30]
Costo asociado: 208.74099999999999      Capacidad: 98.0

Ruta #5: [1, 22]
Costo asociado: 12.806      Capacidad: 23.0

--> Costo total: 902.231          Capacidad total: 407.0

+-+-+-+-+-+-+-+-+-+-+-+-+-+-+-+-+-+-+-+-+-+-+-+-+- Iteracion 2  +-+-+-+-+-+-+-+-+-+-+-+-+-+-+-+-+-+-+-+-+-+-+-+-+-


Ruta #1: [1, 2, 3, 11, 7, 20, 21, 24, 15, 18]
Costo asociado: 222.93400000000003      Capacidad: 100.0

Ruta #2: [1, 6, 17, 23, 14, 34, 5, 8]
Costo asociado: 191.425      Capacidad: 86.0

Ruta #3: [1, 10, 13, 25, 12, 28, 9, 4, 35, 37]
Costo asociado: 266.32499999999993      Capacidad: 100.0

Ruta #4: [1, 30, 33, 32, 29, 27, 36, 26, 31, 19, 16]
Costo asociado: 194.22899999999998      Capacidad: 98.0

Ruta #5: [1, 22]
Costo asociado: 12.806      Capacidad: 23.0

--> Costo total: 887.719          Capacidad total: 407.0

La solución anterior duró 0min 0seg    -------> Nuevo optimo local. Costo: 887.719       ==> Optimo: 669.0  Desvio: 32.7%
Lista tabu: [((4,35,22.136),7), ((1,22,6.403),7), ((4,22,19.416),6)]

+-+-+-+-+-+-+-+-+-+-+-+-+-+-+-+-+-+-+-+-+-+-+-+-+- Iteracion 4  +-+-+-+-+-+-+-+-+-+-+-+-+-+-+-+-+-+-+-+-+-+-+-+-+-


Ruta #1: [1, 2, 11, 7, 20, 3, 21, 24, 15, 18]
Costo asociado: 212.211      Capacidad: 100.0

Ruta #2: [1, 6, 17, 23, 14, 34, 5, 8]
Costo asociado: 191.425      Capacidad: 86.0

Ruta #3: [1, 10, 13, 25, 12, 28, 9, 4, 35, 37]
Costo asociado: 266.32499999999993      Capacidad: 100.0

Ruta #4: [1, 30, 33, 32, 29, 27, 36, 26, 31, 19, 16]
Costo asociado: 194.22899999999998      Capacidad: 98.0

Ruta #5: [1, 22]
Costo asociado: 12.806      Capacidad: 23.0

--> Costo total: 876.9960000000001          Capacidad total: 407.0

La solución anterior duró 0min 0seg    -------> Nuevo optimo local. Costo: 876.996       ==> Optimo: 669.0  Desvio: 31.1%
Lista tabu: [((4,35,22.136),5), ((1,22,6.403),5), ((4,22,19.416),4), ((26,29,34.059),10), ((31,27,9.055),10), ((27,29,8.602),9), ((33,32,8.062),7), ((32,29,3.606),7), ((4,35,22.136),7), ((35,37,4.123),7), ((29,35,19.209),6)]

+-+-+-+-+-+-+-+-+-+-+-+-+-+-+-+-+-+-+-+-+-+-+-+-+- Iteracion 6  +-+-+-+-+-+-+-+-+-+-+-+-+-+-+-+-+-+-+-+-+-+-+-+-+-


Ruta #1: [1, 2, 11, 7, 20, 3, 21, 24, 15, 18]
Costo asociado: 212.211      Capacidad: 100.0

Ruta #2: [1, 17, 23, 14, 6, 34, 5, 8]
Costo asociado: 129.31900000000002      Capacidad: 86.0

Ruta #3: [1, 10, 13, 25, 12, 28, 9, 4, 35, 37]
Costo asociado: 266.32499999999993      Capacidad: 100.0

Ruta #4: [1, 30, 33, 32, 29, 27, 36, 26, 31, 19, 16]
Costo asociado: 194.22899999999998      Capacidad: 98.0

Ruta #5: [1, 22]
Costo asociado: 12.806      Capacidad: 23.0

--> Costo total: 814.8900000000001          Capacidad total: 407.0

La solución anterior duró 0min 0seg    -------> Nuevo optimo local. Costo: 814.89       ==> Optimo: 669.0  Desvio: 21.8%
Lista tabu: [((4,35,22.136),3), ((1,22,6.403),3), ((4,22,19.416),2), ((26,29,34.059),8), ((31,27,9.055),8), ((27,29,8.602),7), ((33,32,8.062),5), ((32,29,3.606),5), ((4,35,22.136),5), ((35,37,4.123),5), ((29,35,19.209),4), ((20,21,12.53),10), ((3,11,19.799),10), ((2,3,37.216),10), ((3,21,20.396),9), ((29,27,8.602),7), ((33,32,8.062),7), ((30,33,12.369),7), ((27,33,12.649),6)]

+-+-+-+-+-+-+-+-+-+-+-+-+-+-+-+-+-+-+-+-+-+-+-+-+- Iteracion 8  +-+-+-+-+-+-+-+-+-+-+-+-+-+-+-+-+-+-+-+-+-+-+-+-+-


Ruta #1: [1, 2, 18, 15, 24, 21, 3, 20, 7, 11]
Costo asociado: 211.66000000000003      Capacidad: 100.0

Ruta #2: [1, 17, 23, 14, 6, 34, 5, 8]
Costo asociado: 129.31900000000002      Capacidad: 86.0

Ruta #3: [1, 10, 13, 25, 12, 28, 9, 4, 35, 37]
Costo asociado: 266.32499999999993      Capacidad: 100.0

Ruta #4: [1, 30, 33, 32, 29, 27, 36, 26, 31, 19, 16]
Costo asociado: 194.22899999999998      Capacidad: 98.0

Ruta #5: [1, 22]
Costo asociado: 12.806      Capacidad: 23.0

--> Costo total: 814.3389999999999          Capacidad total: 407.0

La solución anterior duró 0min 0seg    -------> Nuevo optimo local. Costo: 814.339       ==> Optimo: 669.0  Desvio: 21.7%
Lista tabu: [((4,35,22.136),1), ((1,22,6.403),1), ((26,29,34.059),6), ((31,27,9.055),6), ((27,29,8.602),5), ((33,32,8.062),3), ((32,29,3.606),3), ((4,35,22.136),3), ((35,37,4.123),3), ((29,35,19.209),2), ((20,21,12.53),8), ((3,11,19.799),8), ((2,3,37.216),8), ((3,21,20.396),7), ((29,27,8.602),5), ((33,32,8.062),5), ((30,33,12.369),5), ((27,33,12.649),4), ((14,34,20.591),10), ((6,17,36.62),10), ((1,6,48.826),10), ((14,6,15.232),9), ((22,1,6.403),7), ((5,8,14.866),7), ((8,22,18.028),6)]

+-+-+-+-+-+-+-+-+-+-+-+-+-+-+-+-+-+-+-+-+-+-+-+-+- Iteracion 10  +-+-+-+-+-+-+-+-+-+-+-+-+-+-+-+-+-+-+-+-+-+-+-+-+-


Ruta #1: [1, 2, 18, 15, 24, 21, 3, 20, 7, 11]
Costo asociado: 211.66000000000003      Capacidad: 100.0

Ruta #2: [1, 17, 23, 14, 6, 34, 5, 8]
Costo asociado: 129.31900000000002      Capacidad: 86.0

Ruta #3: [1, 37, 35, 4, 9, 28, 12, 25, 10, 13]
Costo asociado: 218.131      Capacidad: 100.0

Ruta #4: [1, 30, 33, 32, 29, 27, 36, 26, 31, 19, 16]
Costo asociado: 194.22899999999998      Capacidad: 98.0

Ruta #5: [1, 22]
Costo asociado: 12.806      Capacidad: 23.0

--> Costo total: 766.145          Capacidad total: 407.0

La solución anterior duró 0min 0seg    -------> Nuevo optimo local. Costo: 766.145       ==> Optimo: 669.0  Desvio: 14.499999999999998%
Lista tabu: [((26,29,34.059),4), ((31,27,9.055),4), ((27,29,8.602),3), ((33,32,8.062),1), ((32,29,3.606),1), ((4,35,22.136),1), ((35,37,4.123),1), ((20,21,12.53),6), ((3,11,19.799),6), ((2,3,37.216),6), ((3,21,20.396),5), ((29,27,8.602),3), ((33,32,8.062),3), ((30,33,12.369),3), ((27,33,12.649),2), ((14,34,20.591),8), ((6,17,36.62),8), ((1,6,48.826),8), ((14,6,15.232),7), ((22,1,6.403),5), ((5,8,14.866),5), ((8,22,18.028),4), ((2,11,29.206),10), ((18,1,36.688),10), ((2,18,17.804),9), ((7,11,25.239),7), ((3,20,9.22),7), ((21,3,20.396),7), ((11,3,19.799),6)]

+-+-+-+-+-+-+-+-+-+-+-+-+-+-+-+-+-+-+-+-+-+-+-+-+- Iteracion 12  +-+-+-+-+-+-+-+-+-+-+-+-+-+-+-+-+-+-+-+-+-+-+-+-+-


Ruta #1: [1, 2, 18, 15, 24, 21, 3, 20, 7, 11]
Costo asociado: 211.66000000000003      Capacidad: 100.0

Ruta #2: [1, 17, 23, 14, 6, 34, 5, 8]
Costo asociado: 129.31900000000002      Capacidad: 86.0

Ruta #3: [1, 37, 35, 4, 25, 9, 28, 12, 10, 13]
Costo asociado: 209.733      Capacidad: 100.0

Ruta #4: [1, 30, 33, 32, 29, 27, 36, 26, 31, 19, 16]
Costo asociado: 194.22899999999998      Capacidad: 98.0

Ruta #5: [1, 22]
Costo asociado: 12.806      Capacidad: 23.0

--> Costo total: 757.7470000000001          Capacidad total: 407.0

La solución anterior duró 0min 0seg    -------> Nuevo optimo local. Costo: 757.747       ==> Optimo: 669.0  Desvio: 13.3%
Lista tabu: [((26,29,34.059),2), ((31,27,9.055),2), ((27,29,8.602),1), ((20,21,12.53),4), ((3,11,19.799),4), ((2,3,37.216),4), ((3,21,20.396),3), ((29,27,8.602),1), ((33,32,8.062),1), ((30,33,12.369),1), ((14,34,20.591),6), ((6,17,36.62),6), ((1,6,48.826),6), ((14,6,15.232),5), ((22,1,6.403),3), ((5,8,14.866),3), ((8,22,18.028),2), ((2,11,29.206),8), ((18,1,36.688),8), ((2,18,17.804),7), ((7,11,25.239),5), ((3,20,9.22),5), ((21,3,20.396),5), ((11,3,19.799),4), ((13,25,37.054),10), ((1,10,55.172),10), ((25,10,7.81),9), ((29,27,8.602),7), ((33,32,8.062),7), ((30,33,12.369),7), ((27,33,12.649),6)]

+-+-+-+-+-+-+-+-+-+-+-+-+-+-+-+-+-+-+-+-+-+-+-+-+- Iteracion 13  +-+-+-+-+-+-+-+-+-+-+-+-+-+-+-+-+-+-+-+-+-+-+-+-+-


Ruta #1: [1, 2, 18, 15, 24, 21, 3, 20, 7, 11]
Costo asociado: 211.66000000000003      Capacidad: 100.0

Ruta #2: [1, 17, 23, 14, 6, 34, 5, 8]
Costo asociado: 129.31900000000002      Capacidad: 86.0

Ruta #3: [1, 37, 35, 4, 25, 9, 28, 12, 10, 13]
Costo asociado: 209.733      Capacidad: 100.0

Ruta #4: [1, 30, 33, 32, 29, 19, 36, 26, 31, 27, 16]
Costo asociado: 169.38299999999998      Capacidad: 98.0

Ruta #5: [1, 22]
Costo asociado: 12.806      Capacidad: 23.0

--> Costo total: 732.9010000000001          Capacidad total: 407.0

La solución anterior duró 0min 0seg    -------> Nuevo optimo local. Costo: 732.901       ==> Optimo: 669.0  Desvio: 9.6%
Lista tabu: [((26,29,34.059),1), ((31,27,9.055),1), ((20,21,12.53),3), ((3,11,19.799),3), ((2,3,37.216),3), ((3,21,20.396),2), ((14,34,20.591),5), ((6,17,36.62),5), ((1,6,48.826),5), ((14,6,15.232),4), ((22,1,6.403),2), ((5,8,14.866),2), ((8,22,18.028),1), ((2,11,29.206),7), ((18,1,36.688),7), ((2,18,17.804),6), ((7,11,25.239),4), ((3,20,9.22),4), ((21,3,20.396),4), ((11,3,19.799),3), ((13,25,37.054),9), ((1,10,55.172),9), ((25,10,7.81),8), ((29,27,8.602),6), ((33,32,8.062),6), ((30,33,12.369),6), ((27,33,12.649),5), ((4,9,37.443),11), ((25,10,7.81),11), ((12,25,23.707),11), ((25,9,13.601),10)]

+-+-+-+-+-+-+-+-+-+-+-+-+-+-+-+-+-+-+-+-+-+-+-+-+- Iteracion 23  +-+-+-+-+-+-+-+-+-+-+-+-+-+-+-+-+-+-+-+-+-+-+-+-+-


Ruta #1: [1, 2, 18, 15, 24, 21, 20, 3, 7, 11]
Costo asociado: 194.74900000000002      Capacidad: 100.0

Ruta #2: [1, 17, 23, 14, 6, 34, 5, 8]
Costo asociado: 129.31900000000002      Capacidad: 86.0

Ruta #3: [1, 37, 35, 4, 25, 9, 28, 12, 10, 13]
Costo asociado: 209.733      Capacidad: 100.0

Ruta #4: [1, 30, 33, 32, 29, 19, 36, 26, 31, 27, 16]
Costo asociado: 169.38299999999998      Capacidad: 98.0

Ruta #5: [1, 22]
Costo asociado: 12.806      Capacidad: 23.0

--> Costo total: 715.99          Capacidad total: 407.0

La solución anterior duró 0min 0seg    -------> Nuevo optimo local. Costo: 715.99       ==> Optimo: 669.0  Desvio: 7.000000000000001%
Lista tabu: [((4,9,37.443),1), ((25,10,7.81),1), ((12,25,23.707),1), ((29,27,8.602),2), ((27,36,16.125),2), ((31,19,24.207),2), ((19,16,50.249),2), ((31,27,9.055),1), ((18,15,5.099),1), ((15,24,7.0),1), ((4,25,30.806),1), ((25,9,13.601),1), ((28,12,18.974),2), ((10,13,42.19),2), ((10,28,12.369),1), ((28,12,18.974),3), ((10,13,42.19),3), ((10,28,12.369),2), ((18,15,5.099),4), ((15,24,7.0),4), ((4,25,30.806),4), ((25,9,13.601),4), ((24,25,15.232),3), ((33,32,8.062),5), ((31,27,9.055),5), ((33,31,17.029),4), ((28,12,18.974),6), ((10,13,42.19),6), ((10,28,12.369),5), ((28,12,18.974),7), ((10,13,42.19),7), ((10,28,12.369),6)]

+-+-+-+-+-+-+-+-+-+-+-+-+-+-+-+-+-+-+-+-+-+-+-+-+- Iteracion 24  +-+-+-+-+-+-+-+-+-+-+-+-+-+-+-+-+-+-+-+-+-+-+-+-+-


Ruta #1: [1, 2, 18, 15, 24, 21, 20, 3, 7, 11]
Costo asociado: 194.74900000000002      Capacidad: 100.0

Ruta #2: [1, 17, 23, 14, 6, 34, 5, 8]
Costo asociado: 129.31900000000002      Capacidad: 86.0

Ruta #3: [1, 37, 35, 4, 25, 9, 28, 12, 10, 13]
Costo asociado: 209.733      Capacidad: 100.0

Ruta #4: [1, 30, 33, 27, 32, 29, 19, 36, 26, 31, 16]
Costo asociado: 168.734      Capacidad: 98.0

Ruta #5: [1, 22]
Costo asociado: 12.806      Capacidad: 23.0

--> Costo total: 715.3410000000001          Capacidad total: 407.0

La solución anterior duró 0min 0seg    -------> Nuevo optimo local. Costo: 715.341       ==> Optimo: 669.0  Desvio: 6.9%
Lista tabu: [((29,27,8.602),1), ((27,36,16.125),1), ((31,19,24.207),1), ((19,16,50.249),1), ((28,12,18.974),1), ((10,13,42.19),1), ((28,12,18.974),2), ((10,13,42.19),2), ((10,28,12.369),1), ((18,15,5.099),3), ((15,24,7.0),3), ((4,25,30.806),3), ((25,9,13.601),3), ((24,25,15.232),2), ((33,32,8.062),4), ((31,27,9.055),4), ((33,31,17.029),3), ((28,12,18.974),5), ((10,13,42.19),5), ((10,28,12.369),4), ((28,12,18.974),6), ((10,13,42.19),6), ((10,28,12.369),5), ((21,3,20.396),11), ((20,7,44.045),11), ((20,21,12.53),10)]

+-+-+-+-+-+-+-+-+-+-+-+-+-+-+-+-+-+-+-+-+-+-+-+-+- Iteracion 27  +-+-+-+-+-+-+-+-+-+-+-+-+-+-+-+-+-+-+-+-+-+-+-+-+-


Ruta #1: [1, 2, 18, 15, 24, 21, 20, 3, 7, 11]
Costo asociado: 194.74900000000002      Capacidad: 100.0

Ruta #2: [1, 17, 23, 14, 6, 34, 5, 8]
Costo asociado: 129.31900000000002      Capacidad: 86.0

Ruta #3: [1, 37, 35, 4, 9, 28, 12, 10, 25, 13]
Costo asociado: 205.443      Capacidad: 100.0

Ruta #4: [1, 30, 33, 27, 32, 29, 19, 36, 26, 31, 16]
Costo asociado: 168.734      Capacidad: 98.0

Ruta #5: [1, 22]
Costo asociado: 12.806      Capacidad: 23.0

--> Costo total: 711.0510000000002          Capacidad total: 407.0

La solución anterior duró 0min 0seg    -------> Nuevo optimo local. Costo: 711.051       ==> Optimo: 669.0  Desvio: 6.3%
Lista tabu: [((33,32,8.062),1), ((27,31,9.055),1), ((28,12,18.974),2), ((10,13,42.19),2), ((10,28,12.369),1), ((28,12,18.974),3), ((10,13,42.19),3), ((10,28,12.369),2), ((21,3,20.396),8), ((20,7,44.045),8), ((20,21,12.53),7), ((33,32,8.062),9), ((27,16,32.016),9), ((31,27,9.055),9), ((33,27,12.649),8), ((31,16,26.401),6), ((27,32,9.434),6), ((33,27,12.649),6), ((27,31,9.055),5), ((24,21,14.318),7), ((18,15,5.099),7), ((15,21,14.56),6)]

+-+-+-+-+-+-+-+-+-+-+-+-+-+-+-+-+-+-+-+-+-+-+-+-+- Iteracion 46  +-+-+-+-+-+-+-+-+-+-+-+-+-+-+-+-+-+-+-+-+-+-+-+-+-


Ruta #1: [1, 2, 18, 15, 24, 21, 20, 3, 7, 11]
Costo asociado: 194.74900000000002      Capacidad: 100.0

Ruta #2: [1, 17, 23, 14, 6, 34, 5, 8]
Costo asociado: 129.31900000000002      Capacidad: 86.0

Ruta #3: [1, 37, 35, 4, 9, 28, 12, 10, 25, 13]
Costo asociado: 205.443      Capacidad: 100.0

Ruta #4: [1, 30, 33, 29, 32, 27, 19, 36, 26, 31, 16]
Costo asociado: 155.138      Capacidad: 98.0

Ruta #5: [1, 22]
Costo asociado: 12.806      Capacidad: 23.0

--> Costo total: 697.4550000000002          Capacidad total: 407.0

La solución anterior duró 0min 0seg    -------> Nuevo optimo local. Costo: 697.455       ==> Optimo: 669.0  Desvio: 4.3%
Lista tabu: [((1,2,21.0),1), ((2,18,17.804),1), ((17,23,13.601),1), ((23,14,8.602),1), ((33,27,12.649),2), ((32,29,3.606),2), ((32,33,8.062),1), ((31,16,26.401),3), ((27,32,9.434),3), ((33,27,12.649),3), ((27,31,9.055),2), ((18,15,5.099),4), ((15,24,7.0),4), ((10,25,7.81),4), ((25,13,37.054),4), ((24,25,15.232),3), ((4,9,37.443),5), ((25,13,37.054),5), ((10,25,7.81),5), ((9,25,13.601),4), ((17,23,13.601),6), ((8,1,21.024),6), ((5,8,14.866),6), ((23,8,16.0),5), ((12,10,16.155),7), ((4,9,37.443),7), ((10,9,12.806),6)]

+-+-+-+-+-+-+-+-+-+-+-+-+-+-+-+-+-+- Solucion Optima +-+-+-+-+-+-+-+-+-+-+-+-+-+-+-+-+-+-

Ruta #1: [1, 2, 18, 15, 24, 21, 20, 3, 7, 11]
Costo asociado: 194.74900000000002      Capacidad: 100.0

Ruta #2: [1, 17, 23, 14, 6, 34, 5, 8]
Costo asociado: 129.31900000000002      Capacidad: 86.0

Ruta #3: [1, 37, 35, 4, 9, 28, 12, 10, 25, 13]
Costo asociado: 205.443      Capacidad: 100.0

Ruta #4: [1, 30, 33, 29, 32, 27, 19, 36, 26, 31, 16]
Costo asociado: 155.138      Capacidad: 98.0

Ruta #5: [1, 22]
Costo asociado: 12.806      Capacidad: 23.0


Costo total:  697.455        Optimo real:  669.0      Desviación: 4.3%

Cantidad de iteraciones: 47
Nro de vehiculos: 5
Capacidad Maxima/Vehiculo: 100.0
Tiempo total: 0min 1seg
Tiempo de estancamiento: 0min 0seg
