+-+-+-+-+-+-+-+-+-+-+-+-+-+-+ GRAFO CARGADO +-+-+-+-+-+-+-+-+-+-+-+-+-+-+-
        1         2         3         4         5         6         7         8         9         10        11        12        13        14        15        16        17        18        19        20        21        22        23        24        25        26        27        28        29        30        31        32
1     999999999999.0    34.928    77.878    75.584    97.581    54.571    51.884    37.054    85.604    88.142    79.228    101.415    28.844    51.039    27.019    81.744    25.71    74.545    76.844    73.824    36.235    64.031    84.172    78.032    25.239    75.961    21.095    25.962    84.865    62.29    16.279    72.78    
2     34.928    999999999999.0    60.308    59.203    90.874    80.709    40.497    13.0    84.404    94.133    100.464    97.144    8.246    22.472    38.079    97.293    10.63    42.297    77.929    41.11    67.209    30.067    91.022    64.351    39.357    101.872    19.416    46.325    78.549    80.324    19.416    39.051    
3     77.878    60.308    999999999999.0    3.162    37.054    86.585    26.249    48.083    40.706    58.822    90.211    45.277    67.179    39.446    55.109    77.466    59.666    41.11    41.11    43.046    88.0    48.836    58.258    8.944    58.052    100.722    58.31    64.382    28.792    71.589    65.192    48.0    
4     75.584    59.203    3.162    999999999999.0    36.014    83.433    23.77    46.755    38.484    56.303    87.132    44.045    65.856    38.91    52.393    74.518    58.052    42.426    38.419    44.283    85.006    49.366    55.606    7.071    55.317    97.576    56.303    61.522    26.926    68.447    63.246    49.092    
5     97.581    90.874    37.054    36.014    999999999999.0    83.546    50.537    77.878    17.029    33.838    75.664    8.544    96.177    73.246    70.767    59.228    86.954    78.16    25.71    80.1    93.622    85.288    35.903    29.069    73.0    90.089    82.42    76.026    12.806    63.388    89.404    85.024    
6     54.571    80.709    86.585    83.433    83.546    999999999999.0    65.742    74.33    66.708    56.824    26.926    82.565    78.294    84.386    43.863    36.878    70.178    106.832    57.871    107.201    21.378    101.912    52.773    81.049    41.869    21.541    61.294    34.409    74.243    21.024    63.063    108.706    
7     51.884    40.497    26.249    23.77    50.537    65.742    999999999999.0    27.514    44.407    56.719    75.69    56.648    45.651    26.476    29.155    66.888    36.62    43.278    39.051    44.204    63.506    43.081    54.342    26.401    32.14    83.006    33.302    39.013    38.079    55.172    40.361    47.17    
8     37.054    13.0    48.083    46.755    77.878    74.33    27.514    999999999999.0    71.589    82.0    91.706    84.155    19.105    14.0    30.48    86.977    12.649    37.656    65.376    37.108    63.812    28.653    79.057    51.614    32.527    94.81    16.492    40.361    65.552    71.113    21.024    36.77    
9     85.604    84.404    40.706    38.484    17.029    66.708    44.407    71.589    999999999999.0    19.209    59.034    16.643    88.544    70.007    58.6    43.012    78.772    80.081    9.434    81.744    77.827    84.593    20.125    31.765    60.44    73.171    72.918    62.241    12.728    46.39    79.605    86.122    
10    88.142    94.133    58.822    56.303    33.838    56.824    56.719    82.0    19.209    999999999999.0    43.012    29.155    96.876    83.187    62.298    26.019    86.833    96.385    18.385    97.862    72.25    99.202    4.243    50.0    63.325    58.421    79.624    62.65    31.89    35.847    85.615    101.843    
11    79.228    100.464    90.211    87.132    75.664    26.926    75.69    91.706    59.034    43.012    999999999999.0    72.028    99.624    99.045    62.394    17.117    90.477    118.929    52.498    119.754    48.27    116.829    40.05    82.765    61.351    16.155    81.597    55.543    69.921    20.809    84.9    122.287    
12    101.415    97.144    45.277    44.045    8.544    82.565    56.648    84.155    16.643    29.155    72.028    999999999999.0    102.044    80.411    74.411    55.145    92.574    86.371    26.077    88.278    94.414    93.086    32.0    37.014    76.42    87.092    87.464    78.645    18.682    61.847    94.34    93.134    
13    28.844    8.246    67.179    65.856    96.177    78.294    45.651    19.105    88.544    96.876    99.624    102.044    999999999999.0    30.414    37.656    97.867    10.05    50.488    81.492    49.254    63.127    38.0    93.536    70.605    38.328    99.73    18.248    44.385    83.63    80.05    15.264    47.0    
14    51.039    22.472    39.446    38.91    73.246    84.386    26.476    14.0    70.007    83.187    99.045    80.411    30.414    999999999999.0    41.049    92.136    26.306    24.042    65.376    23.77    76.026    17.804    80.808    44.944    43.566    103.966    30.265    51.624    61.814    78.237    35.014    24.413    
15    27.019    38.079    55.109    52.393    70.767    43.863    29.155    30.48    58.6    62.298    62.394    74.411    37.656    41.049    999999999999.0    60.299    28.16    64.413    49.93    64.498    35.735    58.258    58.523    53.488    3.0    64.405    19.416    10.77    58.138    42.45    24.021    65.46    
16    81.744    97.293    77.466    74.518    59.228    36.878    66.888    86.977    43.012    26.019    17.117    55.145    97.867    92.136    60.299    999999999999.0    88.119    109.859    37.59    110.941    56.436    109.59    23.345    69.405    60.075    32.985    79.63    56.143    54.626    19.647    84.149    114.057    
17    25.71    10.63    59.666    58.052    86.954    70.178    36.62    12.649    78.772    86.833    90.477    92.574    10.05    26.306    28.16    88.119    999999999999.0    49.092    71.568    48.26    56.639    38.328    83.487    62.29    29.155    91.417    8.944    35.847    74.303    70.605    9.487    47.074    
18    74.545    42.297    41.11    42.426    78.16    106.832    43.278    37.656    80.081    96.385    118.929    86.371    50.488    24.042    64.413    109.859    49.092    999999999999.0    78.0    2.236    99.81    13.892    94.847    49.497    67.082    125.495    54.129    75.133    69.231    98.311    58.31    7.616    
19    76.844    77.929    41.11    38.419    25.71    57.871    39.051    65.376    9.434    18.385    52.498    26.077    81.492    65.376    49.93    37.59    71.568    78.0    999999999999.0    79.48    68.425    81.025    17.205    32.527    51.614    65.765    65.192    53.038    17.464    38.013    71.694    83.487    
20    73.824    41.11    43.046    44.283    80.1    107.201    44.204    37.108    81.744    97.862    119.754    88.278    49.254    23.77    64.498    110.941    48.26    2.236    79.48    999999999999.0    99.745    12.083    96.255    51.352    67.119    126.063    53.6    75.18    71.021    99.086    57.559    5.385    
21    36.235    67.209    88.0    85.006    93.622    21.378    63.506    63.812    77.827    72.25    48.27    94.414    63.127    76.026    35.735    56.436    56.639    99.81    68.425    99.745    999999999999.0    92.439    68.015    84.38    32.894    41.195    48.415    25.0    82.541    37.802    48.104    100.24    
22    64.031    30.067    48.836    49.366    85.288    101.912    43.081    28.653    84.593    99.202    116.829    93.086    38.0    17.804    58.258    109.59    38.328    13.892    81.025    12.083    92.439    999999999999.0    97.124    56.223    60.605    121.696    44.777    68.6    75.007    96.021    47.802    9.0    
23    84.172    91.022    58.258    55.606    35.903    52.773    54.342    79.057    20.125    4.243    40.05    32.0    93.536    80.808    58.523    23.345    83.487    94.847    17.205    96.255    68.015    97.124    999999999999.0    49.578    59.464    55.145    76.118    58.592    32.45    31.765    82.0    100.09    
24    78.032    64.351    8.944    7.071    29.069    81.049    26.401    51.614    31.765    50.0    82.765    37.014    70.605    44.944    53.488    69.405    62.29    49.497    32.527    51.352    84.38    56.223    49.578    999999999999.0    56.303    93.984    59.666    61.847    19.925    64.846    66.708    56.143    
25    25.239    39.357    58.052    55.317    73.0    41.869    32.14    32.527    60.44    63.325    61.351    76.42    38.328    43.566    3.0    60.075    29.155    67.082    51.614    67.119    32.894    60.605    59.464    56.303    999999999999.0    62.682    20.248    8.062    60.44    41.773    24.083    67.956    
26    75.961    101.872    100.722    97.576    90.089    21.541    83.006    94.81    73.171    58.421    16.155    87.092    99.73    103.966    64.405    32.985    91.417    125.495    65.765    126.063    41.195    121.696    55.145    93.984    62.682    999999999999.0    82.492    55.57    83.187    29.155    84.528    128.004    
27    21.095    19.416    58.31    56.303    82.42    61.294    33.302    16.492    72.918    79.624    81.597    87.464    18.248    30.265    19.416    79.63    8.944    54.129    65.192    53.6    48.415    44.777    76.118    59.666    20.248    82.492    999999999999.0    26.926    69.635    61.847    7.071    53.141    
28    25.962    46.325    64.382    61.522    76.026    34.409    39.013    40.361    62.241    62.65    55.543    78.645    44.385    51.624    10.77    56.143    35.847    75.133    53.038    75.18    25.0    68.6    58.592    61.847    8.062    55.57    26.926    999999999999.0    63.812    37.014    29.411    76.007    
29    84.865    78.549    28.792    26.926    12.806    74.243    38.079    65.552    12.728    31.89    69.921    18.682    83.63    61.814    58.138    54.626    74.303    69.231    17.464    71.021    82.541    75.007    32.45    19.925    60.44    83.187    69.635    63.812    999999999999.0    55.082    76.609    75.664    
30    62.29    80.324    71.589    68.447    63.388    21.024    55.172    71.113    46.39    35.847    20.809    61.847    80.05    78.237    42.45    19.647    70.605    98.311    38.013    99.086    37.802    96.021    31.765    64.846    41.773    29.155    61.847    37.014    55.082    999999999999.0    65.765    101.533    
31    16.279    19.416    65.192    63.246    89.404    63.063    40.361    21.024    79.605    85.615    84.9    94.34    15.264    35.014    24.021    84.149    9.487    58.31    71.694    57.559    48.104    47.802    82.0    66.708    24.083    84.528    7.071    29.411    76.609    65.765    999999999999.0    56.515    
32    72.78    39.051    48.0    49.092    85.024    108.706    47.17    36.77    86.122    101.843    122.287    93.134    47.0    24.413    65.46    114.057    47.074    7.616    83.487    5.385    100.24    9.0    100.09    56.143    67.956    128.004    53.141    76.007    75.664    101.533    56.515    999999999999.0    


Demandas:
1: 0.0
2: 19.0
3: 21.0
4: 6.0
5: 19.0
6: 7.0
7: 12.0
8: 16.0
9: 6.0
10: 16.0
11: 8.0
12: 14.0
13: 21.0
14: 16.0
15: 3.0
16: 22.0
17: 18.0
18: 19.0
19: 1.0
20: 24.0
21: 8.0
22: 12.0
23: 4.0
24: 8.0
25: 24.0
26: 24.0
27: 2.0
28: 20.0
29: 15.0
30: 2.0
31: 14.0
32: 9.0
+-+-+-+-+-+-+-+-+-+-+-+-+-+-+-+ SOLUCION INICIAL +-+-+-+-+-+-+-+-+-+-+-+-+-+-+-+-

+-+-+-+-+-+-+-+-+-+-+-+-+-+-+-+-+-+-+-+-+-+-+-+-+- Iteracion 1  +-+-+-+-+-+-+-+-+-+-+-+-+-+-+-+-+-+-+-+-+-+-+-+-+-


La solución anterior duró 0min 0seg    -------> Nuevo optimo local. Costo: 1074.328       ==> Optimo: 784.0  Desvio: 37.0%
Lista tabu: []

+-+-+-+-+-+-+-+-+-+-+-+-+-+-+-+-+-+-+-+-+-+-+-+-+- Iteracion 2  +-+-+-+-+-+-+-+-+-+-+-+-+-+-+-+-+-+-+-+-+-+-+-+-+-


La solución anterior duró 0min 0seg    -------> Nuevo optimo local. Costo: 1025.148       ==> Optimo: 784.0  Desvio: 30.8%
Lista tabu: [((8,27,16.492),6), ((27,17,8.944),6), ((25,31,24.083),6), ((27,31,7.071),5)]

+-+-+-+-+-+-+-+-+-+-+-+-+-+-+-+-+-+-+-+-+-+-+-+-+- Iteracion 3  +-+-+-+-+-+-+-+-+-+-+-+-+-+-+-+-+-+-+-+-+-+-+-+-+-


La solución anterior duró 0min 0seg    -------> Nuevo optimo local. Costo: 985.468       ==> Optimo: 784.0  Desvio: 25.7%
Lista tabu: [((8,27,16.492),5), ((27,17,8.944),5), ((25,31,24.083),5), ((27,31,7.071),4), ((1,5,97.581),6), ((15,7,29.155),6), ((1,15,27.019),5)]

+-+-+-+-+-+-+-+-+-+-+-+-+-+-+-+-+-+-+-+-+-+-+-+-+- Iteracion 4  +-+-+-+-+-+-+-+-+-+-+-+-+-+-+-+-+-+-+-+-+-+-+-+-+-


La solución anterior duró 0min 0seg    -------> Nuevo optimo local. Costo: 983.71       ==> Optimo: 784.0  Desvio: 25.5%
Lista tabu: [((8,27,16.492),4), ((27,17,8.944),4), ((25,31,24.083),4), ((27,31,7.071),3), ((1,5,97.581),5), ((15,7,29.155),5), ((1,15,27.019),4), ((1,6,54.571),6), ((21,11,48.27),6), ((11,6,26.926),5)]

+-+-+-+-+-+-+-+-+-+-+-+-+-+-+-+-+-+-+-+-+-+-+-+-+- Iteracion 6  +-+-+-+-+-+-+-+-+-+-+-+-+-+-+-+-+-+-+-+-+-+-+-+-+-


La solución anterior duró 0min 0seg    -------> Nuevo optimo local. Costo: 973.884       ==> Optimo: 784.0  Desvio: 24.2%
Lista tabu: [((8,27,16.492),2), ((27,17,8.944),2), ((25,31,24.083),2), ((27,31,7.071),1), ((1,5,97.581),3), ((15,7,29.155),3), ((1,15,27.019),2), ((1,6,54.571),4), ((21,11,48.27),4), ((11,6,26.926),3), ((1,8,37.054),5), ((8,17,12.649),5), ((14,2,22.472),5), ((2,13,8.246),5), ((8,13,19.105),4), ((25,27,20.248),4), ((31,1,16.279),4), ((25,31,24.083),3)]

+-+-+-+-+-+-+-+-+-+-+-+-+-+-+-+-+-+-+-+-+-+-+-+-+- Iteracion 12  +-+-+-+-+-+-+-+-+-+-+-+-+-+-+-+-+-+-+-+-+-+-+-+-+-


La solución anterior duró 0min 0seg    -------> Nuevo optimo local. Costo: 970.129       ==> Optimo: 784.0  Desvio: 23.7%
Lista tabu: [((9,10,19.209),1), ((19,29,17.464),1), ((7,19,39.051),1), ((29,12,18.682),1), ((19,10,18.385),1), ((12,9,16.643),2), ((19,10,18.385),2), ((9,10,19.209),1), ((25,27,20.248),3), ((31,1,16.279),3), ((25,31,24.083),2), ((4,18,42.426),4), ((32,22,9.0),4), ((18,22,13.892),3)]

+-+-+-+-+-+-+-+-+-+-+-+-+-+-+-+-+-+-+-+-+-+-+-+-+- Iteracion 14  +-+-+-+-+-+-+-+-+-+-+-+-+-+-+-+-+-+-+-+-+-+-+-+-+-


La solución anterior duró 0min 0seg    -------> Nuevo optimo local. Costo: 966.94       ==> Optimo: 784.0  Desvio: 23.3%
Lista tabu: [((25,27,20.248),1), ((31,1,16.279),1), ((4,18,42.426),2), ((32,22,9.0),2), ((18,22,13.892),1), ((1,3,77.878),5), ((24,4,7.071),5), ((4,3,3.162),4), ((28,30,37.014),4), ((30,16,19.647),4), ((10,23,4.243),4), ((23,1,84.172),4), ((16,23,23.345),3)]

+-+-+-+-+-+-+-+-+-+-+-+-+-+-+-+-+-+-+-+-+-+-+-+-+- Iteracion 15  +-+-+-+-+-+-+-+-+-+-+-+-+-+-+-+-+-+-+-+-+-+-+-+-+-


La solución anterior duró 0min 0seg    -------> Nuevo optimo local. Costo: 949.233       ==> Optimo: 784.0  Desvio: 21.099999999999998%
Lista tabu: [((4,18,42.426),1), ((32,22,9.0),1), ((1,3,77.878),4), ((24,4,7.071),4), ((4,3,3.162),3), ((28,30,37.014),3), ((30,16,19.647),3), ((10,23,4.243),3), ((23,1,84.172),3), ((16,23,23.345),2), ((18,4,42.426),6), ((3,24,8.944),6), ((24,4,7.071),5)]

+-+-+-+-+-+-+-+-+-+-+-+-+-+-+-+-+-+-+-+-+-+-+-+-+- Iteracion 22  +-+-+-+-+-+-+-+-+-+-+-+-+-+-+-+-+-+-+-+-+-+-+-+-+-


La solución anterior duró 0min 0seg    -------> Nuevo optimo local. Costo: 927.98       ==> Optimo: 784.0  Desvio: 18.4%
Lista tabu: [((28,30,37.014),1), ((1,25,25.239),1), ((14,8,14.0),2), ((3,18,41.11),2), ((14,18,24.042),1), ((1,15,27.019),3), ((15,5,70.767),3), ((31,1,16.279),3), ((15,31,24.021),2), ((1,25,25.239),4), ((27,31,7.071),4), ((1,27,21.095),3)]

+-+-+-+-+-+-+-+-+-+-+-+-+-+-+-+-+-+-+-+-+-+-+-+-+- Iteracion 25  +-+-+-+-+-+-+-+-+-+-+-+-+-+-+-+-+-+-+-+-+-+-+-+-+-


La solución anterior duró 0min 0seg    -------> Nuevo optimo local. Costo: 869.136       ==> Optimo: 784.0  Desvio: 10.9%
Lista tabu: [((1,25,25.239),1), ((27,31,7.071),1), ((16,26,32.985),4), ((11,6,26.926),4), ((11,16,17.117),3), ((17,14,26.306),3), ((14,8,14.0),3), ((3,18,41.11),3), ((18,20,2.236),3), ((14,20,23.77),2), ((19,10,18.385),4), ((23,1,84.172),4), ((19,23,17.205),3)]

+-+-+-+-+-+-+-+-+-+-+-+-+-+-+-+-+-+-+-+-+-+-+-+-+- Iteracion 30  +-+-+-+-+-+-+-+-+-+-+-+-+-+-+-+-+-+-+-+-+-+-+-+-+-


La solución anterior duró 0min 0seg    -------> Nuevo optimo local. Costo: 844.761       ==> Optimo: 784.0  Desvio: 7.8%
Lista tabu: [((9,19,9.434),2), ((5,7,50.537),2), ((15,5,70.767),2), ((5,19,25.71),1), ((24,4,7.071),1), ((4,3,3.162),1), ((7,29,38.079),1), ((14,8,14.0),2), ((8,2,13.0),2), ((27,31,7.071),2), ((8,31,21.024),1), ((14,8,14.0),3), ((3,18,41.11),3), ((14,18,24.042),2), ((25,27,20.248),4), ((27,31,7.071),4), ((8,2,13.0),4), ((8,27,16.492),3)]

+-+-+-+-+-+-+-+-+-+-+-+-+-+-+-+-+-+-+-+-+-+-+-+-+- Iteracion 32  +-+-+-+-+-+-+-+-+-+-+-+-+-+-+-+-+-+-+-+-+-+-+-+-+-


La solución anterior duró 0min 0seg    -------> Nuevo optimo local. Costo: 838.499       ==> Optimo: 784.0  Desvio: 7.000000000000001%
Lista tabu: [((14,8,14.0),1), ((3,18,41.11),1), ((25,27,20.248),2), ((27,31,7.071),2), ((8,2,13.0),2), ((8,27,16.492),1), ((12,9,16.643),5), ((5,19,25.71),5), ((19,9,9.434),4), ((1,23,84.172),4), ((19,9,9.434),4), ((9,23,20.125),3)]

+-+-+-+-+-+-+-+-+-+-+-+-+-+-+-+-+-+-+-+-+-+-+-+-+- Iteracion 40  +-+-+-+-+-+-+-+-+-+-+-+-+-+-+-+-+-+-+-+-+-+-+-+-+-


La solución anterior duró 0min 0seg    -------> Nuevo optimo local. Costo: 837.227       ==> Optimo: 784.0  Desvio: 6.800000000000001%
Lista tabu: [((9,19,9.434),1), ((23,1,84.172),1), ((17,14,26.306),2), ((2,13,8.246),2), ((8,2,13.0),2), ((2,17,10.63),1), ((17,14,26.306),3), ((2,13,8.246),3), ((8,2,13.0),3), ((2,17,10.63),2), ((18,20,2.236),4), ((32,22,9.0),4), ((20,22,12.083),3)]

+-+-+-+-+-+-+-+-+-+-+-+-+-+-+-+-+-+-+-+-+-+-+-+-+- Iteracion 42  +-+-+-+-+-+-+-+-+-+-+-+-+-+-+-+-+-+-+-+-+-+-+-+-+-


La solución anterior duró 0min 0seg    -------> Nuevo optimo local. Costo: 835.105       ==> Optimo: 784.0  Desvio: 6.5%
Lista tabu: [((17,14,26.306),1), ((2,13,8.246),1), ((8,2,13.0),1), ((18,20,2.236),2), ((32,22,9.0),2), ((20,22,12.083),1), ((1,24,78.032),5), ((24,4,7.071),5), ((7,29,38.079),5), ((24,29,19.925),4), ((9,19,9.434),4), ((23,1,84.172),4), ((9,23,20.125),3)]

+-+-+-+-+-+-+-+-+-+-+-+-+-+-+-+-+-+-+-+-+-+-+-+-+- Iteracion 55  +-+-+-+-+-+-+-+-+-+-+-+-+-+-+-+-+-+-+-+-+-+-+-+-+-


La solución anterior duró 0min 0seg    -------> Nuevo optimo local. Costo: 830.92       ==> Optimo: 784.0  Desvio: 6.0%
Lista tabu: [((14,8,14.0),1), ((8,2,13.0),1), ((27,31,7.071),1), ((8,2,13.0),2), ((2,13,8.246),2), ((27,31,7.071),2), ((2,31,19.416),1), ((3,18,41.11),3), ((32,22,9.0),3), ((18,22,13.892),2), ((1,25,25.239),4), ((15,27,19.416),4), ((25,27,20.248),3)]

+-+-+-+-+-+-+-+-+-+-+-+-+-+-+-+-+-+-+-+-+-+-+-+-+- Iteracion 2026  +-+-+-+-+-+-+-+-+-+-+-+-+-+-+-+-+-+-+-+-+-+-+-+-+-


La solución anterior duró 0min 1seg    -------> Nuevo optimo local. Costo: 830.92       ==> Optimo: 784.0  Desvio: 6.0%
Lista tabu: [((1,23,84.172),1), ((23,10,4.243),1), ((30,16,19.647),1), ((1,23,84.172),2), ((9,29,12.728),2), ((12,9,16.643),2), ((23,9,20.125),1), ((29,24,19.925),3), ((24,7,26.401),3), ((4,3,3.162),3), ((3,24,8.944),2), ((14,2,22.472),4), ((18,20,2.236),4), ((14,20,23.77),3)]

+-+-+-+-+-+-+-+-+-+-+-+-+-+-+-+-+-+-+-+-+-+-+-+-+- Iteracion 3930  +-+-+-+-+-+-+-+-+-+-+-+-+-+-+-+-+-+-+-+-+-+-+-+-+-


+-+-+-+-+-+-+-+-+-+-+-+-+-+-+-+-+-+-+-+-+-+-+-+-+- Iteracion 3930  +-+-+-+-+-+-+-+-+-+-+-+-+-+-+-+-+-+-+-+-+-+-+-+-+-

Solucion peor. Costo: 911.3120000000001
Lista tabu: [((29,5,12.806),4), ((12,9,16.643),4), ((12,29,18.682),3)]

+-+-+-+-+-+-+-+-+-+-+-+-+-+-+-+-+-+-+-+-+-+-+-+-+- Iteracion 3931  +-+-+-+-+-+-+-+-+-+-+-+-+-+-+-+-+-+-+-+-+-+-+-+-+-


+-+-+-+-+-+-+-+-+-+-+-+-+-+-+-+-+-+-+-+-+-+-+-+-+- Iteracion 3931  +-+-+-+-+-+-+-+-+-+-+-+-+-+-+-+-+-+-+-+-+-+-+-+-+-

Solucion peor. Costo: 893.7470000000001
Lista tabu: [((29,5,12.806),3), ((12,9,16.643),3), ((12,29,18.682),2), ((3,18,41.11),6), ((8,7,27.514),6), ((3,7,26.249),5)]

+-+-+-+-+-+-+-+-+-+-+-+-+-+-+-+-+-+-+-+-+-+-+-+-+- Iteracion 3932  +-+-+-+-+-+-+-+-+-+-+-+-+-+-+-+-+-+-+-+-+-+-+-+-+-


+-+-+-+-+-+-+-+-+-+-+-+-+-+-+-+-+-+-+-+-+-+-+-+-+- Iteracion 3932  +-+-+-+-+-+-+-+-+-+-+-+-+-+-+-+-+-+-+-+-+-+-+-+-+-

Solucion peor. Costo: 886.0770000000001
Lista tabu: [((29,5,12.806),2), ((12,9,16.643),2), ((12,29,18.682),1), ((3,18,41.11),5), ((8,7,27.514),5), ((3,7,26.249),4), ((1,14,51.039),6), ((14,24,44.944),6), ((8,18,37.656),6), ((14,18,24.042),5)]

+-+-+-+-+-+-+-+-+-+-+-+-+-+-+-+-+-+-+-+-+-+-+-+-+- Iteracion 3949  +-+-+-+-+-+-+-+-+-+-+-+-+-+-+-+-+-+-+-+-+-+-+-+-+-


+-+-+-+-+-+-+-+-+-+-+-+-+-+-+-+-+-+-+-+-+-+-+-+-+- Iteracion 3949  +-+-+-+-+-+-+-+-+-+-+-+-+-+-+-+-+-+-+-+-+-+-+-+-+-

Solucion peor. Costo: 874.3130000000001
Lista tabu: [((29,12,18.682),1), ((19,10,18.385),1), ((7,8,27.514),2), ((8,2,13.0),2), ((31,14,35.014),2), ((14,18,24.042),2), ((8,31,21.024),1), ((1,4,75.584),3), ((4,3,3.162),3), ((1,24,78.032),3), ((24,4,7.071),2), ((3,7,26.249),4), ((7,8,27.514),4), ((24,29,19.925),4), ((29,12,18.682),4), ((3,29,28.792),3)]

+-+-+-+-+-+-+-+-+-+-+-+-+-+-+-+-+-+-+-+-+-+-+-+-+- Iteracion 3950  +-+-+-+-+-+-+-+-+-+-+-+-+-+-+-+-+-+-+-+-+-+-+-+-+-


+-+-+-+-+-+-+-+-+-+-+-+-+-+-+-+-+-+-+-+-+-+-+-+-+- Iteracion 3950  +-+-+-+-+-+-+-+-+-+-+-+-+-+-+-+-+-+-+-+-+-+-+-+-+-

Solucion peor. Costo: 868.0510000000002
Lista tabu: [((7,8,27.514),1), ((8,2,13.0),1), ((31,14,35.014),1), ((14,18,24.042),1), ((1,4,75.584),2), ((4,3,3.162),2), ((1,24,78.032),2), ((24,4,7.071),1), ((3,7,26.249),3), ((7,8,27.514),3), ((24,29,19.925),3), ((29,12,18.682),3), ((3,29,28.792),2), ((27,31,7.071),6), ((31,14,35.014),6), ((17,1,25.71),6), ((17,31,9.487),5)]

+-+-+-+-+-+-+-+-+-+-+-+-+-+-+-+-+-+-+-+-+-+-+-+-+- Iteracion 3964  +-+-+-+-+-+-+-+-+-+-+-+-+-+-+-+-+-+-+-+-+-+-+-+-+-


+-+-+-+-+-+-+-+-+-+-+-+-+-+-+-+-+-+-+-+-+-+-+-+-+- Iteracion 3964  +-+-+-+-+-+-+-+-+-+-+-+-+-+-+-+-+-+-+-+-+-+-+-+-+-

Solucion peor. Costo: 859.4100000000001
Lista tabu: [((1,4,75.584),1), ((4,3,3.162),1), ((29,24,19.925),1), ((24,1,78.032),1), ((14,18,24.042),2), ((22,1,64.031),2), ((14,22,17.804),1), ((7,8,27.514),3), ((8,2,13.0),3), ((27,14,30.265),3), ((8,27,16.492),2), ((7,8,27.514),4), ((8,2,13.0),4), ((15,17,28.16),4), ((17,31,9.487),4), ((8,31,21.024),3)]

+-+-+-+-+-+-+-+-+-+-+-+-+-+-+-+-+-+-+-+-+-+-+-+-+- Iteracion 3967  +-+-+-+-+-+-+-+-+-+-+-+-+-+-+-+-+-+-+-+-+-+-+-+-+-


+-+-+-+-+-+-+-+-+-+-+-+-+-+-+-+-+-+-+-+-+-+-+-+-+- Iteracion 3967  +-+-+-+-+-+-+-+-+-+-+-+-+-+-+-+-+-+-+-+-+-+-+-+-+-

Solucion peor. Costo: 853.9830000000002
Lista tabu: [((7,8,27.514),1), ((8,2,13.0),1), ((15,17,28.16),1), ((17,31,9.487),1), ((15,17,28.16),4), ((17,31,9.487),4), ((27,14,30.265),4), ((27,17,8.944),3), ((1,23,84.172),3), ((10,19,18.385),3), ((19,23,17.205),2), ((16,11,17.117),4), ((26,6,21.541),4), ((11,6,26.926),3)]

+-+-+-+-+-+-+-+-+-+-+-+-+-+-+-+-+-+-+-+-+-+-+-+-+- Iteracion 3970  +-+-+-+-+-+-+-+-+-+-+-+-+-+-+-+-+-+-+-+-+-+-+-+-+-


+-+-+-+-+-+-+-+-+-+-+-+-+-+-+-+-+-+-+-+-+-+-+-+-+- Iteracion 3970  +-+-+-+-+-+-+-+-+-+-+-+-+-+-+-+-+-+-+-+-+-+-+-+-+-

Solucion peor. Costo: 853.8000000000001
Lista tabu: [((15,17,28.16),1), ((17,31,9.487),1), ((27,14,30.265),1), ((16,11,17.117),1), ((26,6,21.541),1), ((3,7,26.249),4), ((7,8,27.514),4), ((24,1,78.032),4), ((24,7,26.401),3), ((27,17,8.944),3), ((17,14,26.306),3), ((1,25,25.239),3), ((17,25,29.155),2), ((9,12,16.643),4), ((29,24,19.925),4), ((5,29,12.806),4), ((9,29,12.728),3)]

+-+-+-+-+-+-+-+-+-+-+-+-+-+-+-+-+-+-+-+-+-+-+-+-+- Iteracion 3973  +-+-+-+-+-+-+-+-+-+-+-+-+-+-+-+-+-+-+-+-+-+-+-+-+-


+-+-+-+-+-+-+-+-+-+-+-+-+-+-+-+-+-+-+-+-+-+-+-+-+- Iteracion 3973  +-+-+-+-+-+-+-+-+-+-+-+-+-+-+-+-+-+-+-+-+-+-+-+-+-

Solucion peor. Costo: 851.937
Lista tabu: [((3,7,26.249),1), ((7,8,27.514),1), ((24,1,78.032),1), ((9,12,16.643),1), ((29,24,19.925),1), ((5,29,12.806),1), ((24,7,26.401),4), ((7,1,51.884),4), ((1,4,75.584),4), ((7,4,23.77),3), ((28,30,37.014),3), ((21,1,36.235),3), ((28,21,25.0),2), ((2,13,8.246),4), ((13,1,28.844),4), ((31,1,16.279),4), ((13,31,15.264),3)]

+-+-+-+-+-+-+-+-+-+-+-+-+-+-+-+-+-+-+-+-+-+-+-+-+- Iteracion 4298  +-+-+-+-+-+-+-+-+-+-+-+-+-+-+-+-+-+-+-+-+-+-+-+-+-


+-+-+-+-+-+-+-+-+-+-+-+-+-+-+-+-+-+-+-+-+-+-+-+-+- Iteracion 4298  +-+-+-+-+-+-+-+-+-+-+-+-+-+-+-+-+-+-+-+-+-+-+-+-+-

Solucion peor. Costo: 851.9369999999999
Lista tabu: [((3,8,48.083),1), ((8,2,13.0),1), ((14,18,24.042),1), ((18,20,2.236),1), ((1,25,25.239),2), ((27,31,7.071),2), ((1,27,21.095),1), ((27,31,7.071),3), ((8,2,13.0),3), ((2,27,19.416),2), ((7,4,23.77),4), ((4,3,3.162),4), ((24,1,78.032),4), ((24,4,7.071),3)]

+-+-+-+-+-+-+-+-+-+-+-+-+-+-+-+-+-+-+-+-+-+-+-+-+- Iteracion 4616  +-+-+-+-+-+-+-+-+-+-+-+-+-+-+-+-+-+-+-+-+-+-+-+-+-


+-+-+-+-+-+-+-+-+-+-+-+-+-+-+-+-+-+-+-+-+-+-+-+-+- Iteracion 4616  +-+-+-+-+-+-+-+-+-+-+-+-+-+-+-+-+-+-+-+-+-+-+-+-+-

Solucion peor. Costo: 856.2130000000001
Lista tabu: [((15,27,19.416),1), ((27,31,7.071),1), ((13,1,28.844),1), ((28,30,37.014),2), ((21,1,36.235),2), ((28,21,25.0),1), ((19,9,9.434),3), ((29,24,19.925),3), ((5,29,12.806),3), ((19,29,17.464),2), ((3,8,48.083),4), ((8,2,13.0),4), ((14,17,26.306),4), ((17,1,25.71),4), ((2,17,10.63),3)]

+-+-+-+-+-+-+-+-+-+-+-+-+-+-+-+-+-+-+-+-+-+-+-+-+- Iteracion 4639  +-+-+-+-+-+-+-+-+-+-+-+-+-+-+-+-+-+-+-+-+-+-+-+-+-


+-+-+-+-+-+-+-+-+-+-+-+-+-+-+-+-+-+-+-+-+-+-+-+-+- Iteracion 4639  +-+-+-+-+-+-+-+-+-+-+-+-+-+-+-+-+-+-+-+-+-+-+-+-+-

Solucion peor. Costo: 854.2400000000001
Lista tabu: [((27,31,7.071),1), ((8,2,13.0),1), ((1,25,25.239),2), ((27,31,7.071),2), ((25,31,24.083),1), ((14,17,26.306),3), ((17,1,25.71),3), ((27,31,7.071),3), ((17,31,9.487),2), ((4,3,3.162),4), ((3,8,48.083),4), ((29,24,19.925),4), ((24,1,78.032),4), ((3,29,28.792),3)]

+-+-+-+-+-+-+-+-+-+-+-+-+-+-+-+-+-+-+-+-+-+-+-+-+- Iteracion 4955  +-+-+-+-+-+-+-+-+-+-+-+-+-+-+-+-+-+-+-+-+-+-+-+-+-


+-+-+-+-+-+-+-+-+-+-+-+-+-+-+-+-+-+-+-+-+-+-+-+-+- Iteracion 4955  +-+-+-+-+-+-+-+-+-+-+-+-+-+-+-+-+-+-+-+-+-+-+-+-+-

Solucion peor. Costo: 1090.0600000000004
Lista tabu: [((12,19,26.077),4), ((19,9,9.434),4), ((3,29,28.792),4), ((19,29,17.464),3)]

+-+-+-+-+-+-+-+-+-+-+-+-+-+-+-+-+-+-+-+-+-+-+-+-+- Iteracion 4956  +-+-+-+-+-+-+-+-+-+-+-+-+-+-+-+-+-+-+-+-+-+-+-+-+-


+-+-+-+-+-+-+-+-+-+-+-+-+-+-+-+-+-+-+-+-+-+-+-+-+- Iteracion 4956  +-+-+-+-+-+-+-+-+-+-+-+-+-+-+-+-+-+-+-+-+-+-+-+-+-

Solucion peor. Costo: 1088.3930000000005
Lista tabu: [((12,19,26.077),3), ((19,9,9.434),3), ((3,29,28.792),3), ((19,29,17.464),2), ((17,25,29.155),6), ((2,27,19.416),6), ((27,25,20.248),5)]

+-+-+-+-+-+-+-+-+-+-+-+-+-+-+-+-+-+-+-+-+-+-+-+-+- Iteracion 4959  +-+-+-+-+-+-+-+-+-+-+-+-+-+-+-+-+-+-+-+-+-+-+-+-+-


+-+-+-+-+-+-+-+-+-+-+-+-+-+-+-+-+-+-+-+-+-+-+-+-+- Iteracion 4959  +-+-+-+-+-+-+-+-+-+-+-+-+-+-+-+-+-+-+-+-+-+-+-+-+-

Solucion peor. Costo: 1083.1010000000006
Lista tabu: [((17,25,29.155),3), ((2,27,19.416),3), ((27,25,20.248),2), ((3,19,41.11),4), ((19,29,17.464),4), ((4,5,36.014),4), ((19,5,25.71),3), ((1,18,74.545),3), ((22,8,28.653),3), ((32,22,9.0),3), ((18,22,13.892),2), ((31,2,19.416),4), ((2,17,10.63),4), ((22,8,28.653),4), ((8,1,37.054),4), ((2,22,30.067),3)]

+-+-+-+-+-+-+-+-+-+-+-+-+-+-+-+-+-+-+-+-+-+-+-+-+- Iteracion 4961  +-+-+-+-+-+-+-+-+-+-+-+-+-+-+-+-+-+-+-+-+-+-+-+-+-


+-+-+-+-+-+-+-+-+-+-+-+-+-+-+-+-+-+-+-+-+-+-+-+-+- Iteracion 4961  +-+-+-+-+-+-+-+-+-+-+-+-+-+-+-+-+-+-+-+-+-+-+-+-+-

Solucion peor. Costo: 1063.5960000000005
Lista tabu: [((17,25,29.155),1), ((2,27,19.416),1), ((3,19,41.11),2), ((19,29,17.464),2), ((4,5,36.014),2), ((19,5,25.71),1), ((1,18,74.545),1), ((22,8,28.653),1), ((32,22,9.0),1), ((31,2,19.416),2), ((2,17,10.63),2), ((22,8,28.653),2), ((8,1,37.054),2), ((2,22,30.067),1), ((15,31,24.021),5), ((17,1,25.71),5), ((15,17,28.16),4), ((19,5,25.71),4), ((5,12,8.544),4), ((3,29,28.792),4), ((5,29,12.806),3)]

+-+-+-+-+-+-+-+-+-+-+-+-+-+-+-+-+-+-+-+-+-+-+-+-+- Iteracion 4964  +-+-+-+-+-+-+-+-+-+-+-+-+-+-+-+-+-+-+-+-+-+-+-+-+-


+-+-+-+-+-+-+-+-+-+-+-+-+-+-+-+-+-+-+-+-+-+-+-+-+- Iteracion 4964  +-+-+-+-+-+-+-+-+-+-+-+-+-+-+-+-+-+-+-+-+-+-+-+-+-

Solucion peor. Costo: 1049.8650000000005
Lista tabu: [((15,31,24.021),2), ((17,1,25.71),2), ((15,17,28.16),1), ((19,5,25.71),1), ((5,12,8.544),1), ((3,29,28.792),1), ((9,10,19.209),4), ((19,5,25.71),4), ((4,19,38.419),4), ((19,10,18.385),3), ((25,15,3.0),3), ((15,17,28.16),3), ((7,1,51.884),3), ((7,15,29.155),2), ((9,19,9.434),4), ((3,29,28.792),4), ((9,29,12.728),3)]

+-+-+-+-+-+-+-+-+-+-+-+-+-+-+-+-+-+-+-+-+-+-+-+-+- Iteracion 4965  +-+-+-+-+-+-+-+-+-+-+-+-+-+-+-+-+-+-+-+-+-+-+-+-+-


+-+-+-+-+-+-+-+-+-+-+-+-+-+-+-+-+-+-+-+-+-+-+-+-+- Iteracion 4965  +-+-+-+-+-+-+-+-+-+-+-+-+-+-+-+-+-+-+-+-+-+-+-+-+-

Solucion peor. Costo: 1027.1550000000007
Lista tabu: [((15,31,24.021),1), ((17,1,25.71),1), ((9,10,19.209),3), ((19,5,25.71),3), ((4,19,38.419),3), ((19,10,18.385),2), ((25,15,3.0),2), ((15,17,28.16),2), ((7,1,51.884),2), ((7,15,29.155),1), ((9,19,9.434),3), ((3,29,28.792),3), ((9,29,12.728),2), ((6,11,26.926),6), ((26,30,29.155),6), ((30,11,20.809),5)]

+-+-+-+-+-+-+-+-+-+-+-+-+-+-+-+-+-+-+-+-+-+-+-+-+- Iteracion 4967  +-+-+-+-+-+-+-+-+-+-+-+-+-+-+-+-+-+-+-+-+-+-+-+-+-


+-+-+-+-+-+-+-+-+-+-+-+-+-+-+-+-+-+-+-+-+-+-+-+-+- Iteracion 4967  +-+-+-+-+-+-+-+-+-+-+-+-+-+-+-+-+-+-+-+-+-+-+-+-+-

Solucion peor. Costo: 974.744
Lista tabu: [((9,10,19.209),1), ((19,5,25.71),1), ((4,19,38.419),1), ((9,19,9.434),1), ((3,29,28.792),1), ((6,11,26.926),4), ((26,30,29.155),4), ((30,11,20.809),3), ((19,10,18.385),5), ((23,1,84.172),5), ((16,23,23.345),5), ((19,23,17.205),4), ((30,11,20.809),4), ((26,6,21.541),4), ((26,30,29.155),3)]

+-+-+-+-+-+-+-+-+-+-+-+-+-+-+-+-+-+-+-+-+-+-+-+-+- Iteracion 4968  +-+-+-+-+-+-+-+-+-+-+-+-+-+-+-+-+-+-+-+-+-+-+-+-+-


+-+-+-+-+-+-+-+-+-+-+-+-+-+-+-+-+-+-+-+-+-+-+-+-+- Iteracion 4968  +-+-+-+-+-+-+-+-+-+-+-+-+-+-+-+-+-+-+-+-+-+-+-+-+-

Solucion peor. Costo: 955.5600000000001
Lista tabu: [((6,11,26.926),3), ((26,30,29.155),3), ((30,11,20.809),2), ((19,10,18.385),4), ((23,1,84.172),4), ((16,23,23.345),4), ((19,23,17.205),3), ((30,11,20.809),3), ((26,6,21.541),3), ((26,30,29.155),2), ((1,4,75.584),6), ((4,5,36.014),6), ((3,29,28.792),6), ((29,24,19.925),6), ((4,3,3.162),5)]

+-+-+-+-+-+-+-+-+-+-+-+-+-+-+-+-+-+-+-+-+-+-+-+-+- Iteracion 4970  +-+-+-+-+-+-+-+-+-+-+-+-+-+-+-+-+-+-+-+-+-+-+-+-+-


+-+-+-+-+-+-+-+-+-+-+-+-+-+-+-+-+-+-+-+-+-+-+-+-+- Iteracion 4970  +-+-+-+-+-+-+-+-+-+-+-+-+-+-+-+-+-+-+-+-+-+-+-+-+-

Solucion peor. Costo: 953.4820000000001
Lista tabu: [((6,11,26.926),1), ((26,30,29.155),1), ((19,10,18.385),2), ((23,1,84.172),2), ((16,23,23.345),2), ((19,23,17.205),1), ((30,11,20.809),1), ((26,6,21.541),1), ((1,4,75.584),4), ((4,5,36.014),4), ((3,29,28.792),4), ((29,24,19.925),4), ((4,3,3.162),3), ((17,2,10.63),5), ((2,31,19.416),5), ((13,3,67.179),5), ((13,2,8.246),4), ((9,19,9.434),4), ((10,16,26.019),4), ((23,10,4.243),4), ((9,10,19.209),3)]

+-+-+-+-+-+-+-+-+-+-+-+-+-+-+-+-+-+-+-+-+-+-+-+-+- Iteracion 4971  +-+-+-+-+-+-+-+-+-+-+-+-+-+-+-+-+-+-+-+-+-+-+-+-+-


+-+-+-+-+-+-+-+-+-+-+-+-+-+-+-+-+-+-+-+-+-+-+-+-+- Iteracion 4971  +-+-+-+-+-+-+-+-+-+-+-+-+-+-+-+-+-+-+-+-+-+-+-+-+-

Solucion peor. Costo: 937.782
Lista tabu: [((19,10,18.385),1), ((23,1,84.172),1), ((16,23,23.345),1), ((1,4,75.584),3), ((4,5,36.014),3), ((3,29,28.792),3), ((29,24,19.925),3), ((4,3,3.162),2), ((17,2,10.63),4), ((2,31,19.416),4), ((13,3,67.179),4), ((13,2,8.246),3), ((9,19,9.434),3), ((10,16,26.019),3), ((23,10,4.243),3), ((9,10,19.209),2), ((13,2,8.246),6), ((2,3,60.308),6), ((22,8,28.653),6), ((8,1,37.054),6), ((2,22,30.067),5)]

+-+-+-+-+-+-+-+-+-+-+-+-+-+-+-+-+-+-+-+-+-+-+-+-+- Iteracion 4980  +-+-+-+-+-+-+-+-+-+-+-+-+-+-+-+-+-+-+-+-+-+-+-+-+-


+-+-+-+-+-+-+-+-+-+-+-+-+-+-+-+-+-+-+-+-+-+-+-+-+- Iteracion 4980  +-+-+-+-+-+-+-+-+-+-+-+-+-+-+-+-+-+-+-+-+-+-+-+-+-

Solucion peor. Costo: 936.364
Lista tabu: [((1,13,28.844),1), ((13,8,19.105),1), ((17,27,8.944),1), ((27,25,20.248),1), ((8,3,48.083),2), ((7,1,51.884),2), ((8,7,27.514),1), ((8,3,48.083),3), ((7,1,51.884),3), ((8,7,27.514),2), ((22,2,30.067),4), ((2,1,34.928),4), ((17,27,8.944),4), ((2,27,19.416),3)]

+-+-+-+-+-+-+-+-+-+-+-+-+-+-+-+-+-+-+-+-+-+-+-+-+- Iteracion 4982  +-+-+-+-+-+-+-+-+-+-+-+-+-+-+-+-+-+-+-+-+-+-+-+-+-


+-+-+-+-+-+-+-+-+-+-+-+-+-+-+-+-+-+-+-+-+-+-+-+-+- Iteracion 4982  +-+-+-+-+-+-+-+-+-+-+-+-+-+-+-+-+-+-+-+-+-+-+-+-+-

Solucion peor. Costo: 926.783
Lista tabu: [((8,3,48.083),1), ((7,1,51.884),1), ((22,2,30.067),2), ((2,1,34.928),2), ((17,27,8.944),2), ((2,27,19.416),1), ((25,15,3.0),5), ((15,28,10.77),5), ((7,1,51.884),5), ((7,15,29.155),4), ((17,27,8.944),4), ((13,8,19.105),4), ((8,17,12.649),3)]

+-+-+-+-+-+-+-+-+-+-+-+-+-+-+-+-+-+-+-+-+-+-+-+-+- Iteracion 4987  +-+-+-+-+-+-+-+-+-+-+-+-+-+-+-+-+-+-+-+-+-+-+-+-+-


+-+-+-+-+-+-+-+-+-+-+-+-+-+-+-+-+-+-+-+-+-+-+-+-+- Iteracion 4987  +-+-+-+-+-+-+-+-+-+-+-+-+-+-+-+-+-+-+-+-+-+-+-+-+-

Solucion peor. Costo: 903.775
Lista tabu: [((20,14,23.77),2), ((32,22,9.0),2), ((14,22,17.804),1), ((9,19,9.434),1), ((10,16,26.019),1), ((23,10,4.243),1), ((27,25,20.248),2), ((28,31,29.411),2), ((25,31,24.083),1), ((7,15,29.155),3), ((15,1,27.019),3), ((25,28,8.062),3), ((28,15,10.77),2), ((13,8,19.105),4), ((8,3,48.083),4), ((1,2,34.928),4), ((2,22,30.067),4), ((13,2,8.246),3)]

+-+-+-+-+-+-+-+-+-+-+-+-+-+-+-+-+-+-+-+-+-+-+-+-+- Iteracion 4988  +-+-+-+-+-+-+-+-+-+-+-+-+-+-+-+-+-+-+-+-+-+-+-+-+-


+-+-+-+-+-+-+-+-+-+-+-+-+-+-+-+-+-+-+-+-+-+-+-+-+- Iteracion 4988  +-+-+-+-+-+-+-+-+-+-+-+-+-+-+-+-+-+-+-+-+-+-+-+-+-

Solucion peor. Costo: 900.1089999999999
Lista tabu: [((20,14,23.77),1), ((32,22,9.0),1), ((27,25,20.248),1), ((28,31,29.411),1), ((7,15,29.155),2), ((15,1,27.019),2), ((25,28,8.062),2), ((28,15,10.77),1), ((13,8,19.105),3), ((8,3,48.083),3), ((1,2,34.928),3), ((2,22,30.067),3), ((13,2,8.246),2), ((2,22,30.067),6), ((14,32,24.413),6), ((2,14,22.472),5)]

+-+-+-+-+-+-+-+-+-+-+-+-+-+-+-+-+-+-+-+-+-+-+-+-+- Iteracion 4995  +-+-+-+-+-+-+-+-+-+-+-+-+-+-+-+-+-+-+-+-+-+-+-+-+-


+-+-+-+-+-+-+-+-+-+-+-+-+-+-+-+-+-+-+-+-+-+-+-+-+- Iteracion 4995  +-+-+-+-+-+-+-+-+-+-+-+-+-+-+-+-+-+-+-+-+-+-+-+-+-

Solucion peor. Costo: 880.4369999999999
Lista tabu: [((1,17,25.71),1), ((27,25,20.248),1), ((1,30,62.29),2), ((6,21,21.378),2), ((26,6,21.541),2), ((30,6,21.024),1), ((22,32,9.0),3), ((20,18,2.236),3), ((22,20,12.083),2), ((1,29,84.865),4), ((12,9,16.643),4), ((9,29,12.728),3)]

+-+-+-+-+-+-+-+-+-+-+-+-+-+-+-+-+-+-+-+-+-+-+-+-+- Iteracion 5000  +-+-+-+-+-+-+-+-+-+-+-+-+-+-+-+-+-+-+-+-+-+-+-+-+-


+-+-+-+-+-+-+-+-+-+-+-+-+-+-+-+-+-+-+-+-+-+-+-+-+- Iteracion 5000  +-+-+-+-+-+-+-+-+-+-+-+-+-+-+-+-+-+-+-+-+-+-+-+-+-

Solucion peor. Costo: 875.4570000000001
Lista tabu: [((1,17,25.71),2), ((28,31,29.411),2), ((31,17,9.487),1), ((1,31,16.279),1), ((17,27,8.944),1), ((13,8,19.105),2), ((31,17,9.487),2), ((13,17,10.05),1), ((18,1,74.545),3), ((22,32,9.0),3), ((14,22,17.804),3), ((18,22,13.892),2), ((3,4,3.162),4), ((4,24,7.071),4), ((1,29,84.865),4), ((4,29,26.926),3)]

+-+-+-+-+-+-+-+-+-+-+-+-+-+-+-+-+-+-+-+-+-+-+-+-+- Iteracion 5023  +-+-+-+-+-+-+-+-+-+-+-+-+-+-+-+-+-+-+-+-+-+-+-+-+-


+-+-+-+-+-+-+-+-+-+-+-+-+-+-+-+-+-+-+-+-+-+-+-+-+- Iteracion 5023  +-+-+-+-+-+-+-+-+-+-+-+-+-+-+-+-+-+-+-+-+-+-+-+-+-

Solucion peor. Costo: 873.3350000000002
Lista tabu: [((2,3,60.308),1), ((17,27,8.944),1), ((7,15,29.155),2), ((15,1,27.019),2), ((1,31,16.279),2), ((15,31,24.021),1), ((27,25,20.248),3), ((28,1,25.962),3), ((28,27,26.926),2), ((1,13,28.844),4), ((13,2,8.246),4), ((31,17,9.487),4), ((13,31,15.264),3)]

+-+-+-+-+-+-+-+-+-+-+-+-+-+-+-+-+-+-+-+-+-+-+-+-+- Iteracion 5094  +-+-+-+-+-+-+-+-+-+-+-+-+-+-+-+-+-+-+-+-+-+-+-+-+-


+-+-+-+-+-+-+-+-+-+-+-+-+-+-+-+-+-+-+-+-+-+-+-+-+- Iteracion 5094  +-+-+-+-+-+-+-+-+-+-+-+-+-+-+-+-+-+-+-+-+-+-+-+-+-

Solucion peor. Costo: 869.0590000000002
Lista tabu: [((25,28,8.062),1), ((28,1,25.962),1), ((21,1,36.235),1), ((31,17,9.487),2), ((27,15,19.416),2), ((27,31,7.071),1), ((17,27,8.944),3), ((27,15,19.416),3), ((1,13,28.844),3), ((13,27,18.248),2), ((1,31,16.279),4), ((17,27,8.944),4), ((1,17,25.71),3)]

+-+-+-+-+-+-+-+-+-+-+-+-+-+-+-+-+-+-+-+-+-+-+-+-+- Iteracion 5097  +-+-+-+-+-+-+-+-+-+-+-+-+-+-+-+-+-+-+-+-+-+-+-+-+-


+-+-+-+-+-+-+-+-+-+-+-+-+-+-+-+-+-+-+-+-+-+-+-+-+- Iteracion 5097  +-+-+-+-+-+-+-+-+-+-+-+-+-+-+-+-+-+-+-+-+-+-+-+-+-

Solucion peor. Costo: 867.5360000000001
Lista tabu: [((1,31,16.279),1), ((17,27,8.944),1), ((14,22,17.804),4), ((18,1,74.545),4), ((14,18,24.042),3), ((1,31,16.279),3), ((27,15,19.416),3), ((1,27,21.095),2), ((4,24,7.071),4), ((24,7,26.401),4), ((1,29,84.865),4), ((24,29,19.925),3)]

+-+-+-+-+-+-+-+-+-+-+-+-+-+-+-+-+-+-+-+-+-+-+-+-+- Iteracion 5105  +-+-+-+-+-+-+-+-+-+-+-+-+-+-+-+-+-+-+-+-+-+-+-+-+-


+-+-+-+-+-+-+-+-+-+-+-+-+-+-+-+-+-+-+-+-+-+-+-+-+- Iteracion 5105  +-+-+-+-+-+-+-+-+-+-+-+-+-+-+-+-+-+-+-+-+-+-+-+-+-

Solucion peor. Costo: 866.2690000000001
Lista tabu: [((9,10,19.209),1), ((23,19,17.205),1), ((17,27,8.944),2), ((25,28,8.062),2), ((25,17,29.155),1), ((1,8,37.054),3), ((8,14,14.0),3), ((31,17,9.487),3), ((17,27,8.944),3), ((8,31,21.024),2), ((31,17,9.487),4), ((27,15,19.416),4), ((15,17,28.16),3)]

+-+-+-+-+-+-+-+-+-+-+-+-+-+-+-+-+-+-+-+-+-+-+-+-+- Iteracion 5408  +-+-+-+-+-+-+-+-+-+-+-+-+-+-+-+-+-+-+-+-+-+-+-+-+-


+-+-+-+-+-+-+-+-+-+-+-+-+-+-+-+-+-+-+-+-+-+-+-+-+- Iteracion 5408  +-+-+-+-+-+-+-+-+-+-+-+-+-+-+-+-+-+-+-+-+-+-+-+-+-

Solucion peor. Costo: 882.039
Lista tabu: [((27,15,19.416),4), ((15,25,3.0),4), ((7,1,51.884),4), ((7,15,29.155),3)]

+-+-+-+-+-+-+-+-+-+-+-+-+-+-+-+-+-+-+-+-+-+-+-+-+- Iteracion 5410  +-+-+-+-+-+-+-+-+-+-+-+-+-+-+-+-+-+-+-+-+-+-+-+-+-


+-+-+-+-+-+-+-+-+-+-+-+-+-+-+-+-+-+-+-+-+-+-+-+-+- Iteracion 5410  +-+-+-+-+-+-+-+-+-+-+-+-+-+-+-+-+-+-+-+-+-+-+-+-+-

Solucion peor. Costo: 878.649
Lista tabu: [((27,15,19.416),2), ((15,25,3.0),2), ((7,1,51.884),2), ((7,15,29.155),1), ((3,24,8.944),5), ((24,7,26.401),5), ((29,4,26.926),5), ((4,1,75.584),5), ((24,29,19.925),4), ((27,25,20.248),4), ((28,1,25.962),4), ((28,27,26.926),3)]

+-+-+-+-+-+-+-+-+-+-+-+-+-+-+-+-+-+-+-+-+-+-+-+-+- Iteracion 5419  +-+-+-+-+-+-+-+-+-+-+-+-+-+-+-+-+-+-+-+-+-+-+-+-+-


+-+-+-+-+-+-+-+-+-+-+-+-+-+-+-+-+-+-+-+-+-+-+-+-+- Iteracion 5419  +-+-+-+-+-+-+-+-+-+-+-+-+-+-+-+-+-+-+-+-+-+-+-+-+-

Solucion peor. Costo: 876.527
Lista tabu: [((31,17,9.487),1), ((27,25,20.248),1), ((18,20,2.236),2), ((32,22,9.0),2), ((22,20,12.083),1), ((17,27,8.944),3), ((27,25,20.248),3), ((1,8,37.054),3), ((8,27,16.492),2), ((1,31,16.279),4), ((27,25,20.248),4), ((1,27,21.095),3)]

+-+-+-+-+-+-+-+-+-+-+-+-+-+-+-+-+-+-+-+-+-+-+-+-+- Iteracion 5424  +-+-+-+-+-+-+-+-+-+-+-+-+-+-+-+-+-+-+-+-+-+-+-+-+-


+-+-+-+-+-+-+-+-+-+-+-+-+-+-+-+-+-+-+-+-+-+-+-+-+- Iteracion 5424  +-+-+-+-+-+-+-+-+-+-+-+-+-+-+-+-+-+-+-+-+-+-+-+-+-

Solucion peor. Costo: 867.1020000000001
Lista tabu: [((7,15,29.155),2), ((15,1,27.019),2), ((27,25,20.248),2), ((27,15,19.416),1), ((1,8,37.054),1), ((8,14,14.0),1), ((13,2,8.246),1), ((2,3,60.308),1), ((14,18,24.042),2), ((13,2,8.246),2), ((2,14,22.472),1), ((30,16,19.647),3), ((16,11,17.117),3), ((23,10,4.243),3), ((16,10,26.019),2), ((3,4,3.162),4), ((4,24,7.071),4), ((29,1,84.865),4), ((29,4,26.926),3)]

+-+-+-+-+-+-+-+-+-+-+-+-+-+-+-+-+-+-+-+-+-+-+-+-+- Iteracion 5432  +-+-+-+-+-+-+-+-+-+-+-+-+-+-+-+-+-+-+-+-+-+-+-+-+-


+-+-+-+-+-+-+-+-+-+-+-+-+-+-+-+-+-+-+-+-+-+-+-+-+- Iteracion 5432  +-+-+-+-+-+-+-+-+-+-+-+-+-+-+-+-+-+-+-+-+-+-+-+-+-

Solucion peor. Costo: 865.1030000000001
Lista tabu: [((1,31,16.279),1), ((25,28,8.062),1), ((4,24,7.071),2), ((5,29,12.806),2), ((29,4,26.926),1), ((1,31,16.279),3), ((27,15,19.416),3), ((1,27,21.095),2), ((14,18,24.042),4), ((20,32,5.385),4), ((20,14,23.77),3)]

+-+-+-+-+-+-+-+-+-+-+-+-+-+-+-+-+-+-+-+-+-+-+-+-+- Iteracion 5733  +-+-+-+-+-+-+-+-+-+-+-+-+-+-+-+-+-+-+-+-+-+-+-+-+-


+-+-+-+-+-+-+-+-+-+-+-+-+-+-+-+-+-+-+-+-+-+-+-+-+- Iteracion 5733  +-+-+-+-+-+-+-+-+-+-+-+-+-+-+-+-+-+-+-+-+-+-+-+-+-

Solucion peor. Costo: 904.2450000000001
Lista tabu: [((8,14,14.0),4), ((14,18,24.042),4), ((17,27,8.944),4), ((17,14,26.306),3)]

+-+-+-+-+-+-+-+-+-+-+-+-+-+-+-+-+-+-+-+-+-+-+-+-+- Iteracion 5746  +-+-+-+-+-+-+-+-+-+-+-+-+-+-+-+-+-+-+-+-+-+-+-+-+-


+-+-+-+-+-+-+-+-+-+-+-+-+-+-+-+-+-+-+-+-+-+-+-+-+- Iteracion 5746  +-+-+-+-+-+-+-+-+-+-+-+-+-+-+-+-+-+-+-+-+-+-+-+-+-

Solucion peor. Costo: 892.7019999999999
