+-+-+-+-+-+-+-+-+-+-+-+-+-+-+ GRAFO CARGADO +-+-+-+-+-+-+-+-+-+-+-+-+-+-+-
        1         2         3         4         5         6         7         8         9         10        11        12        13        14        15        16        17        18        19        20        21        22        23        24        25        26        27        28        29        30        31        32
1     999999999999.0    34.928    77.878    75.584    97.581    54.571    51.884    37.054    85.604    88.142    79.228    101.415    28.844    51.039    27.019    81.744    25.71    74.545    76.844    73.824    36.235    64.031    84.172    78.032    25.239    75.961    21.095    25.962    84.865    62.29    16.279    72.78    
2     34.928    999999999999.0    60.308    59.203    90.874    80.709    40.497    13.0    84.404    94.133    100.464    97.144    8.246    22.472    38.079    97.293    10.63    42.297    77.929    41.11    67.209    30.067    91.022    64.351    39.357    101.872    19.416    46.325    78.549    80.324    19.416    39.051    
3     77.878    60.308    999999999999.0    3.162    37.054    86.585    26.249    48.083    40.706    58.822    90.211    45.277    67.179    39.446    55.109    77.466    59.666    41.11    41.11    43.046    88.0    48.836    58.258    8.944    58.052    100.722    58.31    64.382    28.792    71.589    65.192    48.0    
4     75.584    59.203    3.162    999999999999.0    36.014    83.433    23.77    46.755    38.484    56.303    87.132    44.045    65.856    38.91    52.393    74.518    58.052    42.426    38.419    44.283    85.006    49.366    55.606    7.071    55.317    97.576    56.303    61.522    26.926    68.447    63.246    49.092    
5     97.581    90.874    37.054    36.014    999999999999.0    83.546    50.537    77.878    17.029    33.838    75.664    8.544    96.177    73.246    70.767    59.228    86.954    78.16    25.71    80.1    93.622    85.288    35.903    29.069    73.0    90.089    82.42    76.026    12.806    63.388    89.404    85.024    
6     54.571    80.709    86.585    83.433    83.546    999999999999.0    65.742    74.33    66.708    56.824    26.926    82.565    78.294    84.386    43.863    36.878    70.178    106.832    57.871    107.201    21.378    101.912    52.773    81.049    41.869    21.541    61.294    34.409    74.243    21.024    63.063    108.706    
7     51.884    40.497    26.249    23.77    50.537    65.742    999999999999.0    27.514    44.407    56.719    75.69    56.648    45.651    26.476    29.155    66.888    36.62    43.278    39.051    44.204    63.506    43.081    54.342    26.401    32.14    83.006    33.302    39.013    38.079    55.172    40.361    47.17    
8     37.054    13.0    48.083    46.755    77.878    74.33    27.514    999999999999.0    71.589    82.0    91.706    84.155    19.105    14.0    30.48    86.977    12.649    37.656    65.376    37.108    63.812    28.653    79.057    51.614    32.527    94.81    16.492    40.361    65.552    71.113    21.024    36.77    
9     85.604    84.404    40.706    38.484    17.029    66.708    44.407    71.589    999999999999.0    19.209    59.034    16.643    88.544    70.007    58.6    43.012    78.772    80.081    9.434    81.744    77.827    84.593    20.125    31.765    60.44    73.171    72.918    62.241    12.728    46.39    79.605    86.122    
10    88.142    94.133    58.822    56.303    33.838    56.824    56.719    82.0    19.209    999999999999.0    43.012    29.155    96.876    83.187    62.298    26.019    86.833    96.385    18.385    97.862    72.25    99.202    4.243    50.0    63.325    58.421    79.624    62.65    31.89    35.847    85.615    101.843    
11    79.228    100.464    90.211    87.132    75.664    26.926    75.69    91.706    59.034    43.012    999999999999.0    72.028    99.624    99.045    62.394    17.117    90.477    118.929    52.498    119.754    48.27    116.829    40.05    82.765    61.351    16.155    81.597    55.543    69.921    20.809    84.9    122.287    
12    101.415    97.144    45.277    44.045    8.544    82.565    56.648    84.155    16.643    29.155    72.028    999999999999.0    102.044    80.411    74.411    55.145    92.574    86.371    26.077    88.278    94.414    93.086    32.0    37.014    76.42    87.092    87.464    78.645    18.682    61.847    94.34    93.134    
13    28.844    8.246    67.179    65.856    96.177    78.294    45.651    19.105    88.544    96.876    99.624    102.044    999999999999.0    30.414    37.656    97.867    10.05    50.488    81.492    49.254    63.127    38.0    93.536    70.605    38.328    99.73    18.248    44.385    83.63    80.05    15.264    47.0    
14    51.039    22.472    39.446    38.91    73.246    84.386    26.476    14.0    70.007    83.187    99.045    80.411    30.414    999999999999.0    41.049    92.136    26.306    24.042    65.376    23.77    76.026    17.804    80.808    44.944    43.566    103.966    30.265    51.624    61.814    78.237    35.014    24.413    
15    27.019    38.079    55.109    52.393    70.767    43.863    29.155    30.48    58.6    62.298    62.394    74.411    37.656    41.049    999999999999.0    60.299    28.16    64.413    49.93    64.498    35.735    58.258    58.523    53.488    3.0    64.405    19.416    10.77    58.138    42.45    24.021    65.46    
16    81.744    97.293    77.466    74.518    59.228    36.878    66.888    86.977    43.012    26.019    17.117    55.145    97.867    92.136    60.299    999999999999.0    88.119    109.859    37.59    110.941    56.436    109.59    23.345    69.405    60.075    32.985    79.63    56.143    54.626    19.647    84.149    114.057    
17    25.71    10.63    59.666    58.052    86.954    70.178    36.62    12.649    78.772    86.833    90.477    92.574    10.05    26.306    28.16    88.119    999999999999.0    49.092    71.568    48.26    56.639    38.328    83.487    62.29    29.155    91.417    8.944    35.847    74.303    70.605    9.487    47.074    
18    74.545    42.297    41.11    42.426    78.16    106.832    43.278    37.656    80.081    96.385    118.929    86.371    50.488    24.042    64.413    109.859    49.092    999999999999.0    78.0    2.236    99.81    13.892    94.847    49.497    67.082    125.495    54.129    75.133    69.231    98.311    58.31    7.616    
19    76.844    77.929    41.11    38.419    25.71    57.871    39.051    65.376    9.434    18.385    52.498    26.077    81.492    65.376    49.93    37.59    71.568    78.0    999999999999.0    79.48    68.425    81.025    17.205    32.527    51.614    65.765    65.192    53.038    17.464    38.013    71.694    83.487    
20    73.824    41.11    43.046    44.283    80.1    107.201    44.204    37.108    81.744    97.862    119.754    88.278    49.254    23.77    64.498    110.941    48.26    2.236    79.48    999999999999.0    99.745    12.083    96.255    51.352    67.119    126.063    53.6    75.18    71.021    99.086    57.559    5.385    
21    36.235    67.209    88.0    85.006    93.622    21.378    63.506    63.812    77.827    72.25    48.27    94.414    63.127    76.026    35.735    56.436    56.639    99.81    68.425    99.745    999999999999.0    92.439    68.015    84.38    32.894    41.195    48.415    25.0    82.541    37.802    48.104    100.24    
22    64.031    30.067    48.836    49.366    85.288    101.912    43.081    28.653    84.593    99.202    116.829    93.086    38.0    17.804    58.258    109.59    38.328    13.892    81.025    12.083    92.439    999999999999.0    97.124    56.223    60.605    121.696    44.777    68.6    75.007    96.021    47.802    9.0    
23    84.172    91.022    58.258    55.606    35.903    52.773    54.342    79.057    20.125    4.243    40.05    32.0    93.536    80.808    58.523    23.345    83.487    94.847    17.205    96.255    68.015    97.124    999999999999.0    49.578    59.464    55.145    76.118    58.592    32.45    31.765    82.0    100.09    
24    78.032    64.351    8.944    7.071    29.069    81.049    26.401    51.614    31.765    50.0    82.765    37.014    70.605    44.944    53.488    69.405    62.29    49.497    32.527    51.352    84.38    56.223    49.578    999999999999.0    56.303    93.984    59.666    61.847    19.925    64.846    66.708    56.143    
25    25.239    39.357    58.052    55.317    73.0    41.869    32.14    32.527    60.44    63.325    61.351    76.42    38.328    43.566    3.0    60.075    29.155    67.082    51.614    67.119    32.894    60.605    59.464    56.303    999999999999.0    62.682    20.248    8.062    60.44    41.773    24.083    67.956    
26    75.961    101.872    100.722    97.576    90.089    21.541    83.006    94.81    73.171    58.421    16.155    87.092    99.73    103.966    64.405    32.985    91.417    125.495    65.765    126.063    41.195    121.696    55.145    93.984    62.682    999999999999.0    82.492    55.57    83.187    29.155    84.528    128.004    
27    21.095    19.416    58.31    56.303    82.42    61.294    33.302    16.492    72.918    79.624    81.597    87.464    18.248    30.265    19.416    79.63    8.944    54.129    65.192    53.6    48.415    44.777    76.118    59.666    20.248    82.492    999999999999.0    26.926    69.635    61.847    7.071    53.141    
28    25.962    46.325    64.382    61.522    76.026    34.409    39.013    40.361    62.241    62.65    55.543    78.645    44.385    51.624    10.77    56.143    35.847    75.133    53.038    75.18    25.0    68.6    58.592    61.847    8.062    55.57    26.926    999999999999.0    63.812    37.014    29.411    76.007    
29    84.865    78.549    28.792    26.926    12.806    74.243    38.079    65.552    12.728    31.89    69.921    18.682    83.63    61.814    58.138    54.626    74.303    69.231    17.464    71.021    82.541    75.007    32.45    19.925    60.44    83.187    69.635    63.812    999999999999.0    55.082    76.609    75.664    
30    62.29    80.324    71.589    68.447    63.388    21.024    55.172    71.113    46.39    35.847    20.809    61.847    80.05    78.237    42.45    19.647    70.605    98.311    38.013    99.086    37.802    96.021    31.765    64.846    41.773    29.155    61.847    37.014    55.082    999999999999.0    65.765    101.533    
31    16.279    19.416    65.192    63.246    89.404    63.063    40.361    21.024    79.605    85.615    84.9    94.34    15.264    35.014    24.021    84.149    9.487    58.31    71.694    57.559    48.104    47.802    82.0    66.708    24.083    84.528    7.071    29.411    76.609    65.765    999999999999.0    56.515    
32    72.78    39.051    48.0    49.092    85.024    108.706    47.17    36.77    86.122    101.843    122.287    93.134    47.0    24.413    65.46    114.057    47.074    7.616    83.487    5.385    100.24    9.0    100.09    56.143    67.956    128.004    53.141    76.007    75.664    101.533    56.515    999999999999.0    


Demandas:
1: 0.0
2: 19.0
3: 21.0
4: 6.0
5: 19.0
6: 7.0
7: 12.0
8: 16.0
9: 6.0
10: 16.0
11: 8.0
12: 14.0
13: 21.0
14: 16.0
15: 3.0
16: 22.0
17: 18.0
18: 19.0
19: 1.0
20: 24.0
21: 8.0
22: 12.0
23: 4.0
24: 8.0
25: 24.0
26: 24.0
27: 2.0
28: 20.0
29: 15.0
30: 2.0
31: 14.0
32: 9.0
+-+-+-+-+-+-+-+-+-+-+-+-+-+-+-+ SOLUCION INICIAL +-+-+-+-+-+-+-+-+-+-+-+-+-+-+-+-

+-+-+-+-+-+-+-+-+-+-+-+-+-+-+-+-+-+-+-+-+-+-+-+-+- Iteracion 3  +-+-+-+-+-+-+-+-+-+-+-+-+-+-+-+-+-+-+-+-+-+-+-+-+-


La solución anterior duró 0min 0seg    -------> Nuevo optimo local. Costo: 1060.229       ==> Optimo: 784.0  Desvio: 35.199999999999996%
Lista tabu: [((9,10,19.209),3), ((23,1,84.172),3), ((9,23,20.125),2), ((19,29,17.464),4), ((12,9,16.643),4), ((12,19,26.077),3)]

+-+-+-+-+-+-+-+-+-+-+-+-+-+-+-+-+-+-+-+-+-+-+-+-+- Iteracion 5  +-+-+-+-+-+-+-+-+-+-+-+-+-+-+-+-+-+-+-+-+-+-+-+-+-


La solución anterior duró 0min 0seg    -------> Nuevo optimo local. Costo: 1053.586       ==> Optimo: 784.0  Desvio: 34.4%
Lista tabu: [((9,10,19.209),1), ((23,1,84.172),1), ((19,29,17.464),2), ((12,9,16.643),2), ((12,19,26.077),1), ((1,8,37.054),5), ((17,14,26.306),5), ((1,17,25.71),4), ((14,2,22.472),4), ((2,13,8.246),4), ((25,31,24.083),4), ((2,31,19.416),3)]

+-+-+-+-+-+-+-+-+-+-+-+-+-+-+-+-+-+-+-+-+-+-+-+-+- Iteracion 12  +-+-+-+-+-+-+-+-+-+-+-+-+-+-+-+-+-+-+-+-+-+-+-+-+-


La solución anterior duró 0min 0seg    -------> Nuevo optimo local. Costo: 1030.643       ==> Optimo: 784.0  Desvio: 31.5%
Lista tabu: [((2,14,22.472),1), ((14,8,14.0),1), ((18,20,2.236),1), ((20,32,5.385),1), ((30,28,37.014),2), ((28,1,25.962),2), ((1,25,25.239),2), ((25,28,8.062),1), ((4,18,42.426),3), ((19,29,17.464),3), ((4,29,26.926),2), ((11,26,16.155),4), ((16,30,19.647),4), ((26,30,29.155),3)]

+-+-+-+-+-+-+-+-+-+-+-+-+-+-+-+-+-+-+-+-+-+-+-+-+- Iteracion 16  +-+-+-+-+-+-+-+-+-+-+-+-+-+-+-+-+-+-+-+-+-+-+-+-+-


La solución anterior duró 0min 0seg    -------> Nuevo optimo local. Costo: 1015.399       ==> Optimo: 784.0  Desvio: 29.5%
Lista tabu: [((21,11,48.27),3), ((26,16,32.985),3), ((16,11,17.117),2), ((13,2,8.246),2), ((8,27,16.492),2), ((27,2,19.416),1), ((2,14,22.472),3), ((8,27,16.492),3), ((2,8,13.0),2), ((18,20,2.236),4), ((32,22,9.0),4), ((20,22,12.083),3)]

+-+-+-+-+-+-+-+-+-+-+-+-+-+-+-+-+-+-+-+-+-+-+-+-+- Iteracion 19  +-+-+-+-+-+-+-+-+-+-+-+-+-+-+-+-+-+-+-+-+-+-+-+-+-


La solución anterior duró 0min 0seg    -------> Nuevo optimo local. Costo: 895.122       ==> Optimo: 784.0  Desvio: 14.2%
Lista tabu: [((18,20,2.236),1), ((32,22,9.0),1), ((28,30,37.014),4), ((21,6,21.378),4), ((26,21,41.195),4), ((28,21,25.0),3), ((3,24,8.944),3), ((15,7,29.155),3), ((3,7,26.249),2), ((30,16,19.647),4), ((11,26,16.155),4), ((11,30,20.809),3)]

+-+-+-+-+-+-+-+-+-+-+-+-+-+-+-+-+-+-+-+-+-+-+-+-+- Iteracion 28  +-+-+-+-+-+-+-+-+-+-+-+-+-+-+-+-+-+-+-+-+-+-+-+-+-


La solución anterior duró 0min 0seg    -------> Nuevo optimo local. Costo: 893.77       ==> Optimo: 784.0  Desvio: 14.000000000000002%
Lista tabu: [((2,14,22.472),1), ((8,27,16.492),1), ((13,2,8.246),2), ((2,14,22.472),2), ((25,31,24.083),2), ((2,31,19.416),1), ((1,17,25.71),3), ((17,13,10.05),3), ((25,31,24.083),3), ((17,31,9.487),2), ((17,13,10.05),4), ((13,2,8.246),4), ((31,1,16.279),4), ((13,31,15.264),3)]

+-+-+-+-+-+-+-+-+-+-+-+-+-+-+-+-+-+-+-+-+-+-+-+-+- Iteracion 29  +-+-+-+-+-+-+-+-+-+-+-+-+-+-+-+-+-+-+-+-+-+-+-+-+-


La solución anterior duró 0min 0seg    -------> Nuevo optimo local. Costo: 889.423       ==> Optimo: 784.0  Desvio: 13.4%
Lista tabu: [((13,2,8.246),1), ((2,14,22.472),1), ((25,31,24.083),1), ((1,17,25.71),2), ((17,13,10.05),2), ((25,31,24.083),2), ((17,31,9.487),1), ((17,13,10.05),3), ((13,2,8.246),3), ((31,1,16.279),3), ((13,31,15.264),2), ((1,15,27.019),6), ((15,7,29.155),6), ((25,31,24.083),6), ((25,15,3.0),5)]

+-+-+-+-+-+-+-+-+-+-+-+-+-+-+-+-+-+-+-+-+-+-+-+-+- Iteracion 30  +-+-+-+-+-+-+-+-+-+-+-+-+-+-+-+-+-+-+-+-+-+-+-+-+-


La solución anterior duró 0min 0seg    -------> Nuevo optimo local. Costo: 873.089       ==> Optimo: 784.0  Desvio: 11.4%
Lista tabu: [((1,17,25.71),1), ((17,13,10.05),1), ((25,31,24.083),1), ((17,13,10.05),2), ((13,2,8.246),2), ((31,1,16.279),2), ((13,31,15.264),1), ((1,15,27.019),5), ((15,7,29.155),5), ((25,31,24.083),5), ((25,15,3.0),4), ((23,1,84.172),6), ((19,5,25.71),6), ((7,19,39.051),6), ((19,23,17.205),5)]

+-+-+-+-+-+-+-+-+-+-+-+-+-+-+-+-+-+-+-+-+-+-+-+-+- Iteracion 33  +-+-+-+-+-+-+-+-+-+-+-+-+-+-+-+-+-+-+-+-+-+-+-+-+-


La solución anterior duró 0min 0seg    -------> Nuevo optimo local. Costo: 871.274       ==> Optimo: 784.0  Desvio: 11.1%
Lista tabu: [((1,15,27.019),2), ((15,7,29.155),2), ((25,31,24.083),2), ((25,15,3.0),1), ((23,1,84.172),3), ((19,5,25.71),3), ((7,19,39.051),3), ((19,23,17.205),2), ((12,9,16.643),4), ((5,29,12.806),4), ((7,5,50.537),4), ((9,5,17.029),3), ((1,28,25.962),3), ((28,21,25.0),3), ((25,15,3.0),3), ((15,28,10.77),2), ((9,10,19.209),4), ((23,19,17.205),4), ((9,23,20.125),3)]

+-+-+-+-+-+-+-+-+-+-+-+-+-+-+-+-+-+-+-+-+-+-+-+-+- Iteracion 34  +-+-+-+-+-+-+-+-+-+-+-+-+-+-+-+-+-+-+-+-+-+-+-+-+-


La solución anterior duró 0min 0seg    -------> Nuevo optimo local. Costo: 865.332       ==> Optimo: 784.0  Desvio: 10.4%
Lista tabu: [((1,15,27.019),1), ((15,7,29.155),1), ((25,31,24.083),1), ((23,1,84.172),2), ((19,5,25.71),2), ((7,19,39.051),2), ((19,23,17.205),1), ((12,9,16.643),3), ((5,29,12.806),3), ((7,5,50.537),3), ((9,5,17.029),2), ((1,28,25.962),2), ((28,21,25.0),2), ((25,15,3.0),2), ((15,28,10.77),1), ((9,10,19.209),3), ((23,19,17.205),3), ((9,23,20.125),2), ((8,27,16.492),6), ((17,13,10.05),6), ((1,17,25.71),6), ((17,27,8.944),5)]

+-+-+-+-+-+-+-+-+-+-+-+-+-+-+-+-+-+-+-+-+-+-+-+-+- Iteracion 40  +-+-+-+-+-+-+-+-+-+-+-+-+-+-+-+-+-+-+-+-+-+-+-+-+-


La solución anterior duró 0min 0seg    -------> Nuevo optimo local. Costo: 859.07       ==> Optimo: 784.0  Desvio: 9.6%
Lista tabu: [((28,21,25.0),1), ((1,25,25.239),1), ((18,20,2.236),1), ((32,22,9.0),1), ((7,29,38.079),2), ((19,1,76.844),2), ((23,19,17.205),2), ((29,19,17.464),1), ((10,23,4.243),3), ((23,19,17.205),3), ((30,16,19.647),3), ((16,23,23.345),2), ((9,10,19.209),4), ((23,19,17.205),4), ((10,19,18.385),3)]

+-+-+-+-+-+-+-+-+-+-+-+-+-+-+-+-+-+-+-+-+-+-+-+-+- Iteracion 57  +-+-+-+-+-+-+-+-+-+-+-+-+-+-+-+-+-+-+-+-+-+-+-+-+-


La solución anterior duró 0min 0seg    -------> Nuevo optimo local. Costo: 855.315       ==> Optimo: 784.0  Desvio: 9.1%
Lista tabu: [((21,30,37.802),1), ((26,6,21.541),1), ((8,17,12.649),2), ((27,1,21.095),2), ((8,27,16.492),1), ((18,20,2.236),3), ((32,22,9.0),3), ((20,22,12.083),2), ((24,4,7.071),4), ((4,18,42.426),4), ((29,7,38.079),4), ((4,7,23.77),3)]

+-+-+-+-+-+-+-+-+-+-+-+-+-+-+-+-+-+-+-+-+-+-+-+-+- Iteracion 59  +-+-+-+-+-+-+-+-+-+-+-+-+-+-+-+-+-+-+-+-+-+-+-+-+-


La solución anterior duró 0min 0seg    -------> Nuevo optimo local. Costo: 852.126       ==> Optimo: 784.0  Desvio: 8.7%
Lista tabu: [((18,20,2.236),1), ((32,22,9.0),1), ((24,4,7.071),2), ((4,18,42.426),2), ((29,7,38.079),2), ((4,7,23.77),1), ((1,3,77.878),5), ((24,4,7.071),5), ((4,3,3.162),4), ((9,12,16.643),4), ((5,29,12.806),4), ((9,5,17.029),3)]

+-+-+-+-+-+-+-+-+-+-+-+-+-+-+-+-+-+-+-+-+-+-+-+-+- Iteracion 72  +-+-+-+-+-+-+-+-+-+-+-+-+-+-+-+-+-+-+-+-+-+-+-+-+-


La solución anterior duró 0min 0seg    -------> Nuevo optimo local. Costo: 850.263       ==> Optimo: 784.0  Desvio: 8.5%
Lista tabu: [((13,2,8.246),1), ((17,27,8.944),1), ((18,20,2.236),2), ((32,22,9.0),2), ((20,22,12.083),1), ((8,17,12.649),3), ((17,27,8.944),3), ((15,31,24.021),3), ((17,31,9.487),2), ((5,29,12.806),4), ((9,12,16.643),4), ((10,9,19.209),4), ((29,9,12.728),3)]

+-+-+-+-+-+-+-+-+-+-+-+-+-+-+-+-+-+-+-+-+-+-+-+-+- Iteracion 82  +-+-+-+-+-+-+-+-+-+-+-+-+-+-+-+-+-+-+-+-+-+-+-+-+-


La solución anterior duró 0min 0seg    -------> Nuevo optimo local. Costo: 841.558       ==> Optimo: 784.0  Desvio: 7.3%
Lista tabu: [((13,2,8.246),1), ((8,17,12.649),1), ((1,13,28.844),2), ((13,2,8.246),2), ((27,31,7.071),2), ((13,31,15.264),1), ((28,25,8.062),3), ((15,27,19.416),3), ((25,27,20.248),2), ((5,29,12.806),4), ((9,12,16.643),4), ((10,9,19.209),4), ((29,9,12.728),3)]

+-+-+-+-+-+-+-+-+-+-+-+-+-+-+-+-+-+-+-+-+-+-+-+-+- Iteracion 89  +-+-+-+-+-+-+-+-+-+-+-+-+-+-+-+-+-+-+-+-+-+-+-+-+-


La solución anterior duró 0min 0seg    -------> Nuevo optimo local. Costo: 840.291       ==> Optimo: 784.0  Desvio: 7.199999999999999%
Lista tabu: [((5,29,12.806),1), ((9,12,16.643),1), ((10,9,19.209),1), ((2,14,22.472),2), ((15,27,19.416),2), ((2,27,19.416),1), ((5,29,12.806),3), ((9,12,16.643),3), ((10,9,19.209),3), ((29,9,12.728),2), ((19,23,17.205),4), ((10,9,19.209),4), ((9,23,20.125),3)]

+-+-+-+-+-+-+-+-+-+-+-+-+-+-+-+-+-+-+-+-+-+-+-+-+- Iteracion 141  +-+-+-+-+-+-+-+-+-+-+-+-+-+-+-+-+-+-+-+-+-+-+-+-+-


La solución anterior duró 0min 0seg    -------> Nuevo optimo local. Costo: 839.019       ==> Optimo: 784.0  Desvio: 7.000000000000001%
Lista tabu: [((9,12,16.643),1), ((5,29,12.806),1), ((13,2,8.246),2), ((8,17,12.649),2), ((8,13,19.105),1), ((9,12,16.643),3), ((29,7,38.079),3), ((5,29,12.806),3), ((29,9,12.728),2), ((1,23,84.172),4), ((10,19,18.385),4), ((19,23,17.205),3)]

+-+-+-+-+-+-+-+-+-+-+-+-+-+-+-+-+-+-+-+-+-+-+-+-+- Iteracion 2060  +-+-+-+-+-+-+-+-+-+-+-+-+-+-+-+-+-+-+-+-+-+-+-+-+-


+-+-+-+-+-+-+-+-+-+-+-+-+-+-+-+-+-+-+-+-+-+-+-+-+- Iteracion 2060  +-+-+-+-+-+-+-+-+-+-+-+-+-+-+-+-+-+-+-+-+-+-+-+-+-

Solucion peor. Costo: 839.019
Lista tabu: [((15,27,19.416),1), ((27,31,7.071),1), ((8,17,12.649),1), ((28,25,8.062),2), ((15,27,19.416),2), ((15,28,10.77),1), ((8,17,12.649),3), ((17,1,25.71),3), ((25,15,3.0),3), ((17,25,29.155),2), ((1,23,84.172),4), ((23,10,4.243),4), ((16,26,32.985),4), ((16,23,23.345),3)]

+-+-+-+-+-+-+-+-+-+-+-+-+-+-+-+-+-+-+-+-+-+-+-+-+- Iteracion 2368  +-+-+-+-+-+-+-+-+-+-+-+-+-+-+-+-+-+-+-+-+-+-+-+-+-


+-+-+-+-+-+-+-+-+-+-+-+-+-+-+-+-+-+-+-+-+-+-+-+-+- Iteracion 2368  +-+-+-+-+-+-+-+-+-+-+-+-+-+-+-+-+-+-+-+-+-+-+-+-+-

Solucion peor. Costo: 856.4490000000001
Lista tabu: [((16,11,17.117),1), ((26,6,21.541),1), ((8,17,12.649),2), ((17,1,25.71),2), ((1,13,28.844),2), ((13,17,10.05),1), ((29,24,19.925),3), ((24,7,26.401),3), ((4,3,3.162),3), ((3,24,8.944),2), ((1,28,25.962),4), ((28,25,8.062),4), ((31,1,16.279),4), ((28,31,29.411),3)]

+-+-+-+-+-+-+-+-+-+-+-+-+-+-+-+-+-+-+-+-+-+-+-+-+- Iteracion 2371  +-+-+-+-+-+-+-+-+-+-+-+-+-+-+-+-+-+-+-+-+-+-+-+-+-


+-+-+-+-+-+-+-+-+-+-+-+-+-+-+-+-+-+-+-+-+-+-+-+-+- Iteracion 2371  +-+-+-+-+-+-+-+-+-+-+-+-+-+-+-+-+-+-+-+-+-+-+-+-+-

Solucion peor. Costo: 855.402
Lista tabu: [((1,28,25.962),1), ((28,25,8.062),1), ((31,1,16.279),1), ((8,17,12.649),4), ((17,1,25.71),4), ((2,27,19.416),4), ((2,17,10.63),3), ((27,31,7.071),3), ((31,1,16.279),3), ((1,28,25.962),3), ((28,31,29.411),2), ((9,12,16.643),4), ((5,29,12.806),4), ((12,29,18.682),3)]

+-+-+-+-+-+-+-+-+-+-+-+-+-+-+-+-+-+-+-+-+-+-+-+-+- Iteracion 2376  +-+-+-+-+-+-+-+-+-+-+-+-+-+-+-+-+-+-+-+-+-+-+-+-+-


+-+-+-+-+-+-+-+-+-+-+-+-+-+-+-+-+-+-+-+-+-+-+-+-+- Iteracion 2376  +-+-+-+-+-+-+-+-+-+-+-+-+-+-+-+-+-+-+-+-+-+-+-+-+-

Solucion peor. Costo: 849.4069999999999
Lista tabu: [((15,14,41.049),2), ((2,17,10.63),2), ((15,17,28.16),1), ((1,28,25.962),1), ((27,31,7.071),1), ((17,27,8.944),1), ((24,7,26.401),2), ((7,1,51.884),2), ((14,8,14.0),2), ((7,14,26.476),1), ((19,9,9.434),3), ((29,24,19.925),3), ((5,29,12.806),3), ((19,29,17.464),2), ((1,28,25.962),4), ((28,25,8.062),4), ((21,1,36.235),4), ((28,21,25.0),3)]

+-+-+-+-+-+-+-+-+-+-+-+-+-+-+-+-+-+-+-+-+-+-+-+-+- Iteracion 2406  +-+-+-+-+-+-+-+-+-+-+-+-+-+-+-+-+-+-+-+-+-+-+-+-+-


+-+-+-+-+-+-+-+-+-+-+-+-+-+-+-+-+-+-+-+-+-+-+-+-+- Iteracion 2406  +-+-+-+-+-+-+-+-+-+-+-+-+-+-+-+-+-+-+-+-+-+-+-+-+-

Solucion peor. Costo: 839.019
Lista tabu: [((25,15,3.0),1), ((15,17,28.16),1), ((27,1,21.095),1), ((10,19,18.385),2), ((30,16,19.647),2), ((10,16,26.019),1), ((1,28,25.962),3), ((28,25,8.062),3), ((21,1,36.235),3), ((28,21,25.0),2), ((14,8,14.0),4), ((8,27,16.492),4), ((15,17,28.16),4), ((17,31,9.487),4), ((8,31,21.024),3)]

+-+-+-+-+-+-+-+-+-+-+-+-+-+-+-+-+-+-+-+-+-+-+-+-+- Iteracion 2710  +-+-+-+-+-+-+-+-+-+-+-+-+-+-+-+-+-+-+-+-+-+-+-+-+-


+-+-+-+-+-+-+-+-+-+-+-+-+-+-+-+-+-+-+-+-+-+-+-+-+- Iteracion 2710  +-+-+-+-+-+-+-+-+-+-+-+-+-+-+-+-+-+-+-+-+-+-+-+-+-

Solucion peor. Costo: 839.019
Lista tabu: [((15,27,19.416),1), ((27,31,7.071),1), ((17,1,25.71),1), ((1,13,28.844),2), ((13,2,8.246),2), ((31,1,16.279),2), ((13,31,15.264),1), ((8,17,12.649),3), ((17,27,8.944),3), ((25,15,3.0),3), ((15,31,24.021),3), ((17,25,29.155),2), ((2,14,22.472),4), ((8,17,12.649),4), ((14,17,26.306),3)]

+-+-+-+-+-+-+-+-+-+-+-+-+-+-+-+-+-+-+-+-+-+-+-+-+- Iteracion 3043  +-+-+-+-+-+-+-+-+-+-+-+-+-+-+-+-+-+-+-+-+-+-+-+-+-


+-+-+-+-+-+-+-+-+-+-+-+-+-+-+-+-+-+-+-+-+-+-+-+-+- Iteracion 3043  +-+-+-+-+-+-+-+-+-+-+-+-+-+-+-+-+-+-+-+-+-+-+-+-+-

Solucion peor. Costo: 839.019
Lista tabu: [((19,9,9.434),1), ((5,29,12.806),1), ((1,15,27.019),2), ((27,31,7.071),2), ((15,31,24.021),1), ((1,15,27.019),3), ((25,28,8.062),3), ((15,28,10.77),2), ((28,27,26.926),4), ((31,1,16.279),4), ((28,31,29.411),3)]

+-+-+-+-+-+-+-+-+-+-+-+-+-+-+-+-+-+-+-+-+-+-+-+-+- Iteracion 3345  +-+-+-+-+-+-+-+-+-+-+-+-+-+-+-+-+-+-+-+-+-+-+-+-+-


+-+-+-+-+-+-+-+-+-+-+-+-+-+-+-+-+-+-+-+-+-+-+-+-+- Iteracion 3345  +-+-+-+-+-+-+-+-+-+-+-+-+-+-+-+-+-+-+-+-+-+-+-+-+-

Solucion peor. Costo: 839.019
Lista tabu: [((15,27,19.416),3), ((27,31,7.071),3), ((17,1,25.71),3), ((17,27,8.944),2), ((13,2,8.246),4), ((17,27,8.944),4), ((8,17,12.649),4), ((17,2,10.63),3)]

+-+-+-+-+-+-+-+-+-+-+-+-+-+-+-+-+-+-+-+-+-+-+-+-+- Iteracion 3659  +-+-+-+-+-+-+-+-+-+-+-+-+-+-+-+-+-+-+-+-+-+-+-+-+-


+-+-+-+-+-+-+-+-+-+-+-+-+-+-+-+-+-+-+-+-+-+-+-+-+- Iteracion 3659  +-+-+-+-+-+-+-+-+-+-+-+-+-+-+-+-+-+-+-+-+-+-+-+-+-

Solucion peor. Costo: 861.366
Lista tabu: [((24,7,26.401),1), ((7,1,51.884),1), ((14,8,14.0),1), ((2,14,22.472),2), ((8,17,12.649),2), ((2,8,13.0),1), ((14,8,14.0),3), ((8,17,12.649),3), ((27,13,18.248),3), ((13,31,15.264),3), ((8,31,21.024),2), ((2,14,22.472),4), ((14,8,14.0),4), ((32,22,9.0),4), ((22,1,64.031),4), ((8,22,28.653),3)]

+-+-+-+-+-+-+-+-+-+-+-+-+-+-+-+-+-+-+-+-+-+-+-+-+- Iteracion 3662  +-+-+-+-+-+-+-+-+-+-+-+-+-+-+-+-+-+-+-+-+-+-+-+-+-


+-+-+-+-+-+-+-+-+-+-+-+-+-+-+-+-+-+-+-+-+-+-+-+-+- Iteracion 3662  +-+-+-+-+-+-+-+-+-+-+-+-+-+-+-+-+-+-+-+-+-+-+-+-+-

Solucion peor. Costo: 860.762
Lista tabu: [((2,14,22.472),1), ((14,8,14.0),1), ((32,22,9.0),1), ((22,1,64.031),1), ((13,31,15.264),4), ((31,1,16.279),4), ((1,2,34.928),4), ((31,2,19.416),3), ((2,14,22.472),3), ((8,17,12.649),3), ((14,17,26.306),2), ((1,4,75.584),4), ((4,3,3.162),4), ((24,7,26.401),4), ((7,1,51.884),4), ((3,7,26.249),3)]

+-+-+-+-+-+-+-+-+-+-+-+-+-+-+-+-+-+-+-+-+-+-+-+-+- Iteracion 3684  +-+-+-+-+-+-+-+-+-+-+-+-+-+-+-+-+-+-+-+-+-+-+-+-+-


+-+-+-+-+-+-+-+-+-+-+-+-+-+-+-+-+-+-+-+-+-+-+-+-+- Iteracion 3684  +-+-+-+-+-+-+-+-+-+-+-+-+-+-+-+-+-+-+-+-+-+-+-+-+-

Solucion peor. Costo: 860.655
Lista tabu: [((19,9,9.434),1), ((29,24,19.925),1), ((5,29,12.806),1), ((14,8,14.0),2), ((8,1,37.054),2), ((15,27,19.416),2), ((27,13,18.248),2), ((8,13,19.105),1), ((2,14,22.472),3), ((14,8,14.0),3), ((32,22,9.0),3), ((22,1,64.031),3), ((8,22,28.653),2), ((30,16,19.647),4), ((11,26,16.155),4), ((30,11,20.809),3)]

+-+-+-+-+-+-+-+-+-+-+-+-+-+-+-+-+-+-+-+-+-+-+-+-+- Iteracion 3699  +-+-+-+-+-+-+-+-+-+-+-+-+-+-+-+-+-+-+-+-+-+-+-+-+-


+-+-+-+-+-+-+-+-+-+-+-+-+-+-+-+-+-+-+-+-+-+-+-+-+- Iteracion 3699  +-+-+-+-+-+-+-+-+-+-+-+-+-+-+-+-+-+-+-+-+-+-+-+-+-

Solucion peor. Costo: 860.289
Lista tabu: [((31,17,9.487),1), ((2,1,34.928),1), ((1,31,16.279),2), ((17,8,12.649),2), ((1,17,25.71),1), ((25,15,3.0),3), ((15,27,19.416),3), ((7,1,51.884),3), ((7,15,29.155),2), ((24,7,26.401),4), ((7,1,51.884),4), ((8,14,14.0),4), ((7,8,27.514),3)]

+-+-+-+-+-+-+-+-+-+-+-+-+-+-+-+-+-+-+-+-+-+-+-+-+- Iteracion 3710  +-+-+-+-+-+-+-+-+-+-+-+-+-+-+-+-+-+-+-+-+-+-+-+-+-


+-+-+-+-+-+-+-+-+-+-+-+-+-+-+-+-+-+-+-+-+-+-+-+-+- Iteracion 3710  +-+-+-+-+-+-+-+-+-+-+-+-+-+-+-+-+-+-+-+-+-+-+-+-+-

Solucion peor. Costo: 856.3
Lista tabu: [((9,12,16.643),1), ((5,29,12.806),1), ((9,12,16.643),2), ((29,24,19.925),2), ((5,29,12.806),2), ((29,9,12.728),1), ((1,23,84.172),3), ((19,9,9.434),3), ((9,23,20.125),2), ((25,15,3.0),4), ((15,27,19.416),4), ((7,1,51.884),4), ((7,15,29.155),3)]

+-+-+-+-+-+-+-+-+-+-+-+-+-+-+-+-+-+-+-+-+-+-+-+-+- Iteracion 4014  +-+-+-+-+-+-+-+-+-+-+-+-+-+-+-+-+-+-+-+-+-+-+-+-+-


+-+-+-+-+-+-+-+-+-+-+-+-+-+-+-+-+-+-+-+-+-+-+-+-+- Iteracion 4014  +-+-+-+-+-+-+-+-+-+-+-+-+-+-+-+-+-+-+-+-+-+-+-+-+-

Solucion peor. Costo: 899.281
Lista tabu: [((1,23,84.172),4), ((10,19,18.385),4), ((23,19,17.205),3)]

+-+-+-+-+-+-+-+-+-+-+-+-+-+-+-+-+-+-+-+-+-+-+-+-+- Iteracion 4015  +-+-+-+-+-+-+-+-+-+-+-+-+-+-+-+-+-+-+-+-+-+-+-+-+-


+-+-+-+-+-+-+-+-+-+-+-+-+-+-+-+-+-+-+-+-+-+-+-+-+- Iteracion 4015  +-+-+-+-+-+-+-+-+-+-+-+-+-+-+-+-+-+-+-+-+-+-+-+-+-

Solucion peor. Costo: 886.9949999999999
Lista tabu: [((1,23,84.172),3), ((10,19,18.385),3), ((23,19,17.205),2), ((1,2,34.928),6), ((31,27,7.071),6), ((27,2,19.416),5)]

+-+-+-+-+-+-+-+-+-+-+-+-+-+-+-+-+-+-+-+-+-+-+-+-+- Iteracion 4019  +-+-+-+-+-+-+-+-+-+-+-+-+-+-+-+-+-+-+-+-+-+-+-+-+-


+-+-+-+-+-+-+-+-+-+-+-+-+-+-+-+-+-+-+-+-+-+-+-+-+- Iteracion 4019  +-+-+-+-+-+-+-+-+-+-+-+-+-+-+-+-+-+-+-+-+-+-+-+-+-

Solucion peor. Costo: 874.0799999999999
Lista tabu: [((1,2,34.928),2), ((31,27,7.071),2), ((27,2,19.416),1), ((27,2,19.416),3), ((2,31,19.416),3), ((15,17,28.16),3), ((17,13,10.05),3), ((31,17,9.487),2), ((8,27,16.492),2), ((27,17,8.944),2), ((25,15,3.0),2), ((25,27,20.248),1), ((23,10,4.243),3), ((10,1,88.142),3), ((30,16,19.647),3), ((10,16,26.019),2), ((8,27,16.492),4), ((27,17,8.944),4), ((2,13,8.246),4), ((13,1,28.844),4), ((17,13,10.05),3)]

+-+-+-+-+-+-+-+-+-+-+-+-+-+-+-+-+-+-+-+-+-+-+-+-+- Iteracion 4025  +-+-+-+-+-+-+-+-+-+-+-+-+-+-+-+-+-+-+-+-+-+-+-+-+-


+-+-+-+-+-+-+-+-+-+-+-+-+-+-+-+-+-+-+-+-+-+-+-+-+- Iteracion 4025  +-+-+-+-+-+-+-+-+-+-+-+-+-+-+-+-+-+-+-+-+-+-+-+-+-

Solucion peor. Costo: 861.498
Lista tabu: [((17,31,9.487),1), ((15,2,38.079),1), ((16,11,17.117),1), ((26,6,21.541),1), ((1,28,25.962),2), ((28,25,8.062),2), ((21,1,36.235),2), ((28,21,25.0),1), ((29,5,12.806),3), ((12,9,16.643),3), ((12,29,18.682),2), ((12,9,16.643),4), ((19,23,17.205),4), ((9,23,20.125),3)]

+-+-+-+-+-+-+-+-+-+-+-+-+-+-+-+-+-+-+-+-+-+-+-+-+- Iteracion 4027  +-+-+-+-+-+-+-+-+-+-+-+-+-+-+-+-+-+-+-+-+-+-+-+-+-


+-+-+-+-+-+-+-+-+-+-+-+-+-+-+-+-+-+-+-+-+-+-+-+-+- Iteracion 4027  +-+-+-+-+-+-+-+-+-+-+-+-+-+-+-+-+-+-+-+-+-+-+-+-+-

Solucion peor. Costo: 859.975
Lista tabu: [((29,5,12.806),1), ((12,9,16.643),1), ((12,9,16.643),2), ((19,23,17.205),2), ((9,23,20.125),1), ((1,14,51.039),5), ((27,17,8.944),5), ((1,27,21.095),4), ((3,4,3.162),4), ((4,1,75.584),4), ((1,7,51.884),4), ((7,24,26.401),4), ((3,7,26.249),3)]

+-+-+-+-+-+-+-+-+-+-+-+-+-+-+-+-+-+-+-+-+-+-+-+-+- Iteracion 4032  +-+-+-+-+-+-+-+-+-+-+-+-+-+-+-+-+-+-+-+-+-+-+-+-+-


+-+-+-+-+-+-+-+-+-+-+-+-+-+-+-+-+-+-+-+-+-+-+-+-+- Iteracion 4032  +-+-+-+-+-+-+-+-+-+-+-+-+-+-+-+-+-+-+-+-+-+-+-+-+-

Solucion peor. Costo: 859.07
Lista tabu: [((9,19,9.434),2), ((10,1,88.142),2), ((10,9,19.209),1), ((1,28,25.962),1), ((15,31,24.021),1), ((12,9,16.643),2), ((19,1,76.844),2), ((23,19,17.205),2), ((12,19,26.077),1), ((2,13,8.246),3), ((13,1,28.844),3), ((31,1,16.279),3), ((13,31,15.264),2), ((24,29,19.925),4), ((5,12,8.544),4), ((5,24,29.069),3)]

+-+-+-+-+-+-+-+-+-+-+-+-+-+-+-+-+-+-+-+-+-+-+-+-+- Iteracion 4036  +-+-+-+-+-+-+-+-+-+-+-+-+-+-+-+-+-+-+-+-+-+-+-+-+-


+-+-+-+-+-+-+-+-+-+-+-+-+-+-+-+-+-+-+-+-+-+-+-+-+- Iteracion 4036  +-+-+-+-+-+-+-+-+-+-+-+-+-+-+-+-+-+-+-+-+-+-+-+-+-

Solucion peor. Costo: 857.945
Lista tabu: [((1,27,21.095),3), ((17,2,10.63),3), ((14,17,26.306),3), ((1,17,25.71),2), ((1,28,25.962),2), ((15,31,24.021),2), ((1,15,27.019),1), ((24,29,19.925),3), ((5,12,8.544),3), ((5,24,29.069),2), ((17,27,8.944),4), ((27,8,16.492),4), ((1,28,25.962),4), ((27,28,26.926),3)]

+-+-+-+-+-+-+-+-+-+-+-+-+-+-+-+-+-+-+-+-+-+-+-+-+- Iteracion 4044  +-+-+-+-+-+-+-+-+-+-+-+-+-+-+-+-+-+-+-+-+-+-+-+-+-


+-+-+-+-+-+-+-+-+-+-+-+-+-+-+-+-+-+-+-+-+-+-+-+-+- Iteracion 4044  +-+-+-+-+-+-+-+-+-+-+-+-+-+-+-+-+-+-+-+-+-+-+-+-+-

Solucion peor. Costo: 850.6120000000001
Lista tabu: [((27,8,16.492),1), ((8,14,14.0),1), ((15,31,24.021),1), ((1,7,51.884),2), ((7,24,26.401),2), ((8,14,14.0),2), ((14,2,22.472),2), ((7,8,27.514),1), ((1,28,25.962),3), ((25,15,3.0),3), ((1,25,25.239),2), ((10,23,4.243),4), ((23,19,17.205),4), ((30,16,19.647),4), ((16,23,23.345),3)]

+-+-+-+-+-+-+-+-+-+-+-+-+-+-+-+-+-+-+-+-+-+-+-+-+- Iteracion 4046  +-+-+-+-+-+-+-+-+-+-+-+-+-+-+-+-+-+-+-+-+-+-+-+-+-


+-+-+-+-+-+-+-+-+-+-+-+-+-+-+-+-+-+-+-+-+-+-+-+-+- Iteracion 4046  +-+-+-+-+-+-+-+-+-+-+-+-+-+-+-+-+-+-+-+-+-+-+-+-+-

Solucion peor. Costo: 842.1490000000001
Lista tabu: [((1,28,25.962),1), ((25,15,3.0),1), ((10,23,4.243),2), ((23,19,17.205),2), ((30,16,19.647),2), ((16,23,23.345),1), ((27,8,16.492),5), ((17,13,10.05),5), ((2,17,10.63),5), ((27,17,8.944),4), ((1,27,21.095),4), ((17,8,12.649),4), ((1,17,25.71),3)]

+-+-+-+-+-+-+-+-+-+-+-+-+-+-+-+-+-+-+-+-+-+-+-+-+- Iteracion 4049  +-+-+-+-+-+-+-+-+-+-+-+-+-+-+-+-+-+-+-+-+-+-+-+-+-


+-+-+-+-+-+-+-+-+-+-+-+-+-+-+-+-+-+-+-+-+-+-+-+-+- Iteracion 4049  +-+-+-+-+-+-+-+-+-+-+-+-+-+-+-+-+-+-+-+-+-+-+-+-+-

Solucion peor. Costo: 840.8820000000001
Lista tabu: [((27,8,16.492),2), ((17,13,10.05),2), ((2,17,10.63),2), ((27,17,8.944),1), ((1,27,21.095),1), ((17,8,12.649),1), ((22,20,12.083),4), ((32,18,7.616),4), ((20,18,2.236),3), ((18,20,2.236),3), ((32,22,9.0),3), ((22,20,12.083),2), ((5,12,8.544),4), ((9,10,19.209),4), ((12,10,29.155),3)]

+-+-+-+-+-+-+-+-+-+-+-+-+-+-+-+-+-+-+-+-+-+-+-+-+- Iteracion 4055  +-+-+-+-+-+-+-+-+-+-+-+-+-+-+-+-+-+-+-+-+-+-+-+-+-


+-+-+-+-+-+-+-+-+-+-+-+-+-+-+-+-+-+-+-+-+-+-+-+-+- Iteracion 4055  +-+-+-+-+-+-+-+-+-+-+-+-+-+-+-+-+-+-+-+-+-+-+-+-+-

Solucion peor. Costo: 839.019
Lista tabu: [((9,10,19.209),1), ((19,1,76.844),1), ((23,19,17.205),1), ((1,28,25.962),1), ((15,31,24.021),1), ((9,19,9.434),2), ((23,1,84.172),2), ((23,9,20.125),1), ((7,24,26.401),3), ((24,29,19.925),3), ((4,3,3.162),3), ((3,24,8.944),2), ((18,20,2.236),4), ((32,22,9.0),4), ((22,20,12.083),3)]

+-+-+-+-+-+-+-+-+-+-+-+-+-+-+-+-+-+-+-+-+-+-+-+-+- Iteracion 4380  +-+-+-+-+-+-+-+-+-+-+-+-+-+-+-+-+-+-+-+-+-+-+-+-+-


+-+-+-+-+-+-+-+-+-+-+-+-+-+-+-+-+-+-+-+-+-+-+-+-+- Iteracion 4380  +-+-+-+-+-+-+-+-+-+-+-+-+-+-+-+-+-+-+-+-+-+-+-+-+-

Solucion peor. Costo: 840.8820000000001
Lista tabu: [((12,9,16.643),1), ((19,10,18.385),1), ((9,19,9.434),2), ((23,1,84.172),2), ((23,9,20.125),1), ((1,28,25.962),3), ((25,15,3.0),3), ((1,25,25.239),2), ((28,25,8.062),4), ((15,31,24.021),4), ((15,28,10.77),3)]

+-+-+-+-+-+-+-+-+-+-+-+-+-+-+-+-+-+-+-+-+-+-+-+-+- Iteracion 4420  +-+-+-+-+-+-+-+-+-+-+-+-+-+-+-+-+-+-+-+-+-+-+-+-+-


+-+-+-+-+-+-+-+-+-+-+-+-+-+-+-+-+-+-+-+-+-+-+-+-+- Iteracion 4420  +-+-+-+-+-+-+-+-+-+-+-+-+-+-+-+-+-+-+-+-+-+-+-+-+-

Solucion peor. Costo: 839.019
Lista tabu: [((27,17,8.944),1), ((17,8,12.649),1), ((15,31,24.021),1), ((9,19,9.434),2), ((23,1,84.172),2), ((23,9,20.125),1), ((27,17,8.944),3), ((17,8,12.649),3), ((15,31,24.021),3), ((31,17,9.487),2), ((17,8,12.649),4), ((14,2,22.472),4), ((2,8,13.0),3)]

+-+-+-+-+-+-+-+-+-+-+-+-+-+-+-+-+-+-+-+-+-+-+-+-+- Iteracion 4732  +-+-+-+-+-+-+-+-+-+-+-+-+-+-+-+-+-+-+-+-+-+-+-+-+-


+-+-+-+-+-+-+-+-+-+-+-+-+-+-+-+-+-+-+-+-+-+-+-+-+- Iteracion 4732  +-+-+-+-+-+-+-+-+-+-+-+-+-+-+-+-+-+-+-+-+-+-+-+-+-

Solucion peor. Costo: 839.019
Lista tabu: [((28,25,8.062),1), ((15,31,24.021),1), ((7,24,26.401),2), ((24,29,19.925),2), ((4,3,3.162),2), ((3,24,8.944),1), ((1,28,25.962),3), ((28,25,8.062),3), ((21,1,36.235),3), ((28,21,25.0),2), ((1,17,25.71),4), ((17,27,8.944),4), ((15,31,24.021),4), ((31,17,9.487),3)]

+-+-+-+-+-+-+-+-+-+-+-+-+-+-+-+-+-+-+-+-+-+-+-+-+- Iteracion 5048  +-+-+-+-+-+-+-+-+-+-+-+-+-+-+-+-+-+-+-+-+-+-+-+-+-


+-+-+-+-+-+-+-+-+-+-+-+-+-+-+-+-+-+-+-+-+-+-+-+-+- Iteracion 5048  +-+-+-+-+-+-+-+-+-+-+-+-+-+-+-+-+-+-+-+-+-+-+-+-+-

Solucion peor. Costo: 839.019
Lista tabu: [((30,16,19.647),1), ((11,26,16.155),1), ((3,18,41.11),2), ((32,22,9.0),2), ((22,18,13.892),1), ((1,28,25.962),3), ((28,25,8.062),3), ((21,1,36.235),3), ((28,21,25.0),2), ((1,17,25.71),4), ((17,8,12.649),4), ((27,31,7.071),4), ((31,17,9.487),3)]

+-+-+-+-+-+-+-+-+-+-+-+-+-+-+-+-+-+-+-+-+-+-+-+-+- Iteracion 5350  +-+-+-+-+-+-+-+-+-+-+-+-+-+-+-+-+-+-+-+-+-+-+-+-+-


+-+-+-+-+-+-+-+-+-+-+-+-+-+-+-+-+-+-+-+-+-+-+-+-+- Iteracion 5350  +-+-+-+-+-+-+-+-+-+-+-+-+-+-+-+-+-+-+-+-+-+-+-+-+-

Solucion peor. Costo: 839.019
Lista tabu: [((17,8,12.649),3), ((2,13,8.246),3), ((8,13,19.105),2), ((29,5,12.806),4), ((9,19,9.434),4), ((19,5,25.71),3)]

+-+-+-+-+-+-+-+-+-+-+-+-+-+-+-+-+-+-+-+-+-+-+-+-+- Iteracion 5682  +-+-+-+-+-+-+-+-+-+-+-+-+-+-+-+-+-+-+-+-+-+-+-+-+-


+-+-+-+-+-+-+-+-+-+-+-+-+-+-+-+-+-+-+-+-+-+-+-+-+- Iteracion 5682  +-+-+-+-+-+-+-+-+-+-+-+-+-+-+-+-+-+-+-+-+-+-+-+-+-

Solucion peor. Costo: 847.329
Lista tabu: [((18,20,2.236),1), ((2,14,22.472),1), ((24,29,19.925),2), ((5,12,8.544),2), ((5,24,29.069),1), ((28,27,26.926),3), ((27,31,7.071),3), ((8,17,12.649),3), ((27,8,16.492),2), ((30,16,19.647),4), ((11,26,16.155),4), ((30,11,20.809),3)]

+-+-+-+-+-+-+-+-+-+-+-+-+-+-+-+-+-+-+-+-+-+-+-+-+- Iteracion 5691  +-+-+-+-+-+-+-+-+-+-+-+-+-+-+-+-+-+-+-+-+-+-+-+-+-


+-+-+-+-+-+-+-+-+-+-+-+-+-+-+-+-+-+-+-+-+-+-+-+-+- Iteracion 5691  +-+-+-+-+-+-+-+-+-+-+-+-+-+-+-+-+-+-+-+-+-+-+-+-+-

Solucion peor. Costo: 840.882
Lista tabu: [((2,14,22.472),1), ((8,17,12.649),1), ((1,4,75.584),2), ((4,3,3.162),2), ((24,29,19.925),2), ((29,5,12.806),2), ((3,29,28.792),1), ((30,16,19.647),3), ((26,6,21.541),3), ((26,30,29.155),2), ((13,2,8.246),4), ((2,14,22.472),4), ((32,22,9.0),4), ((22,1,64.031),4), ((14,22,17.804),3)]

+-+-+-+-+-+-+-+-+-+-+-+-+-+-+-+-+-+-+-+-+-+-+-+-+- Iteracion 5787  +-+-+-+-+-+-+-+-+-+-+-+-+-+-+-+-+-+-+-+-+-+-+-+-+-


+-+-+-+-+-+-+-+-+-+-+-+-+-+-+-+-+-+-+-+-+-+-+-+-+- Iteracion 5787  +-+-+-+-+-+-+-+-+-+-+-+-+-+-+-+-+-+-+-+-+-+-+-+-+-

Solucion peor. Costo: 839.019
Lista tabu: [((13,2,8.246),1), ((8,17,12.649),1), ((18,20,2.236),2), ((2,14,22.472),2), ((14,18,24.042),1), ((16,11,17.117),3), ((26,6,21.541),3), ((6,11,26.926),2), ((28,25,8.062),4), ((15,31,24.021),4), ((15,28,10.77),3)]

+-+-+-+-+-+-+-+-+-+-+-+-+-+-+-+-+-+-+-+-+-+-+-+-+- Iteracion 6110  +-+-+-+-+-+-+-+-+-+-+-+-+-+-+-+-+-+-+-+-+-+-+-+-+-


+-+-+-+-+-+-+-+-+-+-+-+-+-+-+-+-+-+-+-+-+-+-+-+-+- Iteracion 6110  +-+-+-+-+-+-+-+-+-+-+-+-+-+-+-+-+-+-+-+-+-+-+-+-+-

Solucion peor. Costo: 839.019
Lista tabu: [((30,16,19.647),1), ((26,6,21.541),1), ((15,27,19.416),2), ((27,31,7.071),2), ((1,13,28.844),2), ((13,27,18.248),1), ((28,25,8.062),3), ((15,27,19.416),3), ((25,27,20.248),2), ((1,4,75.584),4), ((4,3,3.162),4), ((7,24,26.401),4), ((24,29,19.925),4), ((4,7,23.77),3)]

+-+-+-+-+-+-+-+-+-+-+-+-+-+-+-+-+-+-+-+-+-+-+-+-+- Iteracion 6412  +-+-+-+-+-+-+-+-+-+-+-+-+-+-+-+-+-+-+-+-+-+-+-+-+-


+-+-+-+-+-+-+-+-+-+-+-+-+-+-+-+-+-+-+-+-+-+-+-+-+- Iteracion 6412  +-+-+-+-+-+-+-+-+-+-+-+-+-+-+-+-+-+-+-+-+-+-+-+-+-

Solucion peor. Costo: 839.019
Lista tabu: [((2,14,22.472),3), ((14,8,14.0),3), ((1,22,64.031),3), ((22,32,9.0),3), ((2,22,30.067),2), ((22,8,28.653),4), ((20,18,2.236),4), ((18,22,13.892),3)]

+-+-+-+-+-+-+-+-+-+-+-+-+-+-+-+-+-+-+-+-+-+-+-+-+- Iteracion 6716  +-+-+-+-+-+-+-+-+-+-+-+-+-+-+-+-+-+-+-+-+-+-+-+-+-


+-+-+-+-+-+-+-+-+-+-+-+-+-+-+-+-+-+-+-+-+-+-+-+-+- Iteracion 6716  +-+-+-+-+-+-+-+-+-+-+-+-+-+-+-+-+-+-+-+-+-+-+-+-+-

Solucion peor. Costo: 938.579
Lista tabu: [((1,28,25.962),4), ((28,15,10.77),4), ((21,1,36.235),4), ((21,28,25.0),3)]

+-+-+-+-+-+-+-+-+-+-+-+-+-+-+-+-+-+-+-+-+-+-+-+-+- Iteracion 6717  +-+-+-+-+-+-+-+-+-+-+-+-+-+-+-+-+-+-+-+-+-+-+-+-+-


+-+-+-+-+-+-+-+-+-+-+-+-+-+-+-+-+-+-+-+-+-+-+-+-+- Iteracion 6717  +-+-+-+-+-+-+-+-+-+-+-+-+-+-+-+-+-+-+-+-+-+-+-+-+-

Solucion peor. Costo: 925.259
Lista tabu: [((1,28,25.962),3), ((28,15,10.77),3), ((21,1,36.235),3), ((21,28,25.0),2), ((13,27,18.248),6), ((27,2,19.416),6), ((8,17,12.649),6), ((17,1,25.71),6), ((17,2,10.63),5)]

+-+-+-+-+-+-+-+-+-+-+-+-+-+-+-+-+-+-+-+-+-+-+-+-+- Iteracion 6727  +-+-+-+-+-+-+-+-+-+-+-+-+-+-+-+-+-+-+-+-+-+-+-+-+-


+-+-+-+-+-+-+-+-+-+-+-+-+-+-+-+-+-+-+-+-+-+-+-+-+- Iteracion 6727  +-+-+-+-+-+-+-+-+-+-+-+-+-+-+-+-+-+-+-+-+-+-+-+-+-

Solucion peor. Costo: 919.741
Lista tabu: [((2,22,30.067),1), ((8,27,16.492),1), ((8,27,16.492),2), ((27,1,21.095),2), ((1,15,27.019),2), ((15,27,19.416),1), ((16,11,17.117),3), ((26,6,21.541),3), ((6,11,26.926),2), ((12,9,16.643),4), ((10,23,4.243),4), ((19,10,18.385),4), ((10,12,29.155),3)]

+-+-+-+-+-+-+-+-+-+-+-+-+-+-+-+-+-+-+-+-+-+-+-+-+- Iteracion 6741  +-+-+-+-+-+-+-+-+-+-+-+-+-+-+-+-+-+-+-+-+-+-+-+-+-


+-+-+-+-+-+-+-+-+-+-+-+-+-+-+-+-+-+-+-+-+-+-+-+-+- Iteracion 6741  +-+-+-+-+-+-+-+-+-+-+-+-+-+-+-+-+-+-+-+-+-+-+-+-+-

Solucion peor. Costo: 918.404
