+-+-+-+-+-+-+-+-+-+-+-+-+-+-+ GRAFO CARGADO +-+-+-+-+-+-+-+-+-+-+-+-+-+-+-
        1         2         3         4         5         6         7         8         9         10        11        12        13        14        15        16        17        18        19        20        21        22        23        24        25        26        27        28        29        30        31        32        33        34        35        36        37        38        39        40        41        42        43        44        45        46        47        48        49        50        51        52
1     0         25.06    54.037    62.29    59.093    26.077    14.142    29.12    24.698    60.017    19.849    63.008    69.354    65.97    67.067    70.342    60.017    67.052    28.32    69.857    24.042    63.008    65.146    67.602    67.186    11.045    64.56    23.324    63.071    20.248    28.32    65.192    67.469    22.847    67.469    22.847    13.038    15.811    59.414    69.007    8.602    7.071    19.849    31.906    18.385    63.071    65.97    15.62    55.227    68.411    71.12    22.847    
2     25.06    0         76.655    52.498    76.942    34.928    16.125    50.0    34.205    81.006    28.46    55.154    85.615    86.093    60.415    90.2    81.006    86.371    7.071    90.089    7.071    55.946    84.38    83.678    57.567    17.029    84.214    33.526    54.424    31.016    7.071    55.66    88.023    45.277    88.023    45.277    14.213    28.178    81.154    61.465    17.72    19.849    7.071    55.154    26.571    80.411    86.093    26.833    77.318    88.204    87.556    35.468    
3     54.037    76.655    0         84.853    22.0    72.111    68.118    54.918    70.838    10.296    69.123    82.134    31.78    17.205    82.62    21.26    10.296    20.591    76.903    19.799    72.567    80.808    19.698    31.401    87.784    65.069    17.889    69.57    83.487    67.72    76.903    86.313    16.971    50.537    16.971    50.537    67.007    64.761    7.071    85.428    59.211    61.074    69.871    47.011    68.659    25.179    17.205    65.513    3.162    20.0    32.28    67.067    
4     62.29    52.498    84.853    0         71.021    84.38    64.498    91.082    83.295    82.62    77.318    5.099    73.007    83.762    10.296    86.093    82.62    81.633    45.541    87.132    46.325    7.071    79.925    71.176    5.099    63.198    80.994    82.219    3.162    79.158    45.541    3.162    86.533    84.345    86.533    84.345    61.4    75.06    85.147    9.899    55.009    63.008    49.82    91.924    75.326    72.069    83.762    74.108    83.487    84.38    74.847    83.054    
5     59.093    76.942    22.0    71.021    0         82.098    72.801    69.426    80.709    13.928    77.524    67.424    11.402    12.806    66.708    15.232    13.928    10.77    75.166    16.125    71.344    65.803    8.944    10.296    73.007    69.642    10.0    79.322    69.065    76.851    75.166    71.847    15.62    63.64    15.62    63.64    70.838    73.062    17.72    69.527    61.4    65.924    69.871    63.008    76.538    4.243    12.806    73.43    19.026    13.416    12.728    77.421    
6     26.077    34.928    72.111    84.38    82.098    0         20.0    22.804    1.414    80.112    7.071    85.988    93.005    86.764    90.609    91.236    80.112    88.589    41.593    90.377    39.115    86.313    86.833    91.4    89.454    21.213    85.884    2.828    85.709    5.831    41.593    87.464    87.727    23.022    87.727    23.022    23.022    10.296    78.549    92.228    30.364    22.136    35.014    31.401    9.055    86.267    86.764    10.77    74.095    89.443    94.626    5.099    
7     14.142    16.125    68.118    64.498    72.801    20.0    0         34.059    19.026    74.148    13.038    66.287    82.765    80.05    71.063    84.404    74.148    81.043    22.136    83.952    19.235    66.708    79.12    80.957    69.584    3.162    78.588    18.111    65.924    15.297    22.136    67.602    81.584    29.833    81.584    29.833    3.162    12.083    73.553    72.567    12.728    7.071    15.033    39.825    11.045    76.694    80.05    10.77    69.354    82.462    84.581    19.647    
8     29.12    50.0    54.918    91.082    69.426    22.804    34.059    0         22.136    64.203    24.698    91.444    80.808    71.218    95.131    75.604    64.203    73.756    55.227    74.404    51.478    91.269    72.25    79.511    95.885    33.015    70.937    21.541    91.662    21.954    55.227    93.904    71.61    7.071    71.61    7.071    35.805    22.672    61.855    97.252    37.336    30.887    47.011    9.055    25.807    73.661    71.218    24.083    57.428    74.027    82.134    18.385    
9     24.698    34.205    70.838    83.295    80.709    1.414    19.026    22.136    0         78.791    6.0    84.853    91.608    85.428    89.443    89.9    78.791    87.235    40.792    89.051    38.21    85.159    85.475    90.0    88.363    20.1    84.534    1.414    84.593    4.472    40.792    86.371    86.406    22.0    86.406    22.0    22.0    8.944    77.253    91.082    29.12    20.881    34.059    30.594    8.0    84.876    85.428    9.487    72.801    88.102    93.231    4.0    
10    60.017    81.006    10.296    82.62    13.928    80.112    74.148    64.203    78.791    0         76.551    79.398    22.091    7.071    79.196    11.402    0.0    10.296    80.399    10.296    76.236    77.897    9.487    22.0    85.041    71.021    7.616    77.473    80.92    75.392    80.399    83.738    7.616    59.363    7.616    59.363    72.691    72.111    4.0    82.024    64.125    67.082    74.027    56.639    75.895    16.125    7.071    72.732    7.211    9.899    22.361    75.153    
11    19.849    28.46    69.123    77.318    77.524    7.071    13.038    24.698    6.0    76.551    0         78.918    88.204    83.006    83.546    87.464    76.551    84.581    34.928    86.729    32.249    79.246    82.765    86.533    82.389    14.142    81.939    5.099    78.638    2.828    34.928    80.399    84.155    22.804    84.155    22.804    16.0    4.472    75.286    85.159    23.409    15.232    28.071    32.311    2.0    81.633    83.006    4.243    70.88    85.615    89.889    7.211    
12    63.008    55.154    82.134    5.099    67.424    85.988    66.287    91.444    84.853    79.398    78.918    0         68.877    80.212    5.657    82.377    79.398    77.936    48.332    83.487    48.703    2.0    76.276    67.082    5.657    64.777    77.421    83.726    2.0    80.623    48.332    4.472    83.006    84.593    83.006    84.593    63.151    76.42    82.073    6.325    56.143    64.281    51.923    91.782    76.942    68.264    80.212    75.538    80.623    80.709    70.682    84.38    
13    69.354    85.615    31.78    73.007    11.402    93.005    82.765    80.808    91.608    22.091    88.204    68.877    0         17.263    67.231    16.553    22.091    13.342    83.187    18.385    79.624    67.082    13.038    2.0    74.243    79.624    15.033    90.211    70.682    87.658    83.187    73.348    19.647    74.967    19.647    74.967    80.623    83.762    26.077    69.971    70.937    76.026    78.588    74.404    87.132    7.211    17.263    84.06    28.636    15.811    2.0    88.408    
14    65.97    86.093    17.205    83.762    12.806    86.764    80.05    71.218    85.428    7.071    83.006    80.212    17.263    0         79.511    4.472    7.071    4.0    85.053    4.0    81.006    78.6    4.472    17.72    85.802    76.903    2.828    84.095    81.841    81.939    85.053    84.629    2.828    66.287    2.828    66.287    78.447    78.549    10.296    82.329    69.584    73.007    79.057    63.702    82.28    13.038    0.0    79.12    14.213    2.828    17.029    81.841    
15    67.067    60.415    82.62    10.296    66.708    90.609    71.063    95.131    89.443    79.196    83.546    5.657    67.231    79.511    0         81.4    79.196    77.006    53.666    82.62    53.852    4.472    75.432    65.513    8.0    69.426    76.694    88.284    7.211    85.159    53.666    8.246    82.329    88.204    82.329    88.204    67.912    80.895    82.073    2.828    60.531    68.731    56.921    95.037    81.584    67.201    79.511    80.062    80.92    79.812    68.964    88.814    
16    70.342    90.2    21.26    86.093    15.232    91.236    84.404    75.604    89.9    11.402    87.464    82.377    16.553    4.472    81.4    0         11.402    4.472    89.006    2.0    85.006    80.709    6.325    17.493    87.92    81.253    6.0    88.566    84.06    86.406    89.006    86.822    4.472    70.725    4.472    70.725    82.765    83.006    14.213    84.202    73.824    77.369    83.15    68.015    86.729    14.213    4.472    83.57    18.385    2.0    15.811    86.313    
17    60.017    81.006    10.296    82.62    13.928    80.112    74.148    64.203    78.791    0.0    76.551    79.398    22.091    7.071    79.196    11.402    0         10.296    80.399    10.296    76.236    77.897    9.487    22.0    85.041    71.021    7.616    77.473    80.92    75.392    80.399    83.738    7.616    59.363    7.616    59.363    72.691    72.111    4.0    82.024    64.125    67.082    74.027    56.639    75.895    16.125    7.071    72.732    7.211    9.899    22.361    75.153    
18    67.052    86.371    20.591    81.633    10.77    88.589    81.043    73.756    87.235    10.296    84.581    77.936    13.342    4.0    77.006    4.472    10.296    0         85.006    5.657    81.056    76.276    2.0    13.928    83.487    77.885    2.828    85.884    79.612    83.63    85.006    82.377    6.325    68.6    6.325    68.6    79.31    80.112    13.928    79.812    70.214    74.041    79.31    66.468    83.774    9.899    4.0    80.623    17.493    2.828    13.038    83.726    
19    28.32    7.071    76.903    45.541    75.166    41.593    22.136    55.227    40.792    80.399    34.928    48.332    83.187    85.053    53.666    89.006    80.399    85.006    0         89.051    4.472    49.193    83.006    81.216    50.596    22.361    83.006    40.025    47.539    37.363    0.0    48.703    87.144    50.0    87.144    50.0    19.698    34.176    80.895    54.626    20.0    24.413    8.485    59.666    32.985    78.409    85.053    32.894    77.279    87.006    85.159    41.761    
20    69.857    90.089    19.799    87.132    16.125    90.377    83.952    74.404    89.051    10.296    86.729    83.487    18.385    4.0    82.62    2.0    10.296    5.657    89.051    0         85.006    81.841    7.211    19.235    89.051    80.808    6.325    87.727    85.147    85.615    89.051    87.92    2.828    69.642    2.828    69.642    82.377    82.28    12.728    85.428    73.553    76.903    83.054    66.708    86.035    15.556    4.0    82.873    17.029    2.828    17.72    85.428    
21    24.042    7.071    72.567    46.325    71.344    39.115    19.235    51.478    38.21    76.236    32.249    48.703    79.624    81.006    53.852    85.006    76.236    81.056    4.472    85.006    0         49.396    79.057    77.666    51.42    18.974    79.006    37.336    48.083    34.525    4.472    49.477    83.054    46.043    83.054    46.043    16.492    31.048    76.655    55.027    15.62    20.591    4.472    55.606    30.265    74.673    81.006    29.833    72.993    83.006    81.584    38.833    
22    63.008    55.946    80.808    7.071    65.803    86.313    66.708    91.269    85.159    77.897    79.246    2.0    67.082    78.6    4.472    80.709    77.897    76.276    49.193    81.841    49.396    0         74.632    65.299    7.211    65.115    75.802    84.012    4.0    80.895    49.193    6.325    81.4    84.38    81.4    84.38    63.561    76.655    80.623    6.0    56.321    64.498    52.498    91.411    77.279    66.573    78.6    75.802    79.246    79.057    68.877    84.593    
23    65.146    84.38    19.698    79.925    8.944    86.833    79.12    72.25    85.475    9.487    82.765    76.276    13.038    4.472    75.432    6.325    9.487    2.0    83.006    7.211    79.057    74.632    0         13.342    81.841    75.961    2.0    84.119    77.936    81.841    83.006    80.709    7.211    67.007    7.211    67.007    77.369    78.294    13.342    78.243    68.25    72.125    77.318    65.069    81.939    8.602    4.472    78.791    16.553    4.472    13.038    81.988    
24    67.602    83.678    31.401    71.176    10.296    91.4    80.957    79.511    90.0    22.0    86.533    67.082    2.0    17.72    65.513    17.493    22.0    13.928    81.216    19.235    77.666    65.299    13.342    0         72.471    77.82    15.297    88.6    68.877    86.023    81.216    71.554    20.248    73.593    20.248    73.593    78.791    82.098    26.0    68.264    69.08    74.243    76.655    73.239    85.44    6.325    17.72    82.377    28.284    16.553    4.0    86.833    
25    67.186    57.567    87.784    5.099    73.007    89.454    69.584    95.885    88.363    85.041    82.389    5.657    74.243    85.802    8.0    87.92    85.041    83.487    50.596    89.051    51.42    7.211    81.841    72.471    0         68.264    83.006    87.281    4.472    84.214    50.596    2.0    88.6    89.107    88.6    89.107    66.483    80.1    87.727    6.325    60.0    68.029    54.918    96.54    80.399    73.783    85.802    79.158    86.279    86.267    76.026    88.091    
26    11.045    17.029    65.069    63.198    69.642    21.213    3.162    33.015    20.1    71.021    14.142    64.777    79.624    76.903    69.426    81.253    71.021    77.885    22.361    80.808    18.974    65.115    75.961    77.82    68.264    0         75.432    19.026    64.498    16.0    22.361    66.272    78.447    28.284    78.447    28.284    2.828    12.166    70.456    71.021    10.0    4.0    14.56    38.21    12.166    73.539    76.903    11.045    66.272    79.31    81.437    20.1    
27    64.56    84.214    17.889    80.994    10.0    85.884    78.588    70.937    84.534    7.616    81.939    77.421    15.033    2.828    76.694    6.0    7.616    2.828    83.006    6.325    79.006    75.802    2.0    15.297    83.006    75.432    0         83.187    79.057    80.957    83.006    81.841    5.657    65.803    5.657    65.803    76.903    77.473    11.402    79.511    67.897    71.568    77.162    63.64    81.154    10.296    2.828    78.0    14.765    4.0    15.033    81.006    
28    23.324    33.526    69.57    82.219    79.322    2.828    18.111    21.541    1.414    77.473    5.099    83.726    90.211    84.095    88.284    88.566    77.473    85.884    40.025    87.727    37.336    84.012    84.119    88.6    87.281    19.026    83.187    0         83.487    3.162    40.025    85.288    85.088    21.024    85.088    21.024    21.024    7.616    75.961    89.944    27.893    19.647    33.136    29.833    7.071    83.487    84.095    8.246    71.512    86.764    91.837    3.162    
29    63.071    54.424    83.487    3.162    69.065    85.709    65.924    91.662    84.593    80.92    78.638    2.0    70.682    81.841    7.211    84.06    80.92    79.612    47.539    85.147    48.083    4.0    77.936    68.877    4.472    64.498    79.057    83.487    0         80.399    47.539    2.828    84.629    84.853    84.629    84.853    62.801    76.236    83.546    7.211    56.036    64.125    51.42    92.195    76.655    69.971    81.841    75.326    82.024    82.377    72.498    84.214    
30    20.248    31.016    67.72    79.158    76.851    5.831    15.297    21.954    4.472    75.392    2.828    80.623    87.658    81.939    85.159    86.406    75.392    83.63    37.363    85.615    34.525    80.895    81.841    86.023    84.214    16.0    80.957    3.162    80.399    0         37.363    82.219    83.006    20.396    83.006    20.396    18.111    4.472    74.0    86.833    24.739    16.492    30.265    29.732    4.472    80.994    81.939    5.099    69.57    84.581    89.308    4.472    
31    28.32    7.071    76.903    45.541    75.166    41.593    22.136    55.227    40.792    80.399    34.928    48.332    83.187    85.053    53.666    89.006    80.399    85.006    0.0    89.051    4.472    49.193    83.006    81.216    50.596    22.361    83.006    40.025    47.539    37.363    0         48.703    87.144    50.0    87.144    50.0    19.698    34.176    80.895    54.626    20.0    24.413    8.485    59.666    32.985    78.409    85.053    32.894    77.279    87.006    85.159    41.761    
32    65.192    55.66    86.313    3.162    71.847    87.464    67.602    93.904    86.371    83.738    80.399    4.472    73.348    84.629    8.246    86.822    83.738    82.377    48.703    87.92    49.477    6.325    80.709    71.554    2.0    66.272    81.841    85.288    2.828    82.219    48.703    0         87.419    87.132    87.419    87.132    64.498    78.102    86.371    7.211    58.0    66.03    52.953    94.594    78.409    72.719    84.629    77.162    84.853    85.147    75.153    86.093    
33    67.469    88.023    16.971    86.533    15.62    87.727    81.584    71.61    86.406    7.616    84.155    83.006    19.647    2.828    82.329    4.472    7.616    6.325    87.144    2.828    83.054    81.4    7.211    20.248    88.6    78.447    5.657    85.088    84.629    83.006    87.144    87.419    0         66.888    0.0    66.888    80.062    79.712    9.899    85.147    71.344    74.525    81.006    63.891    83.487    15.811    2.828    80.324    14.213    4.0    19.235    82.765    
34    22.847    45.277    50.537    84.345    63.64    23.022    29.833    7.071    22.0    59.363    22.804    84.593    74.967    66.287    88.204    70.725    59.363    68.6    50.0    69.642    46.043    84.38    67.007    73.593    89.107    28.284    65.803    21.024    84.853    20.396    50.0    87.132    66.888    0         66.888    0.0    31.113    19.698    57.306    90.355    31.305    25.612    41.617    10.0    23.409    67.882    66.287    21.024    52.839    69.065    76.368    18.0    
35    67.469    88.023    16.971    86.533    15.62    87.727    81.584    71.61    86.406    7.616    84.155    83.006    19.647    2.828    82.329    4.472    7.616    6.325    87.144    2.828    83.054    81.4    7.211    20.248    88.6    78.447    5.657    85.088    84.629    83.006    87.144    87.419    0.0    66.888    0         66.888    80.062    79.712    9.899    85.147    71.344    74.525    81.006    63.891    83.487    15.811    2.828    80.324    14.213    4.0    19.235    82.765    
36    22.847    45.277    50.537    84.345    63.64    23.022    29.833    7.071    22.0    59.363    22.804    84.593    74.967    66.287    88.204    70.725    59.363    68.6    50.0    69.642    46.043    84.38    67.007    73.593    89.107    28.284    65.803    21.024    84.853    20.396    50.0    87.132    66.888    0.0    66.888    0         31.113    19.698    57.306    90.355    31.305    25.612    41.617    10.0    23.409    67.882    66.287    21.024    52.839    69.065    76.368    18.0    
37    13.038    14.213    67.007    61.4    70.838    23.022    3.162    35.805    22.0    72.691    16.0    63.151    80.623    78.447    67.912    82.765    72.691    79.31    19.698    82.377    16.492    63.561    77.369    78.791    66.483    2.828    76.903    21.024    62.801    18.111    19.698    64.498    80.062    31.113    80.062    31.113    0         14.56    72.25    69.426    10.0    6.325    12.166    41.037    14.0    74.673    78.447    13.342    68.118    80.808    82.462    22.361    
38    15.811    28.178    64.761    75.06    73.062    10.296    12.083    22.672    8.944    72.111    4.472    76.42    83.762    78.549    80.895    83.006    72.111    80.112    34.176    82.28    31.048    76.655    78.294    82.098    80.1    12.166    77.473    7.616    76.236    4.472    34.176    78.102    79.712    19.698    79.712    19.698    14.56    0         70.88    82.608    20.396    12.166    26.683    29.53    4.0    77.175    78.549    1.414    66.483    81.154    85.44    8.0    
39    59.414    81.154    7.071    85.147    17.72    78.549    73.553    61.855    77.253    4.0    75.286    82.073    26.077    10.296    82.073    14.213    4.0    13.928    80.895    12.728    76.655    80.623    13.342    26.0    87.727    70.456    11.402    75.961    83.546    74.0    80.895    86.371    9.899    57.306    9.899    57.306    72.25    70.88    0         84.9    64.0    66.483    74.243    54.037    74.726    20.1    10.296    71.568    4.472    13.038    26.306    73.539    
40    69.007    61.465    85.428    9.899    69.527    92.228    72.567    97.252    91.082    82.024    85.159    6.325    69.971    82.329    2.828    84.202    82.024    79.812    54.626    85.428    55.027    6.0    78.243    68.264    6.325    71.021    79.511    89.944    7.211    86.833    54.626    7.211    85.147    90.355    85.147    90.355    69.426    82.608    84.9    0         62.29    70.456    58.241    97.324    83.187    70.0    82.329    81.744    83.738    82.62    71.694    90.554    
41    8.602    17.72    59.211    55.009    61.4    30.364    12.728    37.336    29.12    64.125    23.409    56.143    70.937    69.584    60.531    73.824    64.125    70.214    20.0    73.553    15.62    56.321    68.25    69.08    60.0    10.0    67.897    27.893    56.036    24.739    20.0    58.0    71.344    31.305    71.344    31.305    10.0    20.396    64.0    62.29    0         8.246    11.662    40.497    21.541    65.146    69.584    19.647    60.033    71.847    72.801    28.284    
42    7.071    19.849    61.074    63.008    65.924    22.136    7.071    30.887    20.881    67.082    15.232    64.281    76.026    73.007    68.731    77.369    67.082    74.041    24.413    76.903    20.591    64.498    72.125    74.243    68.029    4.0    71.568    19.647    64.125    16.492    24.413    66.03    74.525    25.612    74.525    25.612    6.325    12.166    66.483    70.456    8.246    0         16.125    35.384    13.416    69.857    73.007    11.402    62.29    75.432    77.82    20.1    
43    19.849    7.071    69.871    49.82    69.871    35.014    15.033    47.011    34.059    74.027    28.071    51.923    78.588    79.057    56.921    83.15    74.027    79.31    8.485    83.054    4.472    52.498    77.318    76.655    54.918    14.56    77.162    33.136    51.42    30.265    8.485    52.953    81.006    41.617    81.006    41.617    12.166    26.683    74.243    58.241    11.662    16.125    0         51.225    26.077    73.348    79.057    25.495    70.456    81.154    80.523    34.525    
44    31.906    55.154    47.011    91.924    63.008    31.401    39.825    9.055    30.594    56.639    32.311    91.782    74.404    63.702    95.037    68.015    56.639    66.468    59.666    66.708    55.606    91.411    65.069    73.239    96.54    38.21    63.64    29.833    92.195    29.732    59.666    94.594    63.891    10.0    63.891    10.0    41.037    29.53    54.037    97.324    40.497    35.384    51.225    0         33.106    67.201    63.702    30.887    49.679    66.528    75.604    26.683    
45    18.385    26.571    68.659    75.326    76.538    9.055    11.045    25.807    8.0    75.895    2.0    76.942    87.132    82.28    81.584    86.729    75.895    83.774    32.985    86.035    30.265    77.279    81.939    85.44    80.399    12.166    81.154    7.071    76.655    4.472    32.985    78.409    83.487    23.409    83.487    23.409    14.0    4.0    74.726    83.187    21.541    13.416    26.077    33.106    0         80.623    82.28    3.162    70.342    84.865    88.837    8.944    
46    63.071    80.411    25.179    72.069    4.243    86.267    76.694    73.661    84.876    16.125    81.633    68.264    7.211    13.038    67.201    14.213    16.125    9.899    78.409    15.556    74.673    66.573    8.602    6.325    73.783    73.539    10.296    83.487    69.971    80.994    78.409    72.719    15.811    67.882    15.811    67.882    74.673    77.175    20.1    70.0    65.146    69.857    73.348    67.201    80.623    0         13.038    77.524    22.091    12.728    8.485    81.609    
47    65.97    86.093    17.205    83.762    12.806    86.764    80.05    71.218    85.428    7.071    83.006    80.212    17.263    0.0    79.511    4.472    7.071    4.0    85.053    4.0    81.006    78.6    4.472    17.72    85.802    76.903    2.828    84.095    81.841    81.939    85.053    84.629    2.828    66.287    2.828    66.287    78.447    78.549    10.296    82.329    69.584    73.007    79.057    63.702    82.28    13.038    0         79.12    14.213    2.828    17.029    81.841    
48    15.62    26.833    65.513    74.108    73.43    10.77    10.77    24.083    9.487    72.732    4.243    75.538    84.06    79.12    80.062    83.57    72.732    80.623    32.894    82.873    29.833    75.802    78.791    82.377    79.158    11.045    78.0    8.246    75.326    5.099    32.894    77.162    80.324    21.024    80.324    21.024    13.342    1.414    71.568    81.744    19.647    11.402    25.495    30.887    3.162    77.524    79.12    0         67.186    81.707    85.755    9.055    
49    55.227    77.318    3.162    83.487    19.026    74.095    69.354    57.428    72.801    7.211    70.88    80.623    28.636    14.213    80.92    18.385    7.211    17.493    77.279    17.029    72.993    79.246    16.553    28.284    86.279    66.272    14.765    71.512    82.024    69.57    77.279    84.853    14.213    52.839    14.213    52.839    68.118    66.483    4.472    83.738    60.033    62.29    70.456    49.679    70.342    22.091    14.213    67.186    0         17.029    29.12    69.08    
50    68.411    88.204    20.0    84.38    13.416    89.443    82.462    74.027    88.102    9.899    85.615    80.709    15.811    2.828    79.812    2.0    9.899    2.828    87.006    2.828    83.006    79.057    4.472    16.553    86.267    79.31    4.0    86.764    82.377    84.581    87.006    85.147    4.0    69.065    4.0    69.065    80.808    81.154    13.038    82.62    71.847    75.432    81.154    66.528    84.865    12.728    2.828    81.707    17.029    0         15.297    84.534    
51    71.12    87.556    32.28    74.847    12.728    94.626    84.581    82.134    93.231    22.361    89.889    70.682    2.0    17.029    68.964    15.811    22.361    13.038    85.159    17.72    81.584    68.877    13.038    4.0    76.026    81.437    15.033    91.837    72.498    89.308    85.159    75.153    19.235    76.368    19.235    76.368    82.462    85.44    26.306    71.694    72.801    77.82    80.523    75.604    88.837    8.485    17.029    85.755    29.12    15.297    0         90.0    
52    22.847    35.468    67.067    83.054    77.421    5.099    19.647    18.385    4.0    75.153    7.211    84.38    88.408    81.841    88.814    86.313    75.153    83.726    41.761    85.428    38.833    84.593    81.988    86.833    88.091    20.1    81.006    3.162    84.214    4.472    41.761    86.093    82.765    18.0    82.765    18.0    22.361    8.0    73.539    90.554    28.284    20.1    34.525    26.683    8.944    81.609    81.841    9.055    69.08    84.534    90.0    0         


Demandas:
1: 0.0
2: 22.0
3: 8.0
4: 3.0
5: 6.0
6: 10.0
7: 18.0
8: 8.0
9: 13.0
10: 13.0
11: 3.0
12: 10.0
13: 6.0
14: 23.0
15: 8.0
16: 4.0
17: 13.0
18: 6.0
19: 5.0
20: 10.0
21: 22.0
22: 13.0
23: 13.0
24: 18.0
25: 14.0
26: 14.0
27: 26.0
28: 23.0
29: 4.0
30: 25.0
31: 9.0
32: 8.0
33: 16.0
34: 3.0
35: 1.0
36: 17.0
37: 9.0
38: 15.0
39: 2.0
40: 19.0
41: 7.0
42: 6.0
43: 22.0
44: 22.0
45: 10.0
46: 7.0
47: 4.0
48: 23.0
49: 13.0
50: 10.0
51: 8.0
52: 14.0
+-+-+-+-+-+-+-+-+-+-+-+-+-+-+-+ SOLUCION INICIAL +-+-+-+-+-+-+-+-+-+-+-+-+-+-+-+-

Ruta #1: [1, 42, 26, 37, 7, 48, 38, 45]
Costo asociado: 51.63000000000001      Capacidad: 95.0

Ruta #2: [1, 41, 43, 21, 19, 31, 2]
Costo asociado: 61.339      Capacidad: 87.0

Ruta #3: [1, 11, 30, 28, 9, 6, 52]
Costo asociado: 56.61300000000001      Capacidad: 88.0

Ruta #4: [1, 34, 36, 8, 44, 3, 49, 39, 10, 17]
Costo asociado: 157.63500000000002      Capacidad: 99.0

Ruta #5: [1, 5, 46, 24, 13, 51, 18, 23, 27]
Costo asociado: 155.25900000000001      Capacidad: 90.0

Ruta #6: [1, 4, 29, 12, 22, 15, 40, 25, 32, 47, 33]
Costo asociado: 240.00300000000001      Capacidad: 99.0

Ruta #7: [1, 14, 35, 20, 16, 50]
Costo asociado: 144.037      Capacidad: 48.0

--> Costo total: 866.5160000000001          Capacidad total: 606.0

+-+-+-+-+-+-+-+-+-+-+-+-+-+-+-+-+-+-+- Iteracion 39  +-+-+-+-+-+-+-+-+-+-+-+-+-+-+-+-+-+-+-


Ruta #1: [1, 42, 26, 37, 7, 48, 38, 45]
Costo asociado: 51.63000000000001      Capacidad: 95.0

Ruta #2: [1, 41, 43, 21, 19, 31, 2]
Costo asociado: 61.339      Capacidad: 87.0

Ruta #3: [1, 11, 30, 28, 9, 6, 52]
Costo asociado: 56.61300000000001      Capacidad: 88.0

Ruta #4: [1, 34, 36, 8, 44, 3, 49, 39, 10, 17]
Costo asociado: 157.63500000000002      Capacidad: 99.0

Ruta #5: [1, 5, 46, 24, 13, 51, 18, 23, 27]
Costo asociado: 155.25900000000001      Capacidad: 90.0

Ruta #6: [1, 4, 29, 12, 22, 15, 40, 25, 32, 47, 33]
Costo asociado: 240.00300000000001      Capacidad: 99.0

Ruta #7: [1, 14, 35, 20, 16, 50]
Costo asociado: 144.037      Capacidad: 48.0

--> Costo total: 864.0260000000001          Capacidad total: 606.0

+-+-+-+-+-+-+-+-+-+-+-+-+-+-+-+-+-+-+- Iteracion 39  +-+-+-+-+-+-+-+-+-+-+-+-+-+-+-+-+-+-+-

La solución anterior duró 0min 0seg    -------> Nuevo optimo local. Costo: 864.0260000000001
Lista tabu: [((26,37,2.828),1), ((41,43,11.662),1), ((9,6,1.414),2), ((48,38,1.414),2), ((9,38,8.944),1), ((13,51,2.0),3), ((18,23,2.0),3), ((13,18,13.342),2), ((16,50,2.0),4), ((47,33,2.828),4), ((16,33,4.472),3), ((30,28,3.162),5), ((6,52,5.099),5), ((6,30,5.831),4), ((16,50,2.0),6), ((10,17,0.0),6), ((16,17,11.402),5), ((36,8,7.071),7), ((44,3,47.011),7), ((36,44,10.0),6), ((29,12,2.0),8), ((15,40,2.828),8), ((15,29,7.211),7)]

+-+-+-+-+-+-+-+-+-+-+-+-+-+-+-+-+-+-+- Iteracion 43  +-+-+-+-+-+-+-+-+-+-+-+-+-+-+-+-+-+-+-


Ruta #1: [1, 42, 26, 37, 7, 45, 38, 48]
Costo asociado: 49.14      Capacidad: 95.0

Ruta #2: [1, 41, 43, 21, 19, 31, 2]
Costo asociado: 61.339      Capacidad: 87.0

Ruta #3: [1, 11, 30, 28, 9, 6, 52]
Costo asociado: 56.61300000000001      Capacidad: 88.0

Ruta #4: [1, 34, 36, 8, 44, 3, 49, 39, 10, 17]
Costo asociado: 157.63500000000002      Capacidad: 99.0

Ruta #5: [1, 5, 46, 24, 13, 51, 18, 23, 27]
Costo asociado: 155.25900000000001      Capacidad: 90.0

Ruta #6: [1, 4, 29, 12, 22, 15, 40, 25, 32, 47, 33]
Costo asociado: 240.00300000000001      Capacidad: 99.0

Ruta #7: [1, 14, 35, 20, 16, 50]
Costo asociado: 144.037      Capacidad: 48.0

--> Costo total: 860.469          Capacidad total: 606.0

+-+-+-+-+-+-+-+-+-+-+-+-+-+-+-+-+-+-+- Iteracion 43  +-+-+-+-+-+-+-+-+-+-+-+-+-+-+-+-+-+-+-

La solución anterior duró 0min 0seg    -------> Nuevo optimo local. Costo: 860.469
Lista tabu: [((30,28,3.162),1), ((6,52,5.099),1), ((16,50,2.0),2), ((10,17,0.0),2), ((16,17,11.402),1), ((36,8,7.071),3), ((44,3,47.011),3), ((36,44,10.0),2), ((29,12,2.0),4), ((15,40,2.828),4), ((15,29,7.211),3), ((7,48,10.77),10), ((45,1,18.385),10), ((7,45,11.045),8), ((46,24,6.325),6), ((51,18,13.038),6), ((46,51,8.485),5), ((20,16,2.0),7), ((32,47,84.629),7), ((20,47,4.0),6), ((42,26,4.0),8), ((7,45,11.045),8), ((7,42,7.071),7)]

+-+-+-+-+-+-+-+-+-+-+-+-+-+-+-+-+-+-+- Iteracion 65  +-+-+-+-+-+-+-+-+-+-+-+-+-+-+-+-+-+-+-


Ruta #1: [1, 42, 26, 37, 7, 45, 38, 48]
Costo asociado: 49.14      Capacidad: 95.0

Ruta #2: [1, 41, 43, 21, 19, 31, 2]
Costo asociado: 61.339      Capacidad: 87.0

Ruta #3: [1, 11, 30, 28, 9, 6, 52]
Costo asociado: 56.61300000000001      Capacidad: 88.0

Ruta #4: [1, 34, 36, 8, 44, 3, 49, 39, 10, 17]
Costo asociado: 157.63500000000002      Capacidad: 99.0

Ruta #5: [1, 5, 46, 24, 13, 51, 18, 23, 27]
Costo asociado: 155.25900000000001      Capacidad: 90.0

Ruta #6: [1, 4, 29, 12, 32, 25, 40, 15, 22, 47, 33]
Costo asociado: 236.446      Capacidad: 99.0

Ruta #7: [1, 14, 35, 20, 16, 50]
Costo asociado: 144.037      Capacidad: 48.0

--> Costo total: 859.8220000000001          Capacidad total: 606.0

+-+-+-+-+-+-+-+-+-+-+-+-+-+-+-+-+-+-+- Iteracion 65  +-+-+-+-+-+-+-+-+-+-+-+-+-+-+-+-+-+-+-

La solución anterior duró 0min 0seg    -------> Nuevo optimo local. Costo: 859.8220000000001
Lista tabu: [((24,13,2.0),1), ((23,27,2.0),1), ((43,21,4.472),2), ((2,1,25.06),2), ((2,43,7.071),1), ((5,46,4.243),3), ((27,1,64.56),3), ((5,27,10.0),2), ((39,10,4.0),4), ((17,1,60.017),4), ((17,39,4.0),3), ((9,6,1.414),5), ((38,48,1.414),5), ((9,48,9.487),4), ((46,24,6.325),6), ((18,23,2.0),6), ((18,46,9.899),5), ((30,28,3.162),7), ((6,52,5.099),7), ((6,30,5.831),6), ((42,26,4.0),8), ((7,45,11.045),8), ((7,42,7.071),7)]

+-+-+-+-+-+-+-+-+-+-+-+-+-+-+-+-+-+-+- Iteracion 90  +-+-+-+-+-+-+-+-+-+-+-+-+-+-+-+-+-+-+-


Ruta #1: [1, 42, 26, 37, 7, 45, 48, 38]
Costo asociado: 48.493      Capacidad: 95.0

Ruta #2: [1, 41, 43, 21, 19, 31, 2]
Costo asociado: 61.339      Capacidad: 87.0

Ruta #3: [1, 11, 30, 28, 9, 6, 52]
Costo asociado: 56.61300000000001      Capacidad: 88.0

Ruta #4: [1, 34, 36, 8, 44, 3, 49, 39, 10, 17]
Costo asociado: 157.63500000000002      Capacidad: 99.0

Ruta #5: [1, 5, 46, 24, 13, 51, 18, 23, 27]
Costo asociado: 155.25900000000001      Capacidad: 90.0

Ruta #6: [1, 4, 29, 12, 32, 25, 40, 15, 22, 47, 33]
Costo asociado: 236.446      Capacidad: 99.0

Ruta #7: [1, 14, 35, 20, 16, 50]
Costo asociado: 144.037      Capacidad: 48.0

--> Costo total: 858.8800000000001          Capacidad total: 606.0

+-+-+-+-+-+-+-+-+-+-+-+-+-+-+-+-+-+-+- Iteracion 90  +-+-+-+-+-+-+-+-+-+-+-+-+-+-+-+-+-+-+-

La solución anterior duró 0min 0seg    -------> Nuevo optimo local. Costo: 858.8800000000001
Lista tabu: [((4,29,3.162),1), ((12,32,4.472),1), ((16,50,2.0),2), ((10,17,0.0),2), ((16,17,11.402),1), ((29,12,2.0),3), ((15,22,4.472),3), ((15,29,7.211),2), ((21,19,4.472),4), ((2,1,25.06),4), ((2,21,7.071),3), ((3,49,3.162),5), ((39,10,4.0),5), ((3,39,7.071),4), ((37,7,3.162),6), ((38,1,15.811),6), ((37,38,14.56),5), ((11,30,2.828),7), ((42,26,4.0),7), ((11,26,14.142),6), ((34,36,0.0),8), ((44,3,47.011),8), ((34,44,10.0),7)]

+-+-+-+-+-+-+-+-+-+-+-+-+-+-+-+-+-+-+- Iteracion 136  +-+-+-+-+-+-+-+-+-+-+-+-+-+-+-+-+-+-+-


Ruta #1: [1, 42, 26, 37, 7, 45, 48, 38]
Costo asociado: 48.493      Capacidad: 95.0

Ruta #2: [1, 41, 43, 21, 19, 31, 2]
Costo asociado: 61.339      Capacidad: 87.0

Ruta #3: [1, 11, 30, 28, 9, 6, 52]
Costo asociado: 56.61300000000001      Capacidad: 88.0

Ruta #4: [1, 34, 36, 8, 44, 3, 49, 39, 10, 17]
Costo asociado: 157.63500000000002      Capacidad: 99.0

Ruta #5: [1, 5, 46, 24, 13, 51, 18, 23, 27]
Costo asociado: 155.25900000000001      Capacidad: 90.0

Ruta #6: [1, 4, 29, 12, 32, 25, 40, 15, 22, 47, 33]
Costo asociado: 236.446      Capacidad: 99.0

Ruta #7: [1, 14, 50, 16, 20, 35]
Costo asociado: 143.095      Capacidad: 48.0

--> Costo total: 778.647          Capacidad total: 606.0

+-+-+-+-+-+-+-+-+-+-+-+-+-+-+-+-+-+-+- Iteracion 136  +-+-+-+-+-+-+-+-+-+-+-+-+-+-+-+-+-+-+-

La solución anterior duró 0min 0seg    -------> Nuevo optimo local. Costo: 778.647
Lista tabu: [((14,50,2.828),1), ((18,23,2.0),1), ((7,45,11.045),2), ((38,1,15.811),2), ((7,38,12.083),1), ((34,36,0.0),3), ((8,44,9.055),3), ((8,34,7.071),2), ((16,20,2.0),4), ((47,33,2.828),4), ((16,33,4.472),3), ((29,12,2.0),5), ((32,25,2.0),5), ((29,32,2.828),4), ((29,12,2.0),6), ((32,25,2.0),6), ((29,32,2.828),5), ((36,8,7.071),7), ((44,3,47.011),7), ((36,44,10.0),6), ((25,40,6.325),8), ((22,47,78.6),8), ((22,25,7.211),7)]

+-+-+-+-+-+-+-+-+-+-+-+-+-+-+-+-+-+-+- Iteracion 150  +-+-+-+-+-+-+-+-+-+-+-+-+-+-+-+-+-+-+-


Ruta #1: [1, 42, 26, 37, 7, 45, 48, 38]
Costo asociado: 48.493      Capacidad: 95.0

Ruta #2: [1, 41, 43, 21, 19, 31, 2]
Costo asociado: 61.339      Capacidad: 87.0

Ruta #3: [1, 11, 30, 28, 9, 6, 52]
Costo asociado: 56.61300000000001      Capacidad: 88.0

Ruta #4: [1, 34, 36, 8, 44, 3, 49, 39, 10, 17]
Costo asociado: 157.63500000000002      Capacidad: 99.0

Ruta #5: [1, 5, 46, 24, 13, 51, 18, 23, 27]
Costo asociado: 155.25900000000001      Capacidad: 90.0

Ruta #6: [1, 4, 29, 12, 32, 25, 40, 15, 22]
Costo asociado: 150.557      Capacidad: 79.0

Ruta #7: [1, 14, 50, 16, 20, 35, 47, 33]
Costo asociado: 148.751      Capacidad: 68.0

--> Costo total: 776.9910000000001          Capacidad total: 606.0

+-+-+-+-+-+-+-+-+-+-+-+-+-+-+-+-+-+-+- Iteracion 150  +-+-+-+-+-+-+-+-+-+-+-+-+-+-+-+-+-+-+-

La solución anterior duró 0min 0seg    -------> Nuevo optimo local. Costo: 776.9910000000001
Lista tabu: [((23,27,2.0),1), ((49,39,4.472),1), ((28,9,1.414),2), ((52,1,22.847),2), ((28,52,3.162),1), ((14,50,2.828),3), ((20,35,2.828),3), ((14,20,4.0),2), ((12,32,4.472),4), ((15,22,4.472),4), ((12,15,5.657),3), ((12,32,4.472),5), ((15,22,4.472),5), ((12,15,5.657),4), ((46,24,6.325),6), ((14,50,2.828),6), ((46,50,12.728),5), ((7,45,11.045),7), ((48,38,1.414),7), ((7,48,10.77),6), ((12,32,4.472),8), ((40,15,2.828),8), ((12,40,6.325),7)]

+-+-+-+-+-+-+-+-+-+-+-+-+-+-+-+-+-+-+- Iteracion 170  +-+-+-+-+-+-+-+-+-+-+-+-+-+-+-+-+-+-+-


Ruta #1: [1, 42, 26, 37, 7, 45, 48, 38]
Costo asociado: 48.493      Capacidad: 95.0

Ruta #2: [1, 41, 43, 21, 19, 31, 2]
Costo asociado: 61.339      Capacidad: 87.0

Ruta #3: [1, 11, 30, 28, 9, 6, 52]
Costo asociado: 56.61300000000001      Capacidad: 88.0

Ruta #4: [1, 34, 36, 8, 44, 3, 49, 39, 10, 17]
Costo asociado: 157.63500000000002      Capacidad: 99.0

Ruta #5: [1, 5, 46, 24, 13, 51, 18, 23, 27]
Costo asociado: 155.25900000000001      Capacidad: 90.0

Ruta #6: [1, 4, 29, 12, 32, 25, 40, 15, 22]
Costo asociado: 150.557      Capacidad: 79.0

Ruta #7: [1, 14, 50, 16, 20, 47, 35, 33]
Costo asociado: 147.095      Capacidad: 68.0

--> Costo total: 774.32          Capacidad total: 606.0

+-+-+-+-+-+-+-+-+-+-+-+-+-+-+-+-+-+-+- Iteracion 170  +-+-+-+-+-+-+-+-+-+-+-+-+-+-+-+-+-+-+-

La solución anterior duró 0min 0seg    -------> Nuevo optimo local. Costo: 774.32
Lista tabu: [((42,26,4.0),1), ((7,45,11.045),1), ((14,50,2.828),2), ((18,23,2.0),2), ((14,23,4.472),1), ((25,40,6.325),3), ((15,22,4.472),3), ((15,25,8.0),2), ((5,46,4.243),4), ((13,51,2.0),4), ((5,13,11.402),3), ((43,21,4.472),5), ((2,1,25.06),5), ((2,43,7.071),4), ((13,51,2.0),6), ((18,23,2.0),6), ((13,18,13.342),5), ((18,23,2.0),7), ((14,50,2.828),7), ((18,50,2.828),6), ((48,38,1.414),8), ((6,52,5.099),8), ((48,52,9.055),7)]

+-+-+-+-+-+-+-+-+-+-+-+-+-+-+-+-+-+-+- Iteracion 180  +-+-+-+-+-+-+-+-+-+-+-+-+-+-+-+-+-+-+-


Ruta #1: [1, 42, 26, 37, 7, 45, 48, 38]
Costo asociado: 48.493      Capacidad: 95.0

Ruta #2: [1, 41, 43, 21, 19, 31, 2]
Costo asociado: 61.339      Capacidad: 87.0

Ruta #3: [1, 11, 30, 28, 9, 6, 52]
Costo asociado: 56.61300000000001      Capacidad: 88.0

Ruta #4: [1, 34, 36, 8, 44, 3, 49, 39, 10, 17]
Costo asociado: 157.63500000000002      Capacidad: 99.0

Ruta #5: [1, 5, 46, 24, 13, 51, 18, 23, 27]
Costo asociado: 155.25900000000001      Capacidad: 90.0

Ruta #6: [1, 4, 29, 12, 32, 25, 40, 15, 22]
Costo asociado: 150.557      Capacidad: 79.0

Ruta #7: [1, 14, 50, 16, 20, 33, 35, 47]
Costo asociado: 144.424      Capacidad: 68.0

--> Costo total: 773.9330000000001          Capacidad total: 606.0

+-+-+-+-+-+-+-+-+-+-+-+-+-+-+-+-+-+-+- Iteracion 180  +-+-+-+-+-+-+-+-+-+-+-+-+-+-+-+-+-+-+-

La solución anterior duró 0min 0seg    -------> Nuevo optimo local. Costo: 773.9330000000001
Lista tabu: [((20,47,4.0),4), ((33,1,67.469),4), ((20,33,2.828),2), ((37,7,3.162),1), ((48,38,1.414),1), ((13,51,2.0),2), ((18,23,2.0),2), ((13,18,13.342),1), ((7,45,11.045),3), ((48,38,1.414),3), ((7,48,10.77),2), ((5,46,4.243),4), ((1,14,65.97),4), ((5,14,12.806),3), ((42,26,4.0),5), ((48,38,1.414),5), ((42,48,11.402),4), ((5,46,4.243),6), ((18,23,2.0),6), ((5,18,10.77),5), ((46,24,6.325),7), ((14,50,2.828),7), ((46,50,12.728),6), ((20,33,2.828),8), ((49,39,4.472),8), ((20,39,12.728),7)]

+-+-+-+-+-+-+-+-+-+-+-+-+-+-+-+-+-+-+- Iteracion 202  +-+-+-+-+-+-+-+-+-+-+-+-+-+-+-+-+-+-+-


Ruta #1: [1, 42, 26, 37, 7, 45, 48, 38]
Costo asociado: 48.493      Capacidad: 95.0

