+-+-+-+-+-+-+-+-+-+-+-+-+-+-+ GRAFO CARGADO +-+-+-+-+-+-+-+-+-+-+-+-+-+-+-
        1         2         3         4         5         6         7         8         9         10        11        12        13        14        15        16        17        18        19        20        21        22        23        24        25        26        27        28        29        30        31        32        33        34        35        36        37        38        39        40        41        42        43        44
1     0         45.695    63.246    58.241    68.877    21.26    26.683    8.944    79.158    74.095    80.449    76.551    51.865    31.78    67.067    58.464    13.038    21.401    14.213    18.385    45.891    27.893    83.187    83.762    72.236    48.765    66.708    64.327    51.245    15.811    81.413    62.817    20.248    58.941    34.205    63.64    64.514    34.785    83.355    72.732    25.495    34.785    81.413    60.877    
2     45.695    0         42.048    14.142    80.895    26.306    56.851    46.043    89.275    81.056    84.095    82.0    7.071    55.227    46.065    15.811    45.453    25.495    43.932    42.45    9.487    57.009    92.087    88.091    51.478    7.071    48.847    21.587    7.616    45.277    90.089    19.235    46.755    15.297    60.745    22.847    43.382    59.682    90.0    49.092    20.248    59.682    90.089    17.263    
3     63.246    42.048    0         36.222    51.614    55.606    54.332    57.271    56.798    47.854    48.083    47.539    38.601    47.854    4.243    33.136    53.759    54.203    51.788    47.518    32.65    53.46    58.31    51.923    9.899    35.468    7.071    33.136    36.688    51.478    56.462    35.014    49.092    35.128    52.631    29.155    1.414    50.695    55.027    9.487    48.27    50.695    56.462    35.014    
4     58.241    14.142    36.222    0         82.219    40.05    65.299    57.271    89.499    80.808    82.608    81.216    7.071    62.241    39.623    3.162    55.946    39.115    54.203    51.865    13.038    65.192    91.782    86.579    44.385    9.487    43.29    7.616    7.071    55.227    89.822    5.099    55.803    1.414    67.897    9.899    37.336    66.528    89.107    41.11    33.377    66.528    89.822    3.162    
5     68.877    80.895    51.614    82.219    0         77.279    43.267    59.933    10.296    9.055    16.492    12.166    81.253    37.121    51.088    79.712    55.946    76.118    55.154    51.865    72.567    41.881    14.422    17.889    50.931    76.903    46.755    81.939    79.31    53.31    12.806    83.006    48.847    81.597    35.805    78.294    51.4    34.67    15.62    55.154    73.335    34.67    12.806    82.28    
6     21.26    26.306    55.606    40.05    77.279    0         41.231    25.06    87.098    80.362    85.44    82.219    33.136    43.105    59.816    41.012    26.571    1.414    25.962    27.166    29.428    41.976    90.708    89.196    65.437    31.016    60.877    47.011    33.015    27.893    88.769    45.011    31.401    41.012    47.518    47.265    57.009    47.265    89.844    64.637    7.616    47.265    88.769    43.012    
7     26.683    56.851    54.332    65.299    43.267    41.231    0         18.111    53.535    49.578    56.569    52.345    60.811    7.616    57.079    64.203    15.033    40.522    15.297    14.765    52.402    1.414    57.689    59.464    61.008    56.586    55.009    69.065    59.414    13.342    56.036    68.6    10.296    65.437    7.616    66.888    55.227    8.602    58.412    63.071    40.719    8.602    56.036    67.007    
8     8.944    46.043    57.271    57.271    59.933    25.06    18.111    0         70.214    65.192    71.61    67.676    51.478    22.847    60.877    57.009    4.243    24.698    5.831    10.296    44.385    19.235    74.243    74.887    65.803    47.854    60.083    62.626    50.537    7.071    72.471    61.465    11.402    57.775    25.495    61.4    58.464    25.962    74.431    66.708    26.87    25.962    72.471    59.615    
9     79.158    89.275    56.798    89.499    10.296    87.098    53.535    70.214    0         8.944    12.083    9.899    89.107    47.413    55.57    86.833    66.212    85.907    65.391    62.032    80.623    52.154    4.243    11.045    54.406    84.853    51.108    88.544    87.132    63.561    3.162    89.844    59.093    88.769    46.043    84.758    56.356    44.944    7.071    58.822    82.873    44.944    3.162    89.286    
10    74.095    81.056    47.854    80.808    9.055    80.362    49.578    65.192    8.944    0         7.616    3.162    80.623    42.802    46.648    78.102    61.057    79.12    60.033    56.356    72.25    48.166    11.045    9.899    45.607    76.42    42.19    79.699    78.638    58.31    9.055    81.043    53.852    80.05    42.426    75.895    47.413    41.037    9.487    50.0    75.71    41.037    9.055    80.523    
11    80.449    84.095    48.083    82.608    16.492    85.44    56.569    71.61    12.083    7.616    0         4.472    83.054    49.578    46.239    79.762    67.424    84.155    66.287    62.434    75.007    55.154    11.314    4.0    44.294    79.006    41.785    80.808    81.056    64.637    10.0    82.377    60.216    81.744    49.578    76.903    47.434    48.104    7.211    48.765    80.362    48.104    10.0    82.037    
12    76.551    82.0    47.539    81.216    12.166    82.219    52.345    67.676    9.899    3.162    4.472    0         81.302    45.453    46.065    78.447    63.514    80.957    62.434    58.669    73.062    50.931    10.77    7.211    44.654    77.162    41.593    79.812    79.31    60.745    8.944    81.253    56.303    80.411    45.277    75.961    47.011    43.841    8.0    49.092    77.369    43.841    8.944    80.808    
13    51.865    7.071    38.601    7.071    81.253    33.136    60.811    51.478    89.107    80.623    83.054    81.302    0         58.412    42.379    8.944    50.478    32.249    48.826    46.861    8.944    60.828    91.662    87.052    47.539    4.472    45.607    14.56    2.0    50.0    89.677    12.166    50.99    8.246    64.031    16.125    39.85    62.801    89.275    44.721    26.683    62.801    89.677    10.198    
14    31.78    55.227    47.854    62.241    37.121    43.105    7.616    22.847    47.413    42.802    49.578    45.453    58.412    0         50.359    60.828    18.974    42.19    18.439    16.0    49.679    6.325    51.478    52.631    54.037    54.037    48.042    65.299    56.851    16.492    49.739    65.115    12.166    62.225    5.657    62.801    48.662    4.472    51.865    56.321    41.231    4.472    49.739    63.655    
15    67.067    46.065    4.243    39.623    51.088    59.816    57.079    60.877    55.57    46.648    46.239    46.065    42.379    50.359    0         36.497    57.271    58.412    55.317    50.99    36.715    56.143    56.798    49.98    5.657    39.395    4.472    36.0    40.497    54.918    55.009    38.053    52.345    38.471    54.918    32.0    2.828    52.953    53.31    6.0    52.498    52.953    55.009    38.21    
16    58.464    15.811    33.136    3.162    79.712    41.012    64.203    57.009    86.833    78.102    79.762    78.447    8.944    60.828    36.497    0         55.462    40.0    53.666    51.108    12.649    64.031    89.051    83.726    41.231    10.0    40.2    6.0    8.246    54.589    87.098    4.472    54.918    2.0    66.483    7.211    34.234    65.054    86.313    37.947    34.059    65.054    87.098    2.828    
17    13.038    45.453    53.759    55.946    55.946    26.571    15.033    4.243    66.212    61.057    67.424    63.514    50.478    18.974    57.271    55.462    0         26.0    2.0    6.325    42.942    16.0    70.214    70.725    62.097    46.648    56.321    60.926    49.396    2.828    68.425    59.933    7.211    56.356    22.091    59.464    54.918    22.361    70.328    63.151    27.203    22.361    68.425    58.138    
18    21.401    25.495    54.203    39.115    76.118    1.414    40.522    24.698    85.907    79.12    84.155    80.957    32.249    42.19    58.412    40.0    26.0    0         25.298    26.306    28.284    41.231    89.499    87.92    64.031    30.0    59.464    46.0    32.062    27.203    87.556    44.045    30.594    40.05    46.69    46.174    55.606    46.39    88.6    63.246    6.325    46.39    87.556    42.048    
19    14.213    43.932    51.788    54.203    55.154    25.962    15.297    5.831    65.391    60.033    66.287    62.434    48.826    18.439    55.317    53.666    2.0    25.298    0         4.472    41.183    16.125    69.354    69.642    60.166    44.944    54.406    59.093    47.707    2.0    67.543    58.138    6.325    54.589    22.0    57.585    52.953    22.091    69.354    61.188    26.077    22.091    67.543    56.356    
20    18.385    42.45    47.518    51.865    51.865    27.166    14.765    10.296    62.032    56.356    62.434    58.669    46.861    16.0    50.99    51.108    6.325    26.306    4.472    0         38.833    15.232    65.924    65.863    55.785    42.802    50.0    56.356    45.607    4.0    64.078    55.57    4.472    52.154    20.396    54.626    48.662    20.1    65.742    56.886    26.0    20.1    64.078    53.852    
21    45.891    9.487    32.65    13.038    72.567    29.428    52.402    44.385    80.623    72.25    75.007    73.062    8.944    49.679    36.715    12.649    42.942    28.284    41.183    38.833    0         52.345    83.295    79.006    42.19    4.472    39.395    18.439    7.211    42.19    81.302    17.088    42.802    13.416    55.317    18.0    34.0    54.037    81.056    40.0    22.091    54.037    81.302    15.232    
22    27.893    57.009    53.46    65.192    41.881    41.976    1.414    19.235    52.154    48.166    55.154    50.931    60.828    6.325    56.143    64.031    16.0    41.231    16.125    15.232    52.345    0         56.303    58.052    60.0    56.569    54.0    68.819    59.397    14.142    54.644    68.411    10.77    65.299    6.325    66.573    54.332    7.211    57.009    62.129    41.231    7.211    54.644    66.843    
23    83.187    92.087    58.31    91.782    14.422    90.708    57.689    74.243    4.243    11.045    11.314    10.77    91.662    51.478    56.798    89.051    70.214    89.499    69.354    65.924    83.295    56.303    0         8.944    55.227    87.464    52.326    90.521    89.677    67.543    2.0    91.924    63.071    91.005    50.22    86.683    57.775    49.092    4.472    59.682    86.313    49.092    2.0    91.444    
24    83.762    88.091    51.923    86.579    17.889    89.196    59.464    74.887    11.045    9.899    4.0    7.211    87.052    52.631    49.98    83.726    70.725    87.92    69.642    65.863    79.006    58.052    8.944    0         47.854    83.006    45.541    84.723    85.053    67.956    8.246    86.313    63.514    85.709    52.326    80.808    51.245    50.931    4.472    52.326    84.202    50.931    8.246    85.988    
25    72.236    51.478    9.899    44.385    50.931    65.437    61.008    65.803    54.406    45.607    44.294    44.654    47.539    54.037    5.657    41.231    62.097    64.031    60.166    55.785    42.19    60.0    55.227    47.854    0         44.721    6.0    40.2    45.695    59.666    53.535    42.426    56.886    43.174    58.31    36.222    8.485    56.321    51.478    4.472    58.138    56.321    53.535    42.755    
26    48.765    7.071    35.468    9.487    76.903    31.016    56.586    47.854    84.853    76.42    79.006    77.162    4.472    54.037    39.395    10.0    46.648    30.0    44.944    42.802    4.472    56.569    87.464    83.006    44.721    0         42.379    16.0    2.828    46.043    85.475    14.142    46.861    10.198    59.666    16.492    36.77    58.412    85.147    42.19    24.083    58.412    85.475    12.166    
27    66.708    48.847    7.071    43.29    46.755    60.877    55.009    60.083    51.108    42.19    41.785    41.593    45.607    48.042    4.472    40.2    56.321    59.464    54.406    50.0    39.395    54.0    52.326    45.541    6.0    42.379    0         40.05    43.681    53.852    50.537    42.0    50.99    42.19    52.345    36.056    6.0    50.359    48.847    8.944    53.74    50.359    50.537    42.048    
28    64.327    21.587    33.136    7.616    81.939    47.011    69.065    62.626    88.544    79.699    80.808    79.812    14.56    65.299    36.0    6.0    60.926    46.0    59.093    56.356    18.439    68.819    90.521    84.723    40.2    16.0    40.05    0         14.142    59.933    88.6    2.828    60.033    6.325    70.937    4.0    34.059    69.426    87.556    36.497    40.05    69.426    88.6    4.472    
29    51.245    7.616    36.688    7.071    79.31    33.015    59.414    50.537    87.132    78.638    81.056    79.31    2.0    56.851    40.497    8.246    49.396    32.062    47.707    45.607    7.211    59.397    89.677    85.053    45.695    2.828    43.681    14.142    0         48.826    87.693    12.0    49.679    8.0    62.482    15.232    37.947    61.221    87.281    42.942    26.306    61.221    87.693    10.0    
30    15.811    45.277    51.478    55.227    53.31    27.893    13.342    7.071    63.561    58.31    64.637    60.745    50.0    16.492    54.918    54.589    2.828    27.203    2.0    4.0    42.19    14.142    67.543    67.956    59.666    46.043    53.852    59.933    48.826    0         65.742    59.059    4.472    55.57    20.0    58.31    52.612    20.1    67.602    60.828    27.785    20.1    65.742    57.306    
31    81.413    90.089    56.462    89.822    12.806    88.769    56.036    72.471    3.162    9.055    10.0    8.944    89.677    49.739    55.009    87.098    68.425    87.556    67.543    64.078    81.302    54.644    2.0    8.246    53.535    85.475    50.537    88.6    87.693    65.742    0         89.989    61.27    89.051    48.6    84.77    55.946    47.434    4.0    57.983    84.345    47.434    0.0    89.499    
32    62.817    19.235    35.014    5.099    83.006    45.011    68.6    61.465    89.844    81.043    82.377    81.253    12.166    65.115    38.053    4.472    59.933    44.045    58.138    55.57    17.088    68.411    91.924    86.313    42.426    14.142    42.0    2.828    12.0    59.059    89.989    0         59.363    4.0    70.767    6.325    36.0    69.311    89.051    38.833    38.21    69.311    89.989    2.0    
33    20.248    46.755    49.092    55.803    48.847    31.401    10.296    11.402    59.093    53.852    60.216    56.303    50.99    12.166    52.345    54.918    7.211    30.594    6.325    4.472    42.802    10.77    63.071    63.514    56.886    46.861    50.99    60.033    49.679    4.472    61.27    59.363    0         56.036    16.125    58.138    50.16    16.0    63.135    58.31    30.463    16.0    61.27    57.689    
34    58.941    15.297    35.128    1.414    81.597    41.012    65.437    57.775    88.769    80.05    81.744    80.411    8.246    62.225    38.471    2.0    56.356    40.05    54.589    52.154    13.416    65.299    91.005    85.709    43.174    10.198    42.19    6.325    8.0    55.57    89.051    4.0    56.036    0         67.882    8.485    36.222    66.483    88.284    39.85    34.234    66.483    89.051    2.0    
35    34.205    60.745    52.631    67.897    35.805    47.518    7.616    25.495    46.043    42.426    49.578    45.277    64.031    5.657    54.918    66.483    22.091    46.69    22.0    20.396    55.317    6.325    50.22    52.326    58.31    59.666    52.345    70.937    62.482    20.0    48.6    70.767    16.125    67.882    0         68.411    53.367    2.0    51.088    60.828    46.174    2.0    48.6    69.311    
36    63.64    22.847    29.155    9.899    78.294    47.265    66.888    61.4    84.758    75.895    76.903    75.961    16.125    62.801    32.0    7.211    59.464    46.174    57.585    54.626    18.0    66.573    86.683    80.808    36.222    16.492    36.056    4.0    15.232    58.31    84.77    6.325    58.138    8.485    68.411    0         30.067    66.843    83.678    32.558    40.05    66.843    84.77    7.211    
37    64.514    43.382    1.414    37.336    51.4    57.009    55.227    58.464    56.356    47.413    47.434    47.011    39.85    48.662    2.828    34.234    54.918    55.606    52.953    48.662    34.0    54.332    57.775    51.245    8.485    36.77    6.0    34.059    37.947    52.612    55.946    36.0    50.16    36.222    53.367    30.067    0         51.42    54.424    8.246    49.679    51.42    55.946    36.056    
38    34.785    59.682    50.695    66.528    34.67    47.265    8.602    25.962    44.944    41.037    48.104    43.841    62.801    4.472    52.953    65.054    22.361    46.39    22.091    20.1    54.037    7.211    49.092    50.931    56.321    58.412    50.359    69.426    61.221    20.1    47.434    69.311    16.0    66.483    2.0    66.843    51.42    0         49.82    58.856    45.607    0.0    47.434    67.882    
39    83.355    90.0    55.027    89.107    15.62    89.844    58.412    74.431    7.071    9.487    7.211    8.0    89.275    51.865    53.31    86.313    70.328    88.6    69.354    65.742    81.056    57.009    4.472    4.472    51.478    85.147    48.847    87.556    87.281    67.602    4.0    89.051    63.135    88.284    51.088    83.678    54.424    49.82    0         55.946    85.147    49.82    4.0    88.645    
40    72.732    49.092    9.487    41.11    55.154    64.637    63.071    66.708    58.822    50.0    48.765    49.092    44.721    56.321    6.0    37.947    63.151    63.246    61.188    56.886    40.0    62.129    59.682    52.326    4.472    42.19    8.944    36.497    42.942    60.828    57.983    38.833    58.31    39.85    60.828    32.558    8.246    58.856    55.946    0         57.201    58.856    57.983    39.294    
41    25.495    20.248    48.27    33.377    73.335    7.616    40.719    26.87    82.873    75.71    80.362    77.369    26.683    41.231    52.498    34.059    27.203    6.325    26.077    26.0    22.091    41.231    86.313    84.202    58.138    24.083    53.74    40.05    26.306    27.785    84.345    38.21    30.463    34.234    46.174    40.05    49.679    45.607    85.147    57.201    0         45.607    84.345    36.222    
42    34.785    59.682    50.695    66.528    34.67    47.265    8.602    25.962    44.944    41.037    48.104    43.841    62.801    4.472    52.953    65.054    22.361    46.39    22.091    20.1    54.037    7.211    49.092    50.931    56.321    58.412    50.359    69.426    61.221    20.1    47.434    69.311    16.0    66.483    2.0    66.843    51.42    0.0    49.82    58.856    45.607    0         47.434    67.882    
43    81.413    90.089    56.462    89.822    12.806    88.769    56.036    72.471    3.162    9.055    10.0    8.944    89.677    49.739    55.009    87.098    68.425    87.556    67.543    64.078    81.302    54.644    2.0    8.246    53.535    85.475    50.537    88.6    87.693    65.742    0.0    89.989    61.27    89.051    48.6    84.77    55.946    47.434    4.0    57.983    84.345    47.434    0         89.499    
44    60.877    17.263    35.014    3.162    82.28    43.012    67.007    59.615    89.286    80.523    82.037    80.808    10.198    63.655    38.21    2.828    58.138    42.048    56.356    53.852    15.232    66.843    91.444    85.988    42.755    12.166    42.048    4.472    10.0    57.306    89.499    2.0    57.689    2.0    69.311    7.211    36.056    67.882    88.645    39.294    36.222    67.882    89.499    0         


Demandas:
1: 0.0
2: 26.0
3: 11.0
4: 22.0
5: 18.0
6: 10.0
7: 9.0
8: 12.0
9: 10.0
10: 12.0
11: 19.0
12: 5.0
13: 18.0
14: 7.0
15: 14.0
16: 14.0
17: 20.0
18: 7.0
19: 4.0
20: 11.0
21: 3.0
22: 22.0
23: 15.0
24: 69.0
25: 26.0
26: 20.0
27: 12.0
28: 22.0
29: 9.0
30: 23.0
31: 7.0
32: 17.0
33: 3.0
34: 18.0
35: 18.0
36: 9.0
37: 4.0
38: 20.0
39: 24.0
40: 3.0
41: 4.0
42: 4.0
43: 23.0
44: 17.0
+-+-+-+-+-+-+-+-+-+-+-+-+-+-+-+ SOLUCION INICIAL +-+-+-+-+-+-+-+-+-+-+-+-+-+-+-+-

Ruta #1: [1, 8, 17, 19, 30, 20, 33, 7, 14, 42]
Costo asociado: 82.828      Capacidad: 93.0

Ruta #2: [1, 6, 18, 41, 2, 13, 29, 26]
Costo asociado: 109.911      Capacidad: 94.0

Ruta #3: [1, 22, 35, 38, 5, 10, 12]
Costo asociado: 159.656      Capacidad: 95.0

Ruta #4: [1, 21, 16, 34, 4, 44, 32, 36]
Costo asociado: 137.08100000000002      Capacidad: 100.0

Ruta #5: [1, 3, 37, 15, 27, 25, 40, 28]
Costo asociado: 183.25599999999997      Capacidad: 92.0

Ruta #6: [1, 9, 31, 43, 23, 39, 11]
Costo asociado: 176.452      Capacidad: 98.0

Ruta #7: [1, 24]
Costo asociado: 167.524      Capacidad: 69.0

--> Costo total: 1016.708          Capacidad total: 641.0

+-+-+-+-+-+-+-+-+-+-+-+-+-+-+-+-+-+-+-+-+-+- Iteracion 5  +-+-+-+-+-+-+-+-+-+-+-+-+-+-+-+-+-+-+-+-+-+-


Ruta #1: [1, 8, 17, 19, 30, 20, 33, 7, 14, 42]
Costo asociado: 82.828      Capacidad: 93.0

Ruta #2: [1, 6, 18, 41, 2, 13, 29, 26]
Costo asociado: 109.911      Capacidad: 94.0

Ruta #3: [1, 22, 35, 38, 5, 10, 12]
Costo asociado: 159.656      Capacidad: 95.0

Ruta #4: [1, 21, 16, 34, 4, 44, 32, 36]
Costo asociado: 137.08100000000002      Capacidad: 100.0

Ruta #5: [1, 3, 37, 15, 27, 25, 40, 28]
Costo asociado: 183.25599999999997      Capacidad: 92.0

Ruta #6: [1, 9, 31, 43, 23, 39, 11]
Costo asociado: 176.452      Capacidad: 98.0

Ruta #7: [1, 24]
Costo asociado: 167.524      Capacidad: 69.0

--> Costo total: 1014.689          Capacidad total: 641.0

+-+-+-+-+-+-+-+-+-+-+-+-+-+-+-+-+-+-+-+-+-+- Iteracion 5  +-+-+-+-+-+-+-+-+-+-+-+-+-+-+-+-+-+-+-+-+-+-

La solución anterior duró 0min 0seg    -------> Nuevo optimo local. Costo: 1014.689       ==> Optimo: 909.0  Desvio: 11.8%
Lista tabu: [((5,10,9.055),4), ((39,11,7.211),4), ((5,11,16.492),3), ((16,34,2.0),5), ((44,32,2.0),5), ((16,44,2.828),4), ((20,33,4.472),6), ((42,1,34.785),6), ((20,42,20.1),5), ((17,19,2.0),7), ((14,42,4.472),7), ((14,17,18.974),6)]

+-+-+-+-+-+-+-+-+-+-+-+-+-+-+-+-+-+-+-+-+-+- Iteracion 6  +-+-+-+-+-+-+-+-+-+-+-+-+-+-+-+-+-+-+-+-+-+-


Ruta #1: [1, 8, 17, 19, 30, 20, 33, 7, 42, 14]
Costo asociado: 80.809      Capacidad: 93.0

Ruta #2: [1, 6, 18, 41, 2, 13, 29, 26]
Costo asociado: 109.911      Capacidad: 94.0

Ruta #3: [1, 22, 35, 38, 5, 10, 12]
Costo asociado: 159.656      Capacidad: 95.0

Ruta #4: [1, 21, 16, 34, 4, 44, 32, 36]
Costo asociado: 137.08100000000002      Capacidad: 100.0

Ruta #5: [1, 3, 37, 15, 27, 25, 40, 28]
Costo asociado: 183.25599999999997      Capacidad: 92.0

Ruta #6: [1, 9, 31, 43, 23, 39, 11]
Costo asociado: 176.452      Capacidad: 98.0

Ruta #7: [1, 24]
Costo asociado: 167.524      Capacidad: 69.0

--> Costo total: 1013.786          Capacidad total: 641.0

+-+-+-+-+-+-+-+-+-+-+-+-+-+-+-+-+-+-+-+-+-+- Iteracion 6  +-+-+-+-+-+-+-+-+-+-+-+-+-+-+-+-+-+-+-+-+-+-

La solución anterior duró 0min 0seg    -------> Nuevo optimo local. Costo: 1013.786       ==> Optimo: 909.0  Desvio: 11.6%
Lista tabu: [((5,10,9.055),3), ((39,11,7.211),3), ((5,11,16.492),2), ((16,34,2.0),4), ((44,32,2.0),4), ((16,44,2.828),3), ((20,33,4.472),5), ((42,1,34.785),5), ((20,42,20.1),4), ((17,19,2.0),6), ((14,42,4.472),6), ((14,17,18.974),5), ((7,14,7.616),11), ((42,1,34.785),11), ((7,42,8.602),10)]

+-+-+-+-+-+-+-+-+-+-+-+-+-+-+-+-+-+-+-+-+-+- Iteracion 102  +-+-+-+-+-+-+-+-+-+-+-+-+-+-+-+-+-+-+-+-+-+-


Ruta #1: [1, 8, 17, 19, 30, 14, 42, 7, 33, 20]
Costo asociado: 79.906      Capacidad: 93.0

Ruta #2: [1, 6, 18, 41, 2, 13, 29, 26]
Costo asociado: 109.911      Capacidad: 94.0

Ruta #3: [1, 22, 35, 38, 5, 10, 12]
Costo asociado: 159.656      Capacidad: 95.0

Ruta #4: [1, 21, 16, 34, 4, 44, 32, 36]
Costo asociado: 137.08100000000002      Capacidad: 100.0

Ruta #5: [1, 3, 37, 15, 27, 25, 40, 28]
Costo asociado: 183.25599999999997      Capacidad: 92.0

Ruta #6: [1, 9, 31, 43, 23, 39, 11]
Costo asociado: 176.452      Capacidad: 98.0

Ruta #7: [1, 24]
Costo asociado: 167.524      Capacidad: 69.0

--> Costo total: 1008.168          Capacidad total: 641.0

+-+-+-+-+-+-+-+-+-+-+-+-+-+-+-+-+-+-+-+-+-+- Iteracion 102  +-+-+-+-+-+-+-+-+-+-+-+-+-+-+-+-+-+-+-+-+-+-

La solución anterior duró 0min 2seg    -------> Nuevo optimo local. Costo: 1008.168       ==> Optimo: 909.0  Desvio: 11.5%
Lista tabu: [((16,34,2.0),1), ((36,1,63.64),1), ((32,36,6.325),1), ((7,33,10.296),2), ((33,20,4.472),2), ((35,38,2.0),2), ((33,38,16.0),1), ((31,43,0.0),3), ((11,1,80.449),3), ((39,11,7.211),3), ((11,31,10.0),2), ((21,16,12.649),4), ((34,4,1.414),4), ((21,34,13.416),3), ((4,44,3.162),5), ((32,36,6.325),5), ((4,32,5.099),4), ((21,16,12.649),6), ((32,36,6.325),6), ((44,32,2.0),6), ((21,32,17.088),5), ((16,34,2.0),7), ((44,32,2.0),7), ((4,44,3.162),7), ((16,44,2.828),6)]

+-+-+-+-+-+-+-+-+-+-+-+-+-+-+-+-+-+-+-+-+-+- Iteracion 111  +-+-+-+-+-+-+-+-+-+-+-+-+-+-+-+-+-+-+-+-+-+-


Ruta #1: [1, 8, 17, 19, 30, 14, 42, 7, 33, 20]
Costo asociado: 79.906      Capacidad: 93.0

Ruta #2: [1, 6, 18, 41, 2, 13, 29, 26]
Costo asociado: 109.911      Capacidad: 94.0

Ruta #3: [1, 22, 35, 38, 5, 10]
Costo asociado: 154.038      Capacidad: 90.0

Ruta #4: [1, 21, 16, 34, 4, 44, 32, 36]
Costo asociado: 137.08100000000002      Capacidad: 100.0

Ruta #5: [1, 3, 37, 15, 27, 25, 40, 28]
Costo asociado: 183.25599999999997      Capacidad: 92.0

Ruta #6: [1, 9, 31, 43, 23, 39, 11]
Costo asociado: 176.452      Capacidad: 98.0

Ruta #7: [1, 12, 24]
Costo asociado: 167.524      Capacidad: 74.0

--> Costo total: 1005.1239999999999          Capacidad total: 641.0

+-+-+-+-+-+-+-+-+-+-+-+-+-+-+-+-+-+-+-+-+-+- Iteracion 111  +-+-+-+-+-+-+-+-+-+-+-+-+-+-+-+-+-+-+-+-+-+-

La solución anterior duró 0min 0seg    -------> Nuevo optimo local. Costo: 1005.1239999999999       ==> Optimo: 909.0  Desvio: 10.9%
Lista tabu: [((10,12,3.162),3), ((12,1,76.551),3), ((1,24,83.762),3), ((12,24,7.211),2), ((9,31,3.162),1), ((39,11,7.211),1), ((23,39,4.472),1), ((1,21,45.891),2), ((21,16,12.649),2), ((13,29,2.0),2), ((21,29,7.211),1), ((1,21,45.891),3), ((21,16,12.649),3), ((40,28,36.497),3), ((21,28,18.439),2), ((7,33,10.296),4), ((20,1,18.385),4), ((7,20,14.765),3), ((1,9,79.158),5), ((9,31,3.162),5), ((5,10,9.055),5), ((9,10,8.944),4), ((9,31,3.162),6), ((23,39,4.472),6), ((43,23,2.0),6), ((9,23,4.243),5), ((17,19,2.0),7), ((20,1,18.385),7), ((33,20,4.472),7), ((17,20,6.325),6)]

+-+-+-+-+-+-+-+-+-+-+-+-+-+-+-+-+-+-+-+-+-+- Iteracion 131  +-+-+-+-+-+-+-+-+-+-+-+-+-+-+-+-+-+-+-+-+-+-


Ruta #1: [1, 8, 17, 19, 30, 14, 42, 7, 33, 20]
Costo asociado: 79.906      Capacidad: 93.0

Ruta #2: [1, 6, 18, 41, 2, 13, 29, 26]
Costo asociado: 109.911      Capacidad: 94.0

Ruta #3: [1, 22, 35, 38, 5, 10]
Costo asociado: 154.038      Capacidad: 90.0

Ruta #4: [1, 21, 16, 34, 4, 44, 32, 36]
Costo asociado: 137.08100000000002      Capacidad: 100.0

Ruta #5: [1, 3, 37, 15, 27, 25, 40, 28]
Costo asociado: 183.25599999999997      Capacidad: 92.0

Ruta #6: [1, 9, 31, 43, 23, 39]
Costo asociado: 172.147      Capacidad: 79.0

Ruta #7: [1, 12, 11, 24]
Costo asociado: 168.785      Capacidad: 93.0

--> Costo total: 1002.43          Capacidad total: 641.0

+-+-+-+-+-+-+-+-+-+-+-+-+-+-+-+-+-+-+-+-+-+- Iteracion 131  +-+-+-+-+-+-+-+-+-+-+-+-+-+-+-+-+-+-+-+-+-+-

La solución anterior duró 0min 0seg    -------> Nuevo optimo local. Costo: 1002.43       ==> Optimo: 909.0  Desvio: 10.6%
Lista tabu: [((3,37,1.414),1), ((15,27,4.472),1), ((3,37,1.414),2), ((27,25,6.0),2), ((15,27,4.472),2), ((3,27,7.071),1), ((3,37,1.414),3), ((40,28,36.497),3), ((25,40,4.472),3), ((3,40,9.487),2), ((5,10,9.055),4), ((10,1,74.095),4), ((9,31,3.162),4), ((10,31,9.055),3), ((8,17,4.243),5), ((20,1,18.385),5), ((33,20,4.472),5), ((8,20,10.296),4), ((1,8,8.944),6), ((30,14,16.492),6), ((19,30,2.0),6), ((1,30,15.811),5), ((3,37,1.414),7), ((40,28,36.497),7), ((25,40,4.472),7), ((3,40,9.487),6)]

+-+-+-+-+-+-+-+-+-+-+-+-+-+-+-+-+-+-+-+-+-+- Iteracion 142  +-+-+-+-+-+-+-+-+-+-+-+-+-+-+-+-+-+-+-+-+-+-


Ruta #1: [1, 8, 17, 19, 30, 14, 42, 33, 20]
Costo asociado: 77.00800000000001      Capacidad: 84.0

Ruta #2: [1, 6, 18, 41, 2, 13, 29, 26]
Costo asociado: 109.911      Capacidad: 94.0

Ruta #3: [1, 7, 22, 35, 38, 5, 10]
Costo asociado: 154.24200000000002      Capacidad: 99.0

Ruta #4: [1, 21, 16, 34, 4, 44, 32, 36]
Costo asociado: 137.08100000000002      Capacidad: 100.0

Ruta #5: [1, 3, 37, 15, 27, 25, 40, 28]
Costo asociado: 183.25599999999997      Capacidad: 92.0

Ruta #6: [1, 9, 31, 43, 23, 39]
Costo asociado: 172.147      Capacidad: 79.0

Ruta #7: [1, 12, 11, 24]
Costo asociado: 168.785      Capacidad: 93.0

--> Costo total: 999.757          Capacidad total: 641.0

+-+-+-+-+-+-+-+-+-+-+-+-+-+-+-+-+-+-+-+-+-+- Iteracion 142  +-+-+-+-+-+-+-+-+-+-+-+-+-+-+-+-+-+-+-+-+-+-

La solución anterior duró 0min 0seg    -------> Nuevo optimo local. Costo: 999.757       ==> Optimo: 909.0  Desvio: 10.3%
Lista tabu: [((42,7,8.602),1), ((7,33,10.296),1), ((1,22,27.893),1), ((1,8,8.944),1), ((30,14,16.492),1), ((19,30,2.0),1), ((17,19,2.0),2), ((33,20,4.472),2), ((42,33,16.0),2), ((17,33,7.211),1), ((38,5,34.67),3), ((5,10,9.055),3), ((31,43,0.0),3), ((5,43,12.806),2), ((8,17,4.243),4), ((33,20,4.472),4), ((42,33,16.0),4), ((8,33,11.402),3), ((19,30,2.0),5), ((33,20,4.472),5), ((42,33,16.0),5), ((19,33,6.325),4), ((17,19,2.0),6), ((14,42,4.472),6), ((30,14,16.492),6), ((14,17,18.974),5), ((15,27,4.472),7), ((25,40,4.472),7), ((15,25,5.657),6)]

+-+-+-+-+-+-+-+-+-+-+-+-+-+-+-+-+-+-+-+-+-+- Iteracion 196  +-+-+-+-+-+-+-+-+-+-+-+-+-+-+-+-+-+-+-+-+-+-


Ruta #1: [1, 8, 17, 19, 30, 14, 42, 33, 20]
Costo asociado: 77.00800000000001      Capacidad: 84.0

Ruta #2: [1, 6, 18, 41, 2, 13, 29, 26]
Costo asociado: 109.911      Capacidad: 94.0

Ruta #3: [1, 7, 22, 35, 38, 10]
Costo asociado: 151.554      Capacidad: 81.0

Ruta #4: [1, 21, 16, 34, 4, 44, 32, 36]
Costo asociado: 137.08100000000002      Capacidad: 100.0

Ruta #5: [1, 3, 37, 15, 27, 25, 40, 28]
Costo asociado: 183.25599999999997      Capacidad: 92.0

Ruta #6: [1, 5, 9, 31, 43, 23, 39]
Costo asociado: 172.162      Capacidad: 97.0

Ruta #7: [1, 12, 11, 24]
Costo asociado: 168.785      Capacidad: 93.0

--> Costo total: 995.592          Capacidad total: 641.0

+-+-+-+-+-+-+-+-+-+-+-+-+-+-+-+-+-+-+-+-+-+- Iteracion 196  +-+-+-+-+-+-+-+-+-+-+-+-+-+-+-+-+-+-+-+-+-+-

La solución anterior duró 0min 1seg    -------> Nuevo optimo local. Costo: 995.592       ==> Optimo: 909.0  Desvio: 10.0%
Lista tabu: [((21,16,12.649),1), ((36,1,63.64),1), ((32,36,6.325),1), ((1,7,26.683),2), ((7,22,1.414),2), ((14,42,4.472),2), ((7,42,8.602),1), ((8,17,4.243),3), ((19,30,2.0),3), ((8,19,5.831),2), ((6,18,1.414),4), ((41,2,20.248),4), ((6,41,7.616),3), ((14,42,4.472),5), ((20,1,18.385),5), ((14,20,16.0),4), ((44,32,2.0),6), ((36,1,63.64),6), ((36,44,7.211),5), ((44,32,2.0),7), ((36,1,63.64),7), ((36,44,7.211),6)]

+-+-+-+-+-+-+-+-+-+-+-+-+-+-+-+-+-+-+-+-+-+- Iteracion 200  +-+-+-+-+-+-+-+-+-+-+-+-+-+-+-+-+-+-+-+-+-+-


Ruta #1: [1, 8, 17, 19, 30, 14, 10, 33, 20]
Costo asociado: 153.19      Capacidad: 92.0

Ruta #2: [1, 6, 18, 41, 2, 13, 29, 26]
Costo asociado: 109.911      Capacidad: 94.0

Ruta #3: [1, 7, 22, 35, 38, 42]
Costo asociado: 71.207      Capacidad: 73.0

Ruta #4: [1, 21, 16, 34, 4, 44, 32, 36]
Costo asociado: 137.08100000000002      Capacidad: 100.0

Ruta #5: [1, 3, 37, 15, 27, 25, 40, 28]
Costo asociado: 183.25599999999997      Capacidad: 92.0

Ruta #6: [1, 5, 9, 31, 43, 23, 39]
Costo asociado: 172.162      Capacidad: 97.0

Ruta #7: [1, 12, 11, 24]
Costo asociado: 168.785      Capacidad: 93.0

--> Costo total: 994.998          Capacidad total: 641.0

+-+-+-+-+-+-+-+-+-+-+-+-+-+-+-+-+-+-+-+-+-+- Iteracion 200  +-+-+-+-+-+-+-+-+-+-+-+-+-+-+-+-+-+-+-+-+-+-

La solución anterior duró 0min 0seg    -------> Nuevo optimo local. Costo: 994.998       ==> Optimo: 909.0  Desvio: 9.5%
Lista tabu: [((14,42,4.472),1), ((20,1,18.385),1), ((44,32,2.0),2), ((36,1,63.64),2), ((36,44,7.211),1), ((44,32,2.0),3), ((36,1,63.64),3), ((36,44,7.211),2), ((38,10,41.037),8), ((10,1,74.095),8), ((14,42,4.472),8), ((42,33,16.0),8), ((38,42,0.0),7), ((19,30,2.0),5), ((30,14,16.492),5), ((10,33,53.852),5), ((33,20,4.472),5), ((19,33,6.325),4), ((7,22,1.414),6), ((22,35,6.325),6), ((8,17,4.243),6), ((17,19,2.0),6), ((7,17,15.033),5), ((13,29,2.0),7), ((29,26,2.828),7), ((1,36,63.64),7), ((36,32,6.325),7), ((13,36,16.125),6)]

+-+-+-+-+-+-+-+-+-+-+-+-+-+-+-+-+-+-+-+-+-+- Iteracion 257  +-+-+-+-+-+-+-+-+-+-+-+-+-+-+-+-+-+-+-+-+-+-


Ruta #1: [1, 8, 17, 19, 20, 14, 10, 33, 30]
Costo asociado: 152.59600000000003      Capacidad: 92.0

Ruta #2: [1, 6, 18, 41, 2, 13, 29, 26]
Costo asociado: 109.911      Capacidad: 94.0

Ruta #3: [1, 7, 22, 35, 38, 42]
Costo asociado: 71.207      Capacidad: 73.0

Ruta #4: [1, 21, 16, 34, 4, 44, 32, 36]
Costo asociado: 137.08100000000002      Capacidad: 100.0

Ruta #5: [1, 3, 37, 15, 27, 25, 40, 28]
Costo asociado: 183.25599999999997      Capacidad: 92.0

Ruta #6: [1, 5, 9, 31, 43, 23, 39]
Costo asociado: 172.162      Capacidad: 97.0

Ruta #7: [1, 12, 11, 24]
Costo asociado: 168.785      Capacidad: 93.0

--> Costo total: 994.4240000000001          Capacidad total: 641.0

+-+-+-+-+-+-+-+-+-+-+-+-+-+-+-+-+-+-+-+-+-+- Iteracion 257  +-+-+-+-+-+-+-+-+-+-+-+-+-+-+-+-+-+-+-+-+-+-

La solución anterior duró 0min 0seg    -------> Nuevo optimo local. Costo: 994.4240000000001       ==> Optimo: 909.0  Desvio: 9.5%
Lista tabu: [((31,43,0.0),1), ((39,1,83.355),1), ((33,30,4.472),2), ((38,42,0.0),2), ((33,42,16.0),1), ((22,35,6.325),3), ((42,1,34.785),3), ((22,42,7.211),2), ((7,22,1.414),4), ((19,20,4.472),4), ((7,20,14.765),3), ((19,20,4.472),5), ((7,22,1.414),5), ((19,22,16.125),4), ((4,44,3.162),6), ((32,36,6.325),6), ((4,32,5.099),5), ((7,22,1.414),7), ((38,42,0.0),7), ((7,38,8.602),6)]

+-+-+-+-+-+-+-+-+-+-+-+-+-+-+-+-+-+-+-+-+-+- Iteracion 294  +-+-+-+-+-+-+-+-+-+-+-+-+-+-+-+-+-+-+-+-+-+-


Ruta #1: [1, 8, 17, 19, 20, 14, 10, 33, 30]
Costo asociado: 152.59600000000003      Capacidad: 92.0

Ruta #2: [1, 6, 18, 41, 2, 13, 29, 26]
Costo asociado: 109.911      Capacidad: 94.0

Ruta #3: [1, 7, 22, 35, 38, 42]
Costo asociado: 71.207      Capacidad: 73.0

Ruta #4: [1, 21, 16, 34, 4, 44, 32, 36]
Costo asociado: 137.08100000000002      Capacidad: 100.0

Ruta #5: [1, 3, 37, 15, 27, 25, 40, 28]
Costo asociado: 183.25599999999997      Capacidad: 92.0

Ruta #6: [1, 5, 9, 31, 43, 23, 39]
Costo asociado: 172.162      Capacidad: 97.0

Ruta #7: [1, 12, 24, 11]
Costo asociado: 168.211      Capacidad: 93.0

--> Costo total: 993.654          Capacidad total: 641.0

+-+-+-+-+-+-+-+-+-+-+-+-+-+-+-+-+-+-+-+-+-+- Iteracion 294  +-+-+-+-+-+-+-+-+-+-+-+-+-+-+-+-+-+-+-+-+-+-

La solución anterior duró 0min 0seg    -------> Nuevo optimo local. Costo: 993.654       ==> Optimo: 909.0  Desvio: 9.4%
Lista tabu: [((20,14,16.0),1), ((30,1,15.811),1), ((7,22,1.414),2), ((8,17,4.243),2), ((7,17,15.033),1), ((17,19,2.0),3), ((33,30,4.472),3), ((17,33,7.211),2), ((8,17,4.243),4), ((7,22,1.414),4), ((8,22,19.235),3), ((7,22,1.414),5), ((35,38,2.0),5), ((7,35,7.616),4), ((1,8,8.944),6), ((20,14,16.0),6), ((1,20,18.385),5), ((21,16,12.649),7), ((36,1,63.64),7), ((21,36,18.0),6)]

+-+-+-+-+-+-+-+-+-+-+-+-+-+-+-+-+-+-+-+-+-+- Iteracion 345  +-+-+-+-+-+-+-+-+-+-+-+-+-+-+-+-+-+-+-+-+-+-


Ruta #1: [1, 8, 17, 30, 33, 10, 14, 20, 19]
Costo asociado: 151.826      Capacidad: 92.0

Ruta #2: [1, 6, 18, 41, 2, 13, 29, 26]
Costo asociado: 109.911      Capacidad: 94.0

Ruta #3: [1, 7, 22, 35, 38, 42]
Costo asociado: 71.207      Capacidad: 73.0

Ruta #4: [1, 21, 16, 34, 4, 44, 32, 36]
Costo asociado: 137.08100000000002      Capacidad: 100.0

Ruta #5: [1, 3, 37, 15, 27, 25, 40, 28]
Costo asociado: 183.25599999999997      Capacidad: 92.0

Ruta #6: [1, 5, 9, 31, 43, 23, 39]
Costo asociado: 172.162      Capacidad: 97.0

Ruta #7: [1, 12, 24, 11]
Costo asociado: 168.211      Capacidad: 93.0

--> Costo total: 992.3240000000001          Capacidad total: 641.0

+-+-+-+-+-+-+-+-+-+-+-+-+-+-+-+-+-+-+-+-+-+- Iteracion 345  +-+-+-+-+-+-+-+-+-+-+-+-+-+-+-+-+-+-+-+-+-+-

La solución anterior duró 0min 1seg    -------> Nuevo optimo local. Costo: 992.3240000000001       ==> Optimo: 909.0  Desvio: 9.3%
Lista tabu: [((5,9,10.296),1), ((31,43,0.0),1), ((10,14,42.802),2), ((24,11,4.0),2), ((10,11,7.616),1), ((9,31,3.162),3), ((23,39,4.472),3), ((9,23,4.243),2), ((3,37,1.414),4), ((15,27,4.472),4), ((3,15,4.243),3), ((35,38,2.0),5), ((42,1,34.785),5), ((35,42,2.0),4), ((8,17,4.243),6), ((33,10,53.852),6), ((8,33,11.402),5), ((21,16,12.649),7), ((32,36,6.325),7), ((44,32,2.0),7), ((21,32,17.088),6)]

Ruta #1: [1, 8, 17, 30, 33, 14, 10, 20, 19]
Costo asociado: 150.496      Capacidad: 92.0

Ruta #2: [1, 6, 18, 41, 2, 13, 29, 26]
Costo asociado: 109.911      Capacidad: 94.0

Ruta #3: [1, 7, 22, 35, 38, 42]
Costo asociado: 71.207      Capacidad: 73.0

Ruta #4: [1, 21, 16, 34, 4, 44, 32, 36]
Costo asociado: 137.08100000000002      Capacidad: 100.0

Ruta #5: [1, 3, 37, 15, 27, 25, 40, 28]
Costo asociado: 183.25599999999997      Capacidad: 92.0

Ruta #6: [1, 5, 9, 31, 43, 23, 39]
Costo asociado: 172.162      Capacidad: 97.0

Ruta #7: [1, 12, 24, 11]
Costo asociado: 168.211      Capacidad: 93.0

--> Costo total: 1006.548          Capacidad total: 641.0

+-+-+-+-+-+-+-+-+-+-+-+-+-+-+-+-+-+-+-+-+-+- Iteracion 964  +-+-+-+-+-+-+-+-+-+-+-+-+-+-+-+-+-+-+-+-+-+-


Ruta #1: [1, 8, 17, 30, 33, 14, 10, 20, 19]
Costo asociado: 150.496      Capacidad: 92.0

Ruta #2: [1, 6, 18, 41, 2, 13, 29, 26]
Costo asociado: 109.911      Capacidad: 94.0

Ruta #3: [1, 7, 22, 35, 38, 42]
Costo asociado: 71.207      Capacidad: 73.0

Ruta #4: [1, 21, 16, 34, 4, 44, 32, 36]
Costo asociado: 137.08100000000002      Capacidad: 100.0

Ruta #5: [1, 3, 37, 15, 27, 25, 40, 28]
Costo asociado: 183.25599999999997      Capacidad: 92.0

Ruta #6: [1, 5, 9, 31, 43, 23, 39]
Costo asociado: 172.162      Capacidad: 97.0

Ruta #7: [1, 12, 24, 11]
Costo asociado: 168.211      Capacidad: 93.0

--> Costo total: 1001.033          Capacidad total: 641.0

+-+-+-+-+-+-+-+-+-+-+-+-+-+-+-+-+-+-+-+-+-+- Iteracion 964  +-+-+-+-+-+-+-+-+-+-+-+-+-+-+-+-+-+-+-+-+-+-

Nuevo optimo. Costo: 1001.033
Lista tabu: [((34,4,1.414),1), ((32,36,6.325),1), ((44,32,2.0),1), ((3,37,1.414),2), ((40,28,36.497),2), ((25,40,4.472),2), ((3,40,9.487),1), ((27,25,6.0),3), ((40,28,36.497),3), ((27,40,8.944),2), ((33,17,7.211),4), ((14,10,42.802),4), ((30,14,16.492),4), ((14,33,12.166),3), ((3,37,1.414),5), ((15,27,4.472),5), ((3,15,4.243),4), ((10,20,56.356),6), ((20,19,4.472),6), ((38,42,0.0),6), ((20,42,20.1),5), ((1,21,45.891),7), ((21,16,12.649),7), ((13,29,2.0),7), ((21,29,7.211),6)]

+-+-+-+-+-+-+-+-+-+-+-+-+-+-+-+-+-+-+-+-+-+- Iteracion 986  +-+-+-+-+-+-+-+-+-+-+-+-+-+-+-+-+-+-+-+-+-+-


Ruta #1: [1, 8, 17, 30, 33, 14, 10, 20, 19]
Costo asociado: 150.496      Capacidad: 92.0

Ruta #2: [1, 6, 18, 41, 2, 13, 29, 26]
Costo asociado: 109.911      Capacidad: 94.0

Ruta #3: [1, 7, 22, 35, 38, 42]
Costo asociado: 71.207      Capacidad: 73.0

Ruta #4: [1, 21, 16, 34, 4, 44, 32, 36]
Costo asociado: 137.08100000000002      Capacidad: 100.0

Ruta #5: [1, 3, 37, 15, 27, 25, 40, 28]
Costo asociado: 183.25599999999997      Capacidad: 92.0

Ruta #6: [1, 5, 9, 31, 43, 23, 39]
Costo asociado: 172.162      Capacidad: 97.0

Ruta #7: [1, 12, 24, 11]
Costo asociado: 168.211      Capacidad: 93.0

--> Costo total: 997.8910000000001          Capacidad total: 641.0

+-+-+-+-+-+-+-+-+-+-+-+-+-+-+-+-+-+-+-+-+-+- Iteracion 986  +-+-+-+-+-+-+-+-+-+-+-+-+-+-+-+-+-+-+-+-+-+-

Nuevo optimo. Costo: 997.8910000000001
Lista tabu: [((5,9,10.296),1), ((23,39,4.472),1), ((43,23,2.0),1), ((8,17,4.243),2), ((19,1,14.213),2), ((20,19,4.472),2), ((8,19,5.831),1), ((37,15,2.828),3), ((40,28,36.497),3), ((25,40,4.472),3), ((37,40,8.246),2), ((15,27,4.472),4), ((25,40,4.472),4), ((15,25,5.657),3), ((37,15,2.828),5), ((25,40,4.472),5), ((27,25,6.0),5), ((25,37,8.485),4), ((30,14,16.492),6), ((14,10,42.802),6), ((7,22,1.414),6), ((14,22,6.325),5), ((3,37,1.414),7), ((15,27,4.472),7), ((3,15,4.243),6)]

+-+-+-+-+-+-+-+-+-+-+-+-+-+-+-+-+-+-+-+-+-+- Iteracion 995  +-+-+-+-+-+-+-+-+-+-+-+-+-+-+-+-+-+-+-+-+-+-


