+-+-+-+-+-+-+-+-+-+-+-+-+-+-+ GRAFO CARGADO +-+-+-+-+-+-+-+-+-+-+-+-+-+-+-
        1         2         3         4         5         6         7         8         9         10        11        12        13        14        15        16        17        18        19        20        21        22        23        24        25        26        27        28        29        30        31        32        33        34        35        36        37        38        39        40        41        42        43        44        45        46        47        48        49        50        51        52        53        54        55        56        57        58        59        60        61        62        63        64
1     0         62.482    96.0    48.374    68.118    76.236    5.657    108.757    75.286    50.16    12.806    43.863    61.741    34.986    69.426    35.384    75.153    59.666    50.16    50.636    46.69    95.268    62.801    59.228    58.138    21.633    86.279    67.941    69.34    22.804    57.689    79.12    47.539    29.732    60.531    86.279    99.539    61.612    42.379    88.566    99.539    22.627    38.0    63.812    87.818    31.623    77.666    91.761    33.526    78.0    87.361    50.99    31.241    45.651    76.0    74.673    27.785    49.518    88.023    75.286    70.682    49.193    48.703    88.566    
2     62.482    0         73.756    24.083    52.154    55.317    56.851    52.953    76.968    45.122    63.53    18.868    16.125    66.753    12.166    27.785    84.758    2.828    36.056    41.231    40.447    36.056    33.106    40.249    74.967    41.037    25.06    10.198    10.198    39.699    17.889    44.407    60.299    39.85    44.721    24.413    52.953    39.446    27.203    41.231    52.953    68.352    48.042    8.485    36.222    33.106    73.43    88.204    38.833    36.715    50.12    39.294    74.726    26.0    60.0    37.202    76.551    13.416    66.483    41.231    81.609    70.114    32.558    75.286    
3     96.0    73.756    0         59.093    28.284    20.881    92.087    58.138    32.558    46.174    86.371    73.348    89.644    68.411    63.655    74.0    42.521    74.027    104.709    46.69    50.636    63.906    106.019    39.85    51.108    85.907    68.964    65.054    82.024    83.952    57.689    29.732    51.42    68.731    36.878    71.694    38.21    38.626    91.236    41.231    38.21    81.584    58.0    82.219    48.332    72.277    25.612    27.203    64.777    38.419    26.833    47.074    79.699    60.166    20.0    36.77    85.44    71.694    8.246    32.558    43.863    56.462    52.498    12.806    
4     48.374    24.083    59.093    0         32.802    38.471    42.942    60.465    54.918    21.541    45.255    14.422    35.777    43.681    24.166    16.0    61.741    22.361    46.043    17.889    16.492    48.166    49.679    20.0    50.99    30.594    41.183    23.409    34.234    28.636    10.0    34.059    36.222    19.799    24.083    42.048    51.923    20.591    32.249    40.497    51.923    47.707    24.331    31.048    39.446    17.088    52.498    67.941    17.205    30.594    42.0    16.125    52.802    2.828    41.617    28.071    55.57    14.422    50.99    30.067    58.31    46.043    8.944    57.201    
5     68.118    52.154    28.284    32.802    0         8.246    64.0    59.093    26.306    18.0    59.228    47.202    66.843    43.909    44.944    46.519    36.0    51.614    78.816    18.439    22.361    56.321    82.024    12.806    34.0    57.723    56.321    45.695    61.774    55.785    34.409    19.698    27.203    40.447    8.944    58.549    41.617    12.806    64.9    36.056    41.617    55.714    30.265    60.465    40.792    44.272    21.541    36.056    36.497    26.306    25.612    18.974    55.57    33.287    8.944    22.091    60.828    46.69    20.1    18.439    34.234    35.384    25.06    24.413    
6     76.236    55.317    20.881    38.471    8.246    0         72.028    54.406    28.284    26.077    67.469    52.839    70.711    51.884    46.648    53.141    38.833    55.172    84.38    26.077    30.067    54.037    86.556    18.974    40.0    65.115    55.785    47.707    64.405    63.151    38.21    16.0    34.986    48.166    16.125    58.241    35.777    17.889    70.711    32.249    35.777    63.906    38.471    63.781    38.0    51.42    22.0    34.176    44.181    24.331    19.698    26.306    63.53    39.395    6.0    20.881    68.877    51.614    12.649    16.492    37.947    42.521    31.623    20.0    
7     5.657    56.851    92.087    42.942    64.0    72.028    0         103.247    72.801    46.0    13.416    38.21    56.462    34.059    63.781    29.732    73.43    54.037    46.0    46.174    42.19    89.644    58.31    54.589    56.604    16.125    80.623    62.29    63.812    17.205    52.154    74.216    44.944    24.739    56.143    80.623    94.34    56.886    37.363    83.259    94.34    23.324    34.234    58.31    82.365    26.077    74.726    89.196    28.636    72.801    82.462    46.39    32.249    40.249    72.111    69.57    29.732    43.863    84.024    70.342    68.964    47.707    43.681    85.159    
8     108.757    52.953    58.138    60.465    59.093    54.406    103.247    0         82.462    68.411    105.262    67.231    66.03    98.082    41.761    74.243    93.145    55.317    88.363    65.299    67.941    18.111    82.098    57.201    93.038    89.443    30.067    43.681    54.0    87.658    51.108    39.395    83.762    80.0    59.363    32.249    20.0    54.406    80.05    23.324    20.0    106.075    79.246    58.138    21.26    77.175    75.71    84.095    76.837    34.409    34.928    63.781    109.124    63.246    60.166    38.833    113.172    62.032    56.143    41.183    92.347    93.295    62.29    68.118    
9     75.286    76.968    32.558    54.918    26.306    28.284    72.801    82.462    0         34.059    63.561    68.411    90.554    42.19    70.88    65.054    10.77    76.026    99.035    37.202    39.699    82.024    104.403    36.77    20.396    72.111    82.608    71.47    86.925    70.456    59.093    44.181    27.857    54.406    32.311    84.853    63.246    37.947    84.9    60.531    63.246    56.321    40.497    84.971    66.121    60.959    7.211    16.492    51.225    52.0    47.539    38.833    52.038    54.406    22.361    48.042    58.034    69.34    28.844    44.0    11.314    28.0    46.043    20.0    
10    50.16    45.122    46.174    21.541    18.0    26.077    46.0    68.411    34.059    0         41.761    34.409    57.271    29.732    42.048    31.241    40.249    43.681    65.054    4.0    5.657    60.926    70.456    11.314    30.067    40.497    57.271    42.0    55.317    38.626    28.071    31.623    16.492    22.804    10.77    58.856    54.037    14.142    50.912    45.343    54.037    39.446    12.649    52.498    47.707    27.785    32.802    48.415    18.974    34.059    39.446    6.0    41.037    20.591    26.306    29.732    45.607    35.777    38.053    28.425    36.77    26.683    12.649    40.497    
11    12.806    63.53    86.371    45.255    59.228    67.469    13.416    105.262    63.561    41.761    0         44.721    65.97    22.361    68.411    35.777    62.769    60.828    58.31    43.081    39.395    93.381    70.0    52.0    45.695    26.077    85.604    67.201    71.694    26.306    55.172    72.498    36.222    25.456    52.498    86.023    94.021    54.626    48.166    83.762    94.021    10.0    29.12    66.483    84.024    30.529    66.483    80.05    28.425    72.719    80.623    43.863    18.868    42.426    66.483    68.964    16.492    50.12    78.638    68.877    58.31    36.77    43.267    78.026    
12    43.863    18.868    73.348    14.422    47.202    52.839    38.21    67.231    68.411    34.409    44.721    0         24.331    50.0    26.077    8.944    74.431    16.125    31.623    31.241    28.844    52.154    36.056    34.409    62.032    22.804    42.521    24.413    27.203    21.26    18.0    47.074    46.819    22.091    38.419    42.426    62.29    34.986    17.889    50.359    62.29    50.0    32.985    22.361    47.539    14.56    66.483    82.024    22.091    42.048    54.589    29.732    56.886    14.142    56.036    40.447    58.241    5.657    65.299    43.174    70.711    55.785    22.627    71.61    
13    61.741    16.125    89.644    35.777    66.843    70.711    56.462    66.03    90.554    57.271    65.97    24.331    0         74.108    27.857    32.0    97.509    15.62    22.804    53.666    52.0    48.166    17.088    54.406    86.023    40.497    36.222    26.0    12.166    39.85    32.558    60.465    70.88    46.043    58.822    34.525    68.411    54.037    20.0    56.921    68.411    72.691    57.271    8.246    51.42    38.0    87.658    102.801    46.39    52.839    66.242    51.884    80.225    36.77    75.073    53.254    80.895    21.541    82.219    57.201    94.021    80.05    44.721    90.554    
14    34.986    66.753    68.411    43.681    43.909    51.884    34.059    98.082    42.19    29.732    22.361    50.0    74.108    0         67.676    42.19    40.497    64.498    72.801    32.802    30.529    89.554    82.462    41.037    23.409    40.249    84.309    67.052    76.42    39.395    53.141    60.959    17.088    28.071    39.699    85.44    83.546    43.863    60.166    75.073    83.546    14.142    19.698    72.111    77.201    36.222    46.043    58.549    28.071    63.781    68.411    34.409    11.662    41.231    49.396    59.464    17.088    54.148    61.351    58.0    36.056    14.56    37.577    58.549    
15    69.426    12.166    63.655    24.166    44.944    46.648    63.781    41.761    70.88    42.048    68.411    26.077    27.857    67.676    0         34.059    79.624    14.0    48.166    38.053    38.471    26.077    44.944    34.525    72.0    48.826    17.205    2.0    18.439    47.202    14.56    33.941    58.31    43.267    38.833    17.889    40.792    32.985    38.471    29.12    40.792    71.694    48.083    19.698    24.083    38.21    66.483    80.498    41.183    25.612    38.833    36.056    76.968    26.833    51.884    26.907    79.649    20.591    56.851    31.241    76.942    68.469    30.594    66.573    
16    35.384    27.785    74.0    16.0    46.519    53.141    29.732    74.243    65.054    31.241    35.777    8.944    32.0    42.19    34.059    0         70.0    25.06    34.059    28.844    25.612    60.0    41.231    34.176    56.356    15.232    50.912    32.558    36.056    13.416    23.409    50.04    41.183    14.142    37.577    50.99    67.469    35.44    20.0    55.785    67.469    41.231    26.833    31.048    53.852    6.0    64.031    79.649    15.232    46.39    58.0    27.785    48.374    14.142    55.462    44.045    49.477    14.422    65.788    46.043    66.03    49.396    21.541    70.711    
17    75.153    84.758    42.521    61.741    36.0    38.833    73.43    93.145    10.77    40.249    62.769    74.431    97.509    40.497    79.624    70.0    0         83.57    104.019    43.863    45.651    92.195    110.454    45.122    17.088    75.073    92.195    80.05    94.868    73.593    67.052    54.589    29.732    58.0    40.792    94.34    74.0    46.69    90.0    71.021    74.0    54.406    43.863    92.477    76.42    65.299    17.889    20.881    55.317    62.129    58.241    45.695    48.662    60.828    32.985    58.034    54.589    76.026    39.446    54.148    4.472    26.0    52.802    29.732    
18    59.666    2.828    74.027    22.361    51.614    55.172    54.037    55.317    76.026    43.681    60.828    16.125    15.62    64.498    14.0    25.06    83.57    0         34.234    39.85    38.833    38.626    32.249    39.446    73.348    38.21    27.785    12.0    12.0    36.878    17.205    44.944    58.549    37.363    43.909    27.203    54.589    38.833    24.739    42.755    54.589    65.788    46.0    8.944    38.053    30.463    72.719    87.658    36.497    37.577    50.99    37.947    72.277    24.083    59.666    37.736    74.0    10.77    66.603    41.617    80.324    68.264    31.048    75.073    
19    50.16    36.056    104.709    46.043    78.816    84.38    46.0    88.363    99.035    65.054    58.31    31.623    22.804    72.801    48.166    34.059    104.019    34.234    0         62.29    59.397    70.711    13.416    66.03    89.889    32.985    58.856    46.174    34.928    33.526    47.539    77.253    74.887    46.648    70.0    57.271    88.814    66.573    14.142    76.942    88.814    67.082    60.465    30.265    72.25    38.833    97.673    113.278    48.826    70.88    84.119    60.959    75.71    45.607    87.658    70.228    74.673    33.106    96.747    73.539    100.0    82.365    54.037    103.228    
20    50.636    41.231    46.69    17.889    18.439    26.077    46.174    65.299    37.202    4.0    43.081    31.241    53.666    32.802    38.053    28.844    43.863    39.85    62.29    0         4.0    57.271    67.201    8.944    34.059    39.294    53.367    38.0    51.42    37.363    24.083    29.53    20.396    22.091    10.0    54.918    51.614    11.662    48.166    42.426    51.614    41.617    14.422    48.703    44.407    26.0    35.384    50.99    18.111    31.113    37.577    2.0    43.863    17.205    27.203    26.907    48.166    32.249    38.471    26.077    40.497    30.594    8.944    42.048    
21    46.69    40.447    50.636    16.492    22.361    30.067    42.19    67.941    39.699    5.657    39.395    28.844    52.0    30.529    38.471    25.612    45.651    38.833    59.397    4.0    0         59.059    64.9    12.649    34.525    35.44    54.406    38.21    50.636    33.526    24.083    33.106    20.0    18.111    14.0    55.785    54.918    15.232    45.255    45.343    54.918    38.419    11.314    47.539    46.861    22.361    38.419    54.037    14.142    34.059    41.231    4.472    41.231    15.232    31.048    30.0    45.255    30.463    42.426    29.53    42.048    30.067    8.0    45.695    
22    95.268    36.056    63.906    48.166    56.321    54.037    89.644    18.111    82.024    60.926    93.381    52.154    48.166    89.554    26.077    60.0    92.195    38.626    70.711    57.271    59.059    0         64.031    50.596    88.769    74.887    12.0    27.785    36.056    73.239    38.21    38.053    77.253    67.941    53.852    14.142    28.425    48.083    63.246    22.804    28.425    95.603    69.971    40.447    16.125    63.781    76.026    87.132    65.299    30.067    37.363    55.462    99.86    50.99    60.033    34.234    103.228    46.648    59.666    38.053    90.554    87.316    52.154    71.386    
23    62.801    33.106    106.019    49.679    82.024    86.556    58.31    82.098    104.403    70.456    70.0    36.056    17.088    82.462    44.944    41.231    110.454    32.249    13.416    67.201    64.9    64.031    0         69.311    97.509    44.045    52.038    43.081    28.284    44.181    48.415    77.175    82.292    55.027    73.593    50.0    85.44    69.311    22.361    74.0    85.44    78.23    68.029    25.298    68.411    46.819    102.176    117.593    56.462    69.771    83.187    65.605    86.579    50.0    90.554    69.971    86.093    35.384    98.407    73.783    106.677    90.62    58.412    106.151    
24    59.228    40.249    39.85    20.0    12.806    18.974    54.589    57.201    36.77    11.314    52.0    34.409    54.406    41.037    34.525    34.176    45.122    39.446    66.03    8.944    12.649    50.596    69.311    0         38.471    46.39    48.166    34.928    50.16    44.407    22.361    20.591    26.833    30.067    4.472    50.04    42.802    2.828    52.154    34.059    42.802    50.478    23.324    48.374    36.715    32.558    33.287    48.415    26.077    22.804    28.636    8.246    52.345    20.591    21.633    18.439    56.851    33.941    31.623    17.205    42.426    36.77    12.649    37.202    
25    58.138    74.967    51.108    50.99    34.0    40.0    56.604    93.038    20.396    30.067    45.695    62.032    86.023    23.409    72.0    56.356    17.088    73.348    89.889    34.059    34.525    88.769    97.509    38.471    0         59.464    86.579    72.028    85.159    58.138    58.138    53.666    15.232    43.267    34.928    88.363    75.472    40.792    76.158    69.857    75.472    37.363    29.53    82.0    74.0    51.108    26.0    36.0    41.183    59.464    59.363    36.056    32.062    49.477    35.384    55.027    38.053    64.56    45.607    52.0    12.649    8.944    42.426    39.395    
26    21.633    41.037    85.907    30.594    57.723    65.115    16.125    89.443    72.111    40.497    26.077    22.804    40.497    40.249    48.826    15.232    75.073    38.21    32.985    39.294    35.44    74.887    44.045    46.39    59.464    0         65.299    47.202    47.707    2.0    38.626    64.125    45.343    17.889    49.031    65.115    82.462    48.166    22.091    70.88    82.462    34.234    31.623    42.19    69.08    14.0    72.471    87.818    21.541    61.188    72.25    38.833    42.755    28.284    66.483    58.549    42.048    28.425    77.666    60.133    70.767    51.225    34.059    80.994    
27    86.279    25.06    68.964    41.183    56.321    55.785    80.623    30.067    82.608    57.271    85.604    42.521    36.222    84.309    17.205    50.912    92.195    27.785    58.856    53.367    54.406    12.0    52.038    48.166    86.579    65.299    0         18.439    24.083    63.781    31.305    40.497    73.756    60.465    52.038    2.828    37.202    46.043    52.0    28.425    37.202    88.837    64.622    28.636    21.26    55.317    77.279    89.844    58.31    31.623    42.19    51.42    93.915    43.909    61.612    34.928    96.747    36.878    63.561    39.294    90.022    83.952    46.819    74.673    
28    67.941    10.198    65.054    23.409    45.695    47.707    62.29    43.681    71.47    42.0    67.201    24.413    26.0    67.052    2.0    32.558    80.05    12.0    46.174    38.0    38.21    27.785    43.081    34.928    72.028    47.202    18.439    0         16.971    45.607    14.142    35.384    58.138    42.19    39.294    18.868    42.755    33.526    36.497    31.048    42.755    70.711    47.539    17.889    26.077    36.878    67.231    81.413    40.249    27.203    40.497    36.0    76.158    26.0    52.839    28.284    78.715    18.868    58.138    32.558    77.279    68.264    30.265    67.676    
29    69.34    10.198    82.024    34.234    61.774    64.405    63.812    54.0    86.925    55.317    71.694    27.203    12.166    76.42    18.439    36.056    94.868    12.0    34.928    51.42    50.636    36.056    28.284    50.16    85.159    47.707    24.083    16.971    0         46.648    27.857    52.345    70.456    49.031    54.626    22.361    57.585    49.193    30.0    46.519    57.585    77.201    58.0    5.657    40.497    41.761    83.187    97.755    48.374    44.045    57.201    49.477    83.952    36.056    69.34    45.255    85.44    22.361    75.073    49.518    91.761    80.225    42.755    84.404    
30    22.804    39.699    83.952    28.636    55.785    63.151    17.205    87.658    70.456    38.626    26.306    21.26    39.85    39.395    47.202    13.416    73.593    36.878    33.526    37.363    33.526    73.239    44.181    44.407    58.138    2.0    63.781    45.607    46.648    0         36.77    62.129    43.863    16.125    47.074    63.655    80.523    46.174    22.0    68.964    80.523    34.059    30.0    41.183    67.231    12.0    70.711    86.093    19.698    59.228    70.257    36.878    42.426    26.306    64.56    56.569    42.0    26.907    75.71    58.138    69.311    50.0    32.062    79.12    
31    57.689    17.889    57.689    10.0    34.409    38.21    52.154    51.108    59.093    28.071    55.172    18.0    32.558    53.141    14.56    23.409    67.052    17.205    47.539    24.083    24.083    38.21    48.415    22.361    58.138    38.626    31.305    14.142    27.857    36.77    0         29.732    44.045    29.732    26.833    32.311    44.407    21.633    34.928    32.558    44.407    57.689    33.526    26.077    30.463    26.077    55.57    70.456    27.203    24.083    36.878    22.091    62.61    12.806    42.521    22.804    65.513    14.56    50.0    26.0    64.031    54.148    16.125    58.0    
32    79.12    44.407    29.732    34.059    19.698    16.0    74.216    39.395    44.181    31.623    72.498    47.074    60.465    60.959    33.941    50.04    54.589    44.944    77.253    29.53    33.106    38.053    77.175    20.591    53.666    64.125    40.497    35.384    52.345    62.129    29.732    0         45.343    49.477    21.26    43.081    22.627    17.889    64.56    16.492    22.627    71.021    43.909    52.802    22.0    50.16    38.0    49.477    45.607    8.944    8.246    28.636    72.471    36.0    22.0    7.211    77.201    44.272    23.324    4.0    53.367    54.406    30.594    34.176    
33    47.539    60.299    51.42    36.222    27.203    34.986    44.944    83.762    27.857    16.492    36.222    46.819    70.88    17.088    58.31    41.183    29.732    58.549    74.887    20.396    20.0    77.253    82.292    26.833    15.232    45.343    73.756    58.138    70.456    43.863    44.045    45.343    0         28.425    24.413    75.313    67.941    29.53    61.057    60.465    67.941    30.265    14.422    67.082    63.53    36.056    30.265    44.272    26.077    49.396    52.345    22.361    28.636    34.525    32.311    44.944    34.176    49.477    44.272    42.802    25.456    10.198    28.0    42.048    
34    29.732    39.85    68.731    19.799    40.447    48.166    24.739    80.0    54.406    22.804    25.456    22.091    46.043    28.071    43.267    14.142    58.0    37.363    46.648    22.091    18.111    67.941    55.027    30.067    43.267    17.889    60.465    42.19    49.031    16.125    29.732    49.477    28.425    0         32.062    61.057    69.857    32.249    33.106    59.059    69.857    28.636    14.142    44.407    58.822    8.246    54.589    69.971    4.0    48.332    57.723    22.0    34.928    16.971    49.031    44.944    36.77    26.683    60.531    45.607    53.814    35.777    18.974    63.246    
35    60.531    44.721    36.878    24.083    8.944    16.125    56.143    59.363    32.311    10.77    52.498    38.419    58.822    39.699    38.833    37.577    40.792    43.909    70.0    10.0    14.0    53.852    73.593    4.472    34.928    49.031    52.038    39.294    54.626    47.074    26.833    21.26    24.413    32.062    0         54.0    43.863    6.0    56.036    36.056    43.863    50.12    23.409    52.839    39.395    35.44    28.844    44.045    28.071    25.06    28.844    10.198    51.225    24.413    17.889    20.591    56.036    38.21    28.636    18.439    38.21    34.0    16.125    33.287    
36    86.279    24.413    71.694    42.048    58.549    58.241    80.623    32.249    84.853    58.856    86.023    42.426    34.525    85.44    17.889    50.99    94.34    27.203    57.271    54.918    55.785    14.142    50.0    50.04    88.363    65.115    2.828    18.868    22.361    63.655    32.311    43.081    75.313    61.057    54.0    0         40.0    48.0    50.99    31.241    40.0    89.554    65.788    27.203    24.083    55.606    79.624    92.347    59.059    34.176    44.944    52.953    94.847    44.721    64.031    37.363    97.529    36.77    66.212    41.761    92.087    85.51    48.083    77.253    
37    99.539    52.953    38.21    51.923    41.617    35.777    94.34    20.0    63.246    54.037    94.021    62.29    68.411    83.546    40.792    67.469    74.0    54.589    88.814    51.614    54.918    28.425    85.44    42.802    75.472    82.462    37.202    42.755    57.585    80.523    44.407    22.627    67.941    69.857    43.863    40.0    0         40.0    78.026    12.0    0.0    93.231    66.03    60.166    17.088    68.964    56.321    64.125    66.212    21.541    16.125    50.478    95.016    54.406    41.231    25.06    99.639    58.034    36.222    25.612    73.539    76.837    50.99    48.166    
38    61.612    39.446    38.626    20.591    12.806    17.889    56.886    54.406    37.947    14.142    54.626    34.986    54.037    43.863    32.985    35.44    46.69    38.833    66.573    11.662    15.232    48.083    69.311    2.828    40.792    48.166    46.043    33.526    49.193    46.174    21.633    17.889    29.53    32.249    6.0    48.0    40.0    0         52.839    31.241    40.0    53.254    26.077    47.707    34.0    34.234    34.0    48.826    28.284    20.0    26.0    10.77    55.172    21.541    21.26    15.62    59.666    34.059    30.463    14.422    44.181    39.395    14.142    36.878    
39    42.379    27.203    91.236    32.249    64.9    70.711    37.363    80.05    84.9    50.912    48.166    17.889    20.0    60.166    38.471    20.0    90.0    24.739    14.142    48.166    45.255    63.246    22.361    52.154    76.158    22.091    52.0    36.497    30.0    22.0    34.928    64.56    61.057    33.106    56.036    50.99    78.026    52.839    0         66.03    78.026    56.036    46.648    24.413    62.129    25.06    83.546    99.156    34.986    58.856    71.805    46.861    64.281    31.623    73.783    57.723    64.0    20.396    83.187    60.729    86.023    68.877    40.0    89.308    
40    88.566    41.231    41.231    40.497    36.056    32.249    83.259    23.324    60.531    45.343    83.762    50.359    56.921    75.073    29.12    55.785    71.021    42.755    76.942    42.426    45.343    22.804    74.0    34.059    69.857    70.88    28.425    31.048    46.519    68.964    32.558    16.492    60.465    59.059    36.056    31.241    12.0    31.241    66.03    0         12.0    83.738    56.639    48.703    7.211    57.585    54.148    64.498    55.57    11.314    14.56    41.037    86.279    43.081    38.21    15.62    90.554    46.043    36.878    17.889    69.857    69.971    40.497    48.662    
41    99.539    52.953    38.21    51.923    41.617    35.777    94.34    20.0    63.246    54.037    94.021    62.29    68.411    83.546    40.792    67.469    74.0    54.589    88.814    51.614    54.918    28.425    85.44    42.802    75.472    82.462    37.202    42.755    57.585    80.523    44.407    22.627    67.941    69.857    43.863    40.0    0.0    40.0    78.026    12.0    0         93.231    66.03    60.166    17.088    68.964    56.321    64.125    66.212    21.541    16.125    50.478    95.016    54.406    41.231    25.06    99.639    58.034    36.222    25.612    73.539    76.837    50.99    48.166    
42    22.627    68.352    81.584    47.707    55.714    63.906    23.324    106.075    56.321    39.446    10.0    50.0    72.691    14.142    71.694    41.231    54.406    65.788    67.082    41.617    38.419    95.603    78.23    50.478    37.363    34.234    88.837    70.711    77.201    34.059    57.689    71.021    30.265    28.636    50.12    89.554    93.231    53.254    56.036    83.738    93.231    0         27.203    72.277    84.853    35.44    60.0    72.691    30.529    72.471    78.892    42.802    8.944    44.944    62.097    68.411    8.246    55.027    74.216    67.676    50.0    28.636    43.863    72.25    
43    38.0    48.042    58.0    24.331    30.265    38.471    34.234    79.246    40.497    12.649    29.12    32.985    57.271    19.698    48.083    26.833    43.863    46.0    60.465    14.422    11.314    69.971    68.029    23.324    29.53    31.623    64.622    47.539    58.0    30.0    33.526    43.909    14.422    14.142    23.409    65.788    66.03    26.077    46.648    56.639    66.03    27.203    0         54.148    58.138    21.633    41.231    56.356    11.662    45.343    51.884    15.62    30.0    22.091    38.0    41.231    33.941    36.222    50.04    40.497    39.699    22.804    17.889    50.99    
44    63.812    8.485    82.219    31.048    60.465    63.781    58.31    58.138    84.971    52.498    66.483    22.361    8.246    72.111    19.698    31.048    92.477    8.944    30.265    48.703    47.539    40.447    25.298    48.374    82.0    42.19    28.636    17.889    5.657    41.183    26.077    52.802    67.082    44.407    52.839    27.203    60.166    47.707    24.413    48.703    60.166    72.277    54.148    0         43.174    36.878    81.633    96.519    44.045    44.944    58.31    46.819    79.246    32.558    68.411    45.607    80.523    18.0    74.967    49.679    89.196    76.655    39.85    83.738    
45    87.818    36.222    48.332    39.446    40.792    38.0    82.365    21.26    66.121    47.707    84.024    47.539    51.42    77.201    24.083    53.852    76.42    38.053    72.25    44.407    46.861    16.125    68.411    36.715    74.0    69.08    21.26    26.077    40.497    67.231    30.463    22.0    63.53    58.822    39.395    24.083    17.088    34.0    62.129    7.211    17.088    84.853    58.138    43.174    0         56.356    60.0    71.021    55.606    14.56    21.541    42.802    88.091    42.19    44.0    18.974    92.022    42.755    43.681    22.361    74.967    73.348    41.037    55.317    
46    31.623    33.106    72.277    17.088    44.272    51.42    26.077    77.175    60.959    27.785    30.529    14.56    38.0    36.222    38.21    6.0    65.299    30.463    38.833    26.0    22.361    63.781    46.819    32.558    51.108    14.0    55.317    36.878    41.761    12.0    26.077    50.16    36.056    8.246    35.44    55.606    68.964    34.234    25.06    57.585    68.964    35.44    21.633    36.878    56.356    0         60.465    76.026    10.0    47.539    58.31    25.298    42.426    14.56    53.141    44.721    43.681    19.698    64.031    46.174    61.221    43.863    20.1    68.029    
47    77.666    73.43    25.612    52.498    21.541    22.0    74.726    75.71    7.211    32.802    66.483    66.483    87.658    46.043    66.483    64.031    17.889    72.719    97.673    35.384    38.419    76.026    102.176    33.287    26.0    72.471    77.279    67.231    83.187    70.711    55.57    38.0    30.265    54.589    28.844    79.624    56.321    34.0    83.546    54.148    56.321    60.0    41.231    81.633    60.0    60.465    0         15.62    51.108    46.174    40.792    36.77    56.569    52.345    16.0    42.426    62.514    66.843    21.633    38.21    18.439    32.558    43.863    13.416    
48    91.761    88.204    27.203    67.941    36.056    34.176    89.196    84.095    16.492    48.415    80.05    82.024    102.801    58.549    80.498    79.649    20.881    87.658    113.278    50.99    54.037    87.132    117.593    48.415    36.0    87.818    89.844    81.413    97.755    86.093    70.456    49.477    44.272    69.971    44.045    92.347    64.125    48.826    99.156    64.498    64.125    72.691    56.356    96.519    71.021    76.026    15.62    0         66.573    58.241    50.16    52.345    68.029    67.882    28.636    55.027    74.027    82.219    28.0    50.596    24.331    44.181    59.397    16.0    
49    33.526    38.833    64.777    17.205    36.497    44.181    28.636    76.837    51.225    18.974    28.425    22.091    46.39    28.071    41.183    15.232    55.317    36.497    48.826    18.111    14.142    65.299    56.462    26.077    41.183    21.541    58.31    40.249    48.374    19.698    27.203    45.607    26.077    4.0    28.071    59.059    66.212    28.284    34.986    55.57    66.212    30.529    11.662    44.045    55.606    10.0    51.108    66.573    0         44.721    53.852    18.0    36.056    14.422    45.122    41.231    38.471    26.077    56.569    41.761    51.225    34.176    15.232    59.464    
50    78.0    36.715    38.419    30.594    26.306    24.331    72.801    34.409    52.0    34.059    72.719    42.048    52.839    63.781    25.612    46.39    62.129    37.577    70.88    31.113    34.059    30.067    69.771    22.804    59.464    61.188    31.623    27.203    44.045    59.228    24.083    8.944    49.396    48.332    25.06    34.176    21.541    20.0    58.856    11.314    21.541    72.471    45.343    44.944    14.56    47.539    46.174    58.241    44.721    0         13.416    29.732    74.967    32.985    30.265    4.472    79.246    38.471    32.249    8.0    60.531    59.059    29.53    43.081    
51    87.361    50.12    26.833    42.0    25.612    19.698    82.462    34.928    47.539    39.446    80.623    54.589    66.242    68.411    38.833    58.0    58.241    50.99    84.119    37.577    41.231    37.363    83.187    28.636    59.363    72.25    42.19    40.497    57.201    70.257    36.878    8.246    52.345    57.723    28.844    44.944    16.125    26.0    71.805    14.56    16.125    78.892    51.884    58.31    21.541    58.31    40.792    50.16    53.852    13.416    0         36.77    80.0    44.045    25.298    14.142    84.876    51.42    22.361    12.166    57.585    60.959    38.833    34.234    
52    50.99    39.294    47.074    16.125    18.974    26.306    46.39    63.781    38.833    6.0    43.863    29.732    51.884    34.409    36.056    27.785    45.695    37.947    60.959    2.0    4.472    55.462    65.605    8.246    36.056    38.833    51.42    36.0    49.477    36.878    22.091    28.636    22.361    22.0    10.198    52.953    50.478    10.77    46.861    41.037    50.478    42.802    15.62    46.819    42.802    25.298    36.77    52.345    18.0    29.732    36.77    0         45.343    15.62    27.857    25.612    49.518    30.529    38.833    25.06    42.379    32.558    7.211    42.942    
53    31.241    74.726    79.699    52.802    55.57    63.53    32.249    109.124    52.038    41.037    18.868    56.886    80.225    11.662    76.968    48.374    48.662    72.277    75.71    43.863    41.231    99.86    86.579    52.345    32.062    42.755    93.915    76.158    83.952    42.426    62.61    72.471    28.636    34.928    51.225    94.847    95.016    55.172    64.281    86.279    95.016    8.944    30.0    79.246    88.091    42.426    56.569    68.029    36.056    74.967    80.0    45.343    0         50.16    60.926    70.711    6.0    61.612    72.801    69.426    44.407    24.083    47.707    69.426    
54    45.651    26.0    60.166    2.828    33.287    39.395    40.249    63.246    54.406    20.591    42.426    14.142    36.77    41.231    26.833    14.142    60.828    24.083    45.607    17.205    15.232    50.99    50.0    20.591    49.477    28.284    43.909    26.0    36.056    26.306    12.806    36.0    34.525    16.971    24.413    44.721    54.406    21.541    31.623    43.081    54.406    44.944    22.091    32.558    42.19    14.56    52.345    67.882    14.422    32.985    44.045    15.62    50.16    0         42.19    30.265    52.839    15.232    52.0    32.0    57.271    44.181    8.485    57.689    
55    76.0    60.0    20.0    41.617    8.944    6.0    72.111    60.166    22.361    26.306    66.483    56.036    75.073    49.396    51.884    55.462    32.985    59.666    87.658    27.203    31.048    60.033    90.554    21.633    35.384    66.483    61.612    52.839    69.34    64.56    42.521    22.0    32.311    49.031    17.889    64.031    41.231    21.26    73.783    38.21    41.231    62.097    38.0    68.411    44.0    53.141    16.0    28.636    45.122    30.265    25.298    27.857    60.926    42.19    0         26.683    66.483    55.317    12.166    22.361    32.311    38.833    34.0    15.62    
56    74.673    37.202    36.77    28.071    22.091    20.881    69.57    38.833    48.042    29.732    68.964    40.447    53.254    59.464    26.907    44.045    58.034    37.736    70.228    26.907    30.0    34.234    69.971    18.439    55.027    58.549    34.928    28.284    45.255    56.569    22.804    7.211    44.944    44.944    20.591    37.363    25.06    15.62    57.723    15.62    25.06    68.411    41.231    45.607    18.974    44.721    42.426    55.027    41.231    4.472    14.142    25.612    70.711    30.265    26.683    0         75.073    37.363    30.0    4.472    56.321    54.589    26.0    40.249    
57    27.785    76.551    85.44    55.57    60.828    68.877    29.732    113.172    58.034    45.607    16.492    58.241    80.895    17.088    79.649    49.477    54.589    74.0    74.673    48.166    45.255    103.228    86.093    56.851    38.053    42.048    96.747    78.715    85.44    42.0    65.513    77.201    34.176    36.77    56.036    97.529    99.639    59.666    64.0    90.554    99.639    8.246    33.941    80.523    92.022    43.681    62.514    74.027    38.471    79.246    84.876    49.518    6.0    52.839    66.483    75.073    0         63.246    78.435    74.027    50.359    30.067    51.225    75.313    
58    49.518    13.416    71.694    14.422    46.69    51.614    43.863    62.032    69.34    35.777    50.12    5.657    21.541    54.148    20.591    14.422    76.026    10.77    33.106    32.249    30.463    46.648    35.384    33.941    64.56    28.425    36.878    18.868    22.361    26.907    14.56    44.272    49.477    26.683    38.21    36.77    58.034    34.059    20.396    46.043    58.034    55.027    36.222    18.0    42.755    19.698    66.843    82.219    26.077    38.471    51.42    30.529    61.612    15.232    55.317    37.363    63.246    0         63.812    40.497    72.498    58.856    23.324    70.937    
59    88.023    66.483    8.246    50.99    20.1    12.649    84.024    56.143    28.844    38.053    78.638    65.299    82.219    61.351    56.851    65.788    39.446    66.603    96.747    38.471    42.426    59.666    98.407    31.623    45.607    77.666    63.561    58.138    75.073    75.71    50.0    23.324    44.272    60.531    28.636    66.212    36.222    30.463    83.187    36.878    36.222    74.216    50.04    74.967    43.681    64.031    21.633    28.0    56.569    32.249    22.361    38.833    72.801    52.0    12.166    30.0    78.435    63.812    0         25.612    40.0    50.12    44.272    12.0    
60    75.286    41.231    32.558    30.067    18.439    16.492    70.342    41.183    44.0    28.425    68.877    43.174    57.201    58.0    31.241    46.043    54.148    41.617    73.539    26.077    29.53    38.053    73.783    17.205    52.0    60.133    39.294    32.558    49.518    58.138    26.0    4.0    42.802    45.607    18.439    41.761    25.612    14.422    60.729    17.889    25.612    67.676    40.497    49.679    22.361    46.174    38.21    50.596    41.761    8.0    12.166    25.06    69.426    32.0    22.361    4.472    74.027    40.497    25.612    0         52.612    52.154    26.683    35.777    
61    70.682    81.609    43.863    58.31    34.234    37.947    68.964    92.347    11.314    36.77    58.31    70.711    94.021    36.056    76.942    66.03    4.472    80.324    100.0    40.497    42.048    90.554    106.677    42.426    12.649    70.767    90.022    77.279    91.761    69.311    64.031    53.367    25.456    53.814    38.21    92.087    73.539    44.181    86.023    69.857    73.539    50.0    39.699    89.196    74.967    61.221    18.439    24.331    51.225    60.531    57.585    42.379    44.407    57.271    32.311    56.321    50.359    72.498    40.0    52.612    0         21.541    49.396    31.241    
62    49.193    70.114    56.462    46.043    35.384    42.521    47.707    93.295    28.0    26.683    36.77    55.785    80.05    14.56    68.469    49.396    26.0    68.264    82.365    30.594    30.067    87.316    90.62    36.77    8.944    51.225    83.952    68.264    80.225    50.0    54.148    54.406    10.198    35.777    34.0    85.51    76.837    39.395    68.877    69.971    76.837    28.636    22.804    76.655    73.348    43.863    32.558    44.181    34.176    59.059    60.959    32.558    24.083    44.181    38.833    54.589    30.067    58.856    50.12    52.154    21.541    0         38.053    45.607    
