+-+-+-+-+-+-+-+-+-+-+-+-+-+-+ GRAFO CARGADO +-+-+-+-+-+-+-+-+-+-+-+-+-+-+-
        1         2         3         4         5         6         7         8         9         10        11        12        13        14        15        16        17        18        19        20        21        22        23        24        25        26        27        28        29        30        31        32        33        34        35        36        37        38        39        40        41        42        43        44
1     0         88.527    21.024    33.242    20.616    53.254    32.202    30.265    14.866    40.112    58.009    64.195    34.409    67.268    41.761    22.804    88.255    29.155    99.086    29.411    80.262    69.289    30.083    56.851    42.154    39.205    49.82    34.409    26.907    51.0    60.803    9.434    78.435    45.122    29.614    89.275    36.125    73.824    44.045    37.162    56.4    31.78    84.481    59.464    
2     88.527    0         75.0    55.317    72.402    97.165    56.569    110.639    91.269    61.741    65.008    61.205    55.471    72.0    75.611    89.894    43.267    61.294    14.036    81.154    26.926    90.2    63.008    33.541    84.404    49.497    57.871    91.417    95.273    40.817    31.623    87.419    93.215    77.466    67.082    1.0    63.53    78.262    64.846    56.798    32.65    74.706    79.057    40.262    
3     21.024    75.0    0         24.187    26.401    68.015    20.616    51.245    33.838    19.416    62.298    66.94    29.017    46.573    21.954    39.825    84.481    26.683    87.132    41.725    72.801    79.881    12.042    47.434    54.489    26.926    51.42    50.22    45.188    34.655    52.202    27.514    88.51    54.644    33.541    75.604    15.524    80.623    23.022    35.511    42.438    11.662    90.139    40.817    
4     33.242    55.317    24.187    0         19.235    57.94    4.472    57.245    37.336    25.612    41.881    45.188    6.403    55.317    38.484    38.328    60.299    9.22    65.947    33.377    49.041    63.781    15.811    24.187    43.081    7.071    30.017    44.283    44.283    21.024    28.636    32.65    71.421    39.962    18.974    56.08    23.324    61.033    32.016    14.213    23.707    30.806    69.354    32.14    
5     20.616    72.402    26.401    19.235    0         42.438    21.024    38.484    18.868    38.91    38.21    44.0    17.0    69.354    47.424    19.105    67.779    11.18    81.566    16.125    60.803    53.535    26.833    39.205    28.32    26.306    29.275    26.249    25.08    40.2    42.45    15.62    62.266    28.302    9.055    73.246    35.355    55.362    44.777    17.205    42.379    37.483    65.513    51.0    
6     53.254    97.165    68.015    57.94    42.438    0         61.327    40.0    38.949    81.123    34.015    40.311    52.498    111.647    89.644    30.529    71.561    48.847    101.242    26.401    75.273    21.84    69.116    66.0    14.866    64.195    39.319    18.868    27.857    77.621    66.189    43.829    30.265    20.0    39.0    98.153    77.698    34.67    87.132    46.098    75.664    79.511    45.177    89.286    
7     32.202    56.569    20.616    4.472    21.024    61.327    0         57.974    38.079    21.26    46.325    49.659    10.817    51.225    34.015    40.012    64.125    12.53    67.801    36.139    52.202    67.941    11.402    26.926    46.519    7.071    34.482    46.872    46.011    19.647    31.623    32.894    75.69    43.829    22.361    57.28    18.868    65.46    27.659    18.601    24.207    26.476    73.824    30.017    
8     30.265    110.639    51.245    57.245    38.484    40.0    57.974    0         19.925    70.007    62.266    69.462    55.462    97.494    71.805    21.26    99.202    49.659    119.038    31.89    96.26    61.294    59.135    77.175    37.696    64.195    59.548    26.0    17.205    77.621    79.881    25.318    70.114    44.721    43.829    111.508    66.008    71.568    74.243    54.083    80.777    61.984    82.71    87.476    
9     14.866    91.269    33.838    37.336    18.868    38.949    38.079    19.925    0         51.478    49.477    56.321    35.847    80.362    55.543    8.544    83.726    30.017    100.265    18.111    78.645    56.515    40.05    58.009    29.428    44.272    43.829    20.125    12.042    57.723    61.074    6.325    65.734    34.015    25.495    92.114    47.518    63.0    56.294    35.384    60.926    45.31    74.027    67.742    
10    40.112    61.741    19.416    25.612    38.91    81.123    21.26    70.007    51.478    0         67.424    70.328    32.016    30.529    15.0    56.045    80.623    33.302    75.027    55.009    66.008    89.107    12.083    41.195    66.573    22.847    55.471    65.0    61.847    21.587    46.174    45.277    96.938    64.661    42.802    62.169    4.0    86.608    6.403    39.825    31.401    13.454    94.668    23.345    
11    58.009    65.008    62.298    41.881    38.21    34.015    46.325    62.266    49.477    67.424    0         7.211    35.511    96.26    80.131    42.72    38.288    35.847    67.683    31.623    41.485    25.962    57.306    37.696    25.495    45.343    12.042    36.62    45.177    55.606    36.139    50.359    31.385    17.804    29.428    66.008    65.192    19.209    73.817    27.785    50.12    71.589    27.857    66.851    
12    64.195    61.205    66.94    45.188    44.0    40.311    49.659    69.462    56.321    70.328    7.211    0         39.0    98.234    83.672    49.769    31.401    40.262    62.65    38.626    36.346    29.017    60.926    36.892    32.65    47.707    15.524    43.829    52.355    56.569    34.438    56.886    32.573    25.0    35.014    62.201    68.425    18.358    76.662    31.623    50.0    75.611    24.413    67.357    
13    34.409    55.471    29.017    6.403    17.0    52.498    10.817    55.462    35.847    32.016    35.511    39.0    0         61.62    44.721    35.44    55.902    5.831    65.069    29.0    46.065    57.489    21.932    22.627    37.643    11.705    23.707    40.0    41.231    25.318    26.401    32.016    65.054    34.0    14.036    56.303    29.682    54.644    38.419    7.81    25.71    36.688    63.063    36.878    
14    67.268    72.0    46.573    55.317    69.354    111.647    51.225    97.494    80.362    30.529    96.26    98.234    61.62    0         26.019    85.796    102.528    63.6    86.006    85.475    85.726    119.097    42.544    64.413    97.098    50.931    84.22    95.273    91.417    42.544    68.877    74.041    126.621    95.0    73.239    72.007    34.0    115.434    24.597    69.354    51.478    35.511    122.613    34.482    
15    41.761    75.611    21.954    38.484    47.424    89.644    34.015    71.805    55.543    15.0    80.131    83.672    44.721    26.019    0         61.774    95.525    44.654    89.185    63.253    81.006    100.125    22.825    56.143    75.743    37.108    68.425    72.111    67.082    36.346    61.131    49.244    108.407    75.073    53.263    75.961    15.524    99.126    10.77    52.355    46.271    10.296    107.782    35.777    
16    22.804    89.894    39.825    38.328    19.105    30.529    40.012    21.26    8.544    56.045    42.72    49.769    35.44    85.796    61.774    0         78.492    29.833    97.908    11.18    75.007    48.052    44.147    56.356    21.095    45.398    38.601    11.662    6.0    59.304    58.83    13.454    57.271    26.306    22.825    90.785    52.202    55.082    61.351    33.121    61.131    51.478    66.189    70.029    
17    88.255    43.267    84.481    60.299    67.779    71.561    64.125    99.202    83.726    80.623    38.288    31.401    55.902    102.528    95.525    78.492    0         59.908    38.328    67.424    17.804    56.921    75.007    39.459    63.655    59.008    39.962    74.33    82.006    60.877    34.525    82.765    56.719    55.866    59.093    44.102    80.225    42.202    86.145    51.245    51.245    90.006    39.013    68.154    
18    29.155    61.294    26.683    9.22    11.18    48.847    12.53    49.659    30.017    33.302    35.847    40.262    5.831    63.6    44.654    29.833    59.908    0         70.767    24.187    51.108    55.866    22.023    28.32    34.015    16.031    24.739    35.128    35.693    30.017    31.89    26.249    63.891    31.401    9.849    62.129    30.414    54.589    39.623    9.0    31.321    35.777    63.695    41.304    
19    99.086    14.036    87.132    65.947    81.566    101.242    67.801    119.038    100.265    75.027    67.683    62.65    65.069    86.006    89.185    97.908    38.328    70.767    0         88.323    26.306    91.351    75.293    42.45    89.694    60.803    62.769    97.949    102.927    53.712    39.205    97.0    93.005    82.28    75.213    14.0    76.557    78.0    78.447    65.0    44.777    87.727    76.792    54.129    
20    29.411    81.154    41.725    33.377    16.125    26.401    36.139    31.89    18.111    55.009    31.623    38.626    29.0    85.475    63.253    11.18    67.424    24.187    88.323    0         64.661    39.925    42.942    47.76    13.038    40.2    27.659    11.0    14.866    54.148    49.659    20.396    49.041    16.031    15.033    82.079    51.478    45.044    60.902    24.739    54.332    53.151    56.0    65.49    
21    80.262    26.926    72.801    49.041    60.803    75.273    52.202    96.26    78.645    66.008    41.485    36.346    46.065    85.726    81.006    75.007    17.804    51.108    26.306    64.661    0         65.123    62.169    25.495    64.413    46.098    37.736    73.498    79.511    45.177    20.616    76.4    67.186    56.798    53.151    27.857    66.189    52.154    71.063    43.6    35.228    76.655    52.202    51.245    
22    69.289    90.2    79.881    63.781    53.535    21.84    67.941    61.294    56.515    89.107    25.962    29.017    57.489    119.097    100.125    48.052    56.921    55.866    91.351    39.925    65.123    0         77.833    63.569    27.203    68.6    36.674    37.216    47.17    80.262    62.097    60.083    9.22    25.239    46.861    91.198    86.279    15.264    95.462    49.82    75.644    90.604    24.207    91.788    
23    30.083    63.008    12.042    15.811    26.833    69.116    11.402    59.135    40.05    12.083    57.306    60.926    21.932    42.544    22.825    44.147    75.007    22.023    75.293    42.942    62.169    77.833    0         36.674    54.644    16.125    45.618    52.924    50.01    22.627    41.593    34.0    85.913    53.075    31.145    63.6    8.602    76.322    18.028    29.53    30.529    15.133    84.971    29.547    
24    56.851    33.541    47.434    24.187    39.205    66.0    26.926    77.175    58.009    41.195    37.696    36.892    22.627    64.413    56.143    56.356    39.459    28.32    42.45    47.76    25.495    63.569    36.674    0         52.24    20.616    27.459    58.241    61.741    21.932    5.0    54.562    68.877    46.0    33.541    34.438    41.0    55.227    46.69    23.259    13.454    51.245    60.208    31.241    
25    42.154    84.404    54.489    43.081    28.32    14.866    46.519    37.696    29.428    66.573    25.495    32.65    37.643    97.098    75.743    21.095    63.655    34.015    89.694    13.038    64.413    27.203    54.644    52.24    0         49.336    26.926    11.705    21.378    62.817    52.953    32.894    36.401    7.81    24.166    85.376    63.246    34.366    72.67    31.401    61.205    65.765    45.541    74.465    
26    39.205    49.497    26.926    7.071    26.306    64.195    7.071    64.195    44.272    22.847    45.343    47.707    11.705    50.931    37.108    45.398    59.008    16.031    60.803    40.2    46.098    68.6    16.125    20.616    49.336    0         33.302    51.157    51.352    14.0    25.495    39.395    75.822    45.618    25.495    50.21    21.587    64.537    29.069    18.868    17.205    31.0    72.111    25.318    
27    49.82    57.871    51.42    30.017    29.275    39.319    34.482    59.548    43.829    55.471    12.042    15.524    23.707    84.22    68.425    38.601    39.962    24.739    62.769    27.659    37.736    36.674    45.618    27.459    26.926    33.302    0         35.805    42.45    43.829    27.0    43.324    43.012    19.647    20.224    58.856    53.339    31.241    61.855    16.155    39.0    60.166    39.357    55.227    
28    34.409    91.417    50.22    44.283    26.249    18.868    46.872    26.0    20.125    65.0    36.62    43.829    40.0    95.273    72.111    11.662    74.33    35.128    97.949    11.0    73.498    37.216    52.924    58.241    11.705    51.157    35.805    0         10.0    65.123    59.808    25.0    46.39    18.868    26.019    92.358    61.327    45.891    70.682    35.511    65.276    61.855    57.07    76.42    
29    26.907    95.273    45.188    44.283    25.08    27.857    46.011    17.205    12.042    61.847    45.177    52.355    41.231    91.417    67.082    6.0    82.006    35.693    102.927    14.866    79.511    47.17    50.01    61.741    21.378    51.352    42.45    10.0    0         65.276    64.008    18.028    56.321    27.857    28.231    96.177    57.974    55.731    67.052    38.484    66.94    56.798    66.91    76.026    
30    51.0    40.817    34.655    21.024    40.2    77.621    19.647    77.621    57.723    21.587    55.606    56.569    25.318    42.544    36.346    59.304    60.877    30.017    53.712    54.148    45.177    80.262    22.627    21.932    62.817    14.0    43.829    65.123    65.276    0         26.571    52.498    86.839    58.523    39.319    41.34    22.847    74.411    26.019    31.623    10.0    34.015    80.722    11.705    
31    60.803    31.623    52.202    28.636    42.45    66.189    31.623    79.881    61.074    46.174    36.139    34.438    26.401    68.877    61.131    58.83    34.525    31.89    39.205    49.659    20.616    62.097    41.593    5.0    52.953    25.495    27.0    59.808    64.008    26.571    0         57.983    66.851    46.271    36.056    32.573    46.0    52.773    51.624    25.807    17.493    56.223    57.009    35.228    
32    9.434    87.419    27.514    32.65    15.62    43.829    32.894    25.318    6.325    45.277    50.359    56.886    32.016    74.041    49.244    13.454    82.765    26.249    97.0    20.396    76.4    60.083    34.0    54.562    32.894    39.395    43.324    25.0    18.028    52.498    57.983    0         69.26    36.346    23.707    88.233    41.304    65.276    50.01    32.802    56.356    39.0    76.105    62.169    
33    78.435    93.215    88.51    71.421    62.266    30.265    75.69    70.114    65.734    96.938    31.385    32.573    65.054    126.621    108.407    57.271    56.719    63.891    93.005    49.041    67.186    9.22    85.913    68.877    36.401    75.822    43.012    46.39    56.321    86.839    66.851    69.26    0         34.0    55.218    94.202    94.26    15.033    103.325    57.28    81.492    99.045    19.723    98.184    
34    45.122    77.466    54.644    39.962    28.302    20.0    43.829    44.721    34.015    64.661    17.804    25.0    34.0    95.0    75.073    26.306    55.866    31.401    82.28    16.031    56.798    25.239    53.075    46.0    7.81    45.618    19.647    18.868    27.857    58.523    46.271    36.346    34.0    0         21.932    78.447    61.62    29.017    70.937    26.926    55.902    65.437    40.012    70.228    
35    29.614    67.082    33.541    18.974    9.055    39.0    22.361    43.829    25.495    42.802    29.428    35.014    14.036    73.239    53.263    22.825    59.093    9.849    75.213    15.033    53.151    46.861    31.145    33.541    24.166    25.495    20.224    26.019    28.231    39.319    36.056    23.707    55.218    21.932    0         67.978    39.699    47.17    49.041    10.296    39.319    43.829    57.009    50.804    
36    89.275    1.0    75.604    56.08    73.246    98.153    57.28    111.508    92.114    62.169    66.008    62.201    56.303    72.007    75.961    90.785    44.102    62.129    14.0    82.079    27.857    91.198    63.6    34.438    85.376    50.21    58.856    92.358    96.177    41.34    32.573    88.233    94.202    78.447    67.978    0         64.008    79.246    65.192    57.697    33.302    75.18    80.006    40.522    
37    36.125    63.53    15.524    23.324    35.355    77.698    18.868    66.008    47.518    4.0    65.192    68.425    29.682    34.0    15.524    52.202    80.225    30.414    76.557    51.478    66.189    86.279    8.602    41.0    63.246    21.587    53.339    61.327    57.974    22.847    46.0    41.304    94.26    61.62    39.699    64.008    0         84.315    9.434    37.443    32.28    11.18    92.661    26.249    
38    73.824    78.262    80.623    61.033    55.362    34.67    65.46    71.568    63.0    86.608    19.209    18.358    54.644    115.434    99.126    55.082    42.202    54.589    78.0    45.044    52.154    15.264    76.322    55.227    34.366    64.537    31.241    45.891    55.731    74.411    52.773    65.276    15.033    29.017    47.17    79.246    84.315    0         93.005    46.872    68.242    90.355    11.18    85.428    
39    44.045    64.846    23.022    32.016    44.777    87.132    27.659    74.243    56.294    6.403    73.817    76.662    38.419    24.597    10.77    61.351    86.145    39.623    78.447    60.902    71.063    95.462    18.028    46.69    72.67    29.069    61.855    70.682    67.052    26.019    51.624    50.01    103.325    70.937    49.041    65.192    9.434    93.005    0         46.228    36.014    13.928    101.02    25.06    
40    37.162    56.798    35.511    14.213    17.205    46.098    18.601    54.083    35.384    39.825    27.785    31.623    7.81    69.354    52.355    33.121    51.245    9.0    65.0    24.739    43.6    49.82    29.53    23.259    31.401    18.868    16.155    35.511    38.484    31.623    25.807    32.802    57.28    26.926    10.296    57.697    37.443    46.872    46.228    0         30.0    44.011    55.462    43.324    
41    56.4    32.65    42.438    23.707    42.379    75.664    24.207    80.777    60.926    31.401    50.12    50.0    25.71    51.478    46.271    61.131    51.245    31.321    44.777    54.332    35.228    75.644    30.529    13.454    61.205    17.205    39.0    65.276    66.94    10.0    17.493    56.356    81.492    55.902    39.319    33.302    32.28    68.242    36.014    30.0    0         43.324    73.593    17.804    
42    31.78    74.706    11.662    30.806    37.483    79.511    26.476    61.984    45.31    13.454    71.589    75.611    36.688    35.511    10.296    51.478    90.006    35.777    87.727    53.151    76.655    90.604    15.133    51.245    65.765    31.0    60.166    61.855    56.798    34.015    56.223    39.0    99.045    65.437    43.829    75.18    11.18    90.355    13.928    44.011    43.324    0         99.403    36.797    
43    84.481    79.057    90.139    69.354    65.513    45.177    73.824    82.71    74.027    94.668    27.857    24.413    63.063    122.613    107.782    66.189    39.013    63.695    76.792    56.0    52.202    24.207    84.971    60.208    45.541    72.111    39.357    57.07    66.91    80.722    57.009    76.105    19.723    40.012    57.009    80.006    92.661    11.18    101.02    55.462    73.593    99.403    0         91.22    
44    59.464    40.262    40.817    32.14    51.0    89.286    30.017    87.476    67.742    23.345    66.851    67.357    36.878    34.482    35.777    70.029    68.154    41.304    54.129    65.49    51.245    91.788    29.547    31.241    74.465    25.318    55.227    76.42    76.026    11.705    35.228    62.169    98.184    70.228    50.804    40.522    26.249    85.428    25.06    43.324    17.804    36.797    91.22    0         


Demandas:
1: 0.0
2: 8.0
3: 24.0
4: 9.0
5: 19.0
6: 9.0
7: 18.0
8: 9.0
9: 14.0
10: 3.0
11: 14.0
12: 8.0
13: 8.0
14: 13.0
15: 18.0
16: 4.0
17: 24.0
18: 14.0
19: 8.0
20: 18.0
21: 13.0
22: 2.0
23: 9.0
24: 18.0
25: 3.0
26: 24.0
27: 8.0
28: 24.0
29: 14.0
30: 13.0
31: 24.0
32: 23.0
33: 9.0
34: 13.0
35: 14.0
36: 14.0
37: 18.0
38: 24.0
39: 4.0
40: 8.0
41: 13.0
42: 4.0
43: 14.0
44: 18.0
+-+-+-+-+-+-+-+-+-+-+-+-+-+-+-+ SOLUCION INICIAL +-+-+-+-+-+-+-+-+-+-+-+-+-+-+-+-

Ruta #1: [1, 2, 31, 36, 19, 21, 17, 12]
Costo asociado: 306.42900000000003      Capacidad: 99.0

Ruta #2: [1, 4, 26, 7, 13, 40, 18, 35]
Costo asociado: 114.474      Capacidad: 95.0

Ruta #3: [1, 15, 23, 42, 3, 32]
Costo asociado: 128.329      Capacidad: 78.0

Ruta #4: [1, 5, 20, 28, 29, 8, 9]
Costo asociado: 109.737      Capacidad: 98.0

Ruta #5: [1, 24, 41, 30, 44, 14, 39, 10, 37]
Costo asociado: 197.617      Capacidad: 100.0

Ruta #6: [1, 11, 34, 27, 38, 43, 33, 22, 6, 25, 16]
Costo asociado: 247.42899999999997      Capacidad: 100.0

--> Costo total: 1104.0149999999999          Capacidad total: 570.0

+-+-+-+-+-+-+-+-+-+-+-+-+-+-+-+-+-+-+-+-+-+-+-+-+- Iteracion 5  +-+-+-+-+-+-+-+-+-+-+-+-+-+-+-+-+-+-+-+-+-+-+-+-+-


Ruta #1: [1, 2, 31, 36, 19, 21, 17, 12]
Costo asociado: 306.42900000000003      Capacidad: 99.0

Ruta #2: [1, 4, 26, 7, 13, 40, 18, 35]
Costo asociado: 114.474      Capacidad: 95.0

Ruta #3: [1, 15, 23, 42, 3, 32]
Costo asociado: 128.329      Capacidad: 78.0

Ruta #4: [1, 5, 20, 28, 29, 8, 9]
Costo asociado: 109.737      Capacidad: 98.0

Ruta #5: [1, 24, 41, 30, 44, 14, 39, 10, 37]
Costo asociado: 197.617      Capacidad: 100.0

Ruta #6: [1, 11, 34, 27, 38, 43, 33, 22, 6, 25, 16]
Costo asociado: 247.42899999999997      Capacidad: 100.0

--> Costo total: 1080.7379999999998          Capacidad total: 570.0

+-+-+-+-+-+-+-+-+-+-+-+-+-+-+-+-+-+-+-+-+-+-+-+-+- Iteracion 5  +-+-+-+-+-+-+-+-+-+-+-+-+-+-+-+-+-+-+-+-+-+-+-+-+-

La solución anterior duró 0min 0seg    -------> Nuevo optimo local. Costo: 1080.7379999999998       ==> Optimo: 937.0  Desvio: 15.299999999999999%
Lista tabu: [((26,7,7.071),4), ((13,40,7.81),4), ((13,26,11.705),3), ((12,17,31.401),5), ((17,21,17.804),5), ((27,38,31.241),5), ((38,43,11.18),5), ((12,38,18.358),4), ((30,44,11.705),6), ((10,37,4.0),6), ((10,30,21.587),5), ((12,17,31.401),7), ((17,21,17.804),7), ((27,38,31.241),7), ((38,43,11.18),7), ((12,38,18.358),6)]

+-+-+-+-+-+-+-+-+-+-+-+-+-+-+-+-+-+-+-+-+-+-+-+-+- Iteracion 14  +-+-+-+-+-+-+-+-+-+-+-+-+-+-+-+-+-+-+-+-+-+-+-+-+-


Ruta #1: [1, 2, 19, 36, 31, 21, 17, 12]
Costo asociado: 283.15200000000004      Capacidad: 99.0

Ruta #2: [1, 4, 26, 7, 13, 40, 18, 35]
Costo asociado: 114.474      Capacidad: 95.0

Ruta #3: [1, 15, 23, 42, 3, 32]
Costo asociado: 128.329      Capacidad: 78.0

Ruta #4: [1, 5, 20, 28, 29, 8, 9]
Costo asociado: 109.737      Capacidad: 98.0

Ruta #5: [1, 24, 41, 30, 44, 14, 39, 10, 37]
Costo asociado: 197.617      Capacidad: 100.0

Ruta #6: [1, 11, 34, 27, 38, 43, 33, 22, 6, 25, 16]
Costo asociado: 247.42899999999997      Capacidad: 100.0

--> Costo total: 1077.5149999999999          Capacidad total: 570.0

+-+-+-+-+-+-+-+-+-+-+-+-+-+-+-+-+-+-+-+-+-+-+-+-+- Iteracion 14  +-+-+-+-+-+-+-+-+-+-+-+-+-+-+-+-+-+-+-+-+-+-+-+-+-

La solución anterior duró 0min 0seg    -------> Nuevo optimo local. Costo: 1077.5149999999999       ==> Optimo: 937.0  Desvio: 15.0%
Lista tabu: [((4,26,7.071),1), ((40,18,9.0),1), ((3,32,27.514),2), ((32,1,9.434),2), ((26,7,7.071),2), ((7,13,10.817),2), ((3,7,20.616),1), ((3,32,27.514),3), ((32,1,9.434),3), ((26,7,7.071),3), ((7,13,10.817),3), ((3,7,20.616),2), ((24,41,13.454),4), ((30,44,11.705),4), ((24,30,21.932),3), ((7,13,10.817),5), ((13,40,7.81),5), ((15,23,22.825),5), ((13,23,21.932),4), ((3,32,27.514),6), ((32,1,9.434),6), ((26,7,7.071),6), ((7,13,10.817),6), ((3,7,20.616),5), ((41,30,10.0),7), ((44,14,34.482),7), ((41,44,17.804),6)]

+-+-+-+-+-+-+-+-+-+-+-+-+-+-+-+-+-+-+-+-+-+-+-+-+- Iteracion 19  +-+-+-+-+-+-+-+-+-+-+-+-+-+-+-+-+-+-+-+-+-+-+-+-+-


Ruta #1: [1, 2, 19, 36, 31, 21, 17, 12]
Costo asociado: 283.15200000000004      Capacidad: 99.0

Ruta #2: [1, 4, 26, 7, 13, 40, 18, 35]
Costo asociado: 114.474      Capacidad: 95.0

Ruta #3: [1, 37, 23, 42, 3, 32]
Costo asociado: 108.47      Capacidad: 78.0

Ruta #4: [1, 5, 20, 28, 29, 8, 9]
Costo asociado: 109.737      Capacidad: 98.0

Ruta #5: [1, 24, 41, 30, 44, 14, 39, 10, 15]
Costo asociado: 214.253      Capacidad: 100.0

Ruta #6: [1, 11, 34, 27, 38, 43, 33, 22, 6, 25, 16]
Costo asociado: 247.42899999999997      Capacidad: 100.0

--> Costo total: 1075.804          Capacidad total: 570.0

+-+-+-+-+-+-+-+-+-+-+-+-+-+-+-+-+-+-+-+-+-+-+-+-+- Iteracion 19  +-+-+-+-+-+-+-+-+-+-+-+-+-+-+-+-+-+-+-+-+-+-+-+-+-

La solución anterior duró 0min 0seg    -------> Nuevo optimo local. Costo: 1075.804       ==> Optimo: 937.0  Desvio: 14.799999999999999%
Lista tabu: [((3,32,27.514),1), ((32,1,9.434),1), ((26,7,7.071),1), ((7,13,10.817),1), ((41,30,10.0),2), ((44,14,34.482),2), ((41,44,17.804),1), ((10,37,4.0),7), ((37,1,36.125),7), ((1,15,41.761),7), ((15,23,22.825),7), ((10,15,15.0),6), ((4,26,7.071),4), ((40,18,9.0),4), ((4,40,14.213),3), ((41,30,10.0),5), ((44,14,34.482),5), ((41,44,17.804),4), ((12,17,31.401),6), ((17,21,17.804),6), ((27,38,31.241),6), ((38,43,11.18),6), ((12,38,18.358),5), ((7,13,10.817),7), ((40,18,9.0),7), ((7,40,18.601),6)]

+-+-+-+-+-+-+-+-+-+-+-+-+-+-+-+-+-+-+-+-+-+-+-+-+- Iteracion 37  +-+-+-+-+-+-+-+-+-+-+-+-+-+-+-+-+-+-+-+-+-+-+-+-+-


Ruta #1: [1, 2, 19, 36, 31, 21, 17, 12]
Costo asociado: 283.15200000000004      Capacidad: 99.0

Ruta #2: [1, 4, 7, 26, 13, 40, 18, 35]
Costo asociado: 112.763      Capacidad: 95.0

Ruta #3: [1, 37, 23, 42, 3, 32]
Costo asociado: 108.47      Capacidad: 78.0

Ruta #4: [1, 5, 20, 28, 29, 8, 9]
Costo asociado: 109.737      Capacidad: 98.0

Ruta #5: [1, 24, 41, 30, 44, 14, 39, 10, 15]
Costo asociado: 214.253      Capacidad: 100.0

Ruta #6: [1, 11, 34, 27, 38, 43, 33, 22, 6, 25, 16]
Costo asociado: 247.42899999999997      Capacidad: 100.0

--> Costo total: 1074.493          Capacidad total: 570.0

+-+-+-+-+-+-+-+-+-+-+-+-+-+-+-+-+-+-+-+-+-+-+-+-+- Iteracion 37  +-+-+-+-+-+-+-+-+-+-+-+-+-+-+-+-+-+-+-+-+-+-+-+-+-

La solución anterior duró 0min 0seg    -------> Nuevo optimo local. Costo: 1074.493       ==> Optimo: 937.0  Desvio: 14.7%
Lista tabu: [((7,26,7.071),3), ((13,40,7.81),3), ((7,13,10.817),2), ((5,20,16.125),4), ((20,28,11.0),4), ((4,7,4.472),4), ((7,26,7.071),4), ((5,7,21.024),3), ((26,13,11.705),5), ((13,40,7.81),5), ((41,30,10.0),5), ((30,44,11.705),5), ((26,30,14.0),4), ((7,26,7.071),6), ((18,35,9.849),6), ((40,18,9.0),6), ((7,18,12.53),5), ((38,43,11.18),7), ((22,6,21.84),7), ((22,38,15.264),6)]

+-+-+-+-+-+-+-+-+-+-+-+-+-+-+-+-+-+-+-+-+-+-+-+-+- Iteracion 47  +-+-+-+-+-+-+-+-+-+-+-+-+-+-+-+-+-+-+-+-+-+-+-+-+-


Ruta #1: [1, 2, 19, 36, 31, 21, 17, 12]
Costo asociado: 283.15200000000004      Capacidad: 99.0

Ruta #2: [1, 4, 7, 26, 13, 40, 18, 35]
Costo asociado: 112.763      Capacidad: 95.0

Ruta #3: [1, 3, 42, 23, 37, 32]
Costo asociado: 107.159      Capacidad: 78.0

Ruta #4: [1, 5, 20, 28, 29, 8, 9]
Costo asociado: 109.737      Capacidad: 98.0

Ruta #5: [1, 24, 41, 30, 44, 14, 39, 10, 15]
Costo asociado: 214.253      Capacidad: 100.0

Ruta #6: [1, 11, 34, 27, 38, 43, 33, 22, 6, 25, 16]
Costo asociado: 247.42899999999997      Capacidad: 100.0

--> Costo total: 1072.9609999999998          Capacidad total: 570.0

+-+-+-+-+-+-+-+-+-+-+-+-+-+-+-+-+-+-+-+-+-+-+-+-+- Iteracion 47  +-+-+-+-+-+-+-+-+-+-+-+-+-+-+-+-+-+-+-+-+-+-+-+-+-

La solución anterior duró 0min 0seg    -------> Nuevo optimo local. Costo: 1072.9609999999998       ==> Optimo: 937.0  Desvio: 14.499999999999998%
Lista tabu: [((1,37,36.125),2), ((3,32,27.514),2), ((1,3,21.024),1), ((10,15,15.0),1), ((15,1,41.761),1), ((3,42,11.662),1), ((42,23,15.133),1), ((4,7,4.472),2), ((7,26,7.071),2), ((23,37,8.602),2), ((7,37,18.868),1), ((4,7,4.472),3), ((7,26,7.071),3), ((42,23,15.133),3), ((7,23,11.402),2), ((4,7,4.472),4), ((40,18,9.0),4), ((4,40,14.213),3), ((30,44,11.705),5), ((10,15,15.0),5), ((39,10,6.403),5), ((10,30,21.587),4), ((4,7,4.472),6), ((7,26,7.071),6), ((23,37,8.602),6), ((7,37,18.868),5), ((12,17,31.401),7), ((17,21,17.804),7), ((27,38,31.241),7), ((38,43,11.18),7), ((12,38,18.358),6)]

+-+-+-+-+-+-+-+-+-+-+-+-+-+-+-+-+-+-+-+-+-+-+-+-+- Iteracion 64  +-+-+-+-+-+-+-+-+-+-+-+-+-+-+-+-+-+-+-+-+-+-+-+-+-


Ruta #1: [1, 2, 19, 36, 31, 21, 17, 12]
Costo asociado: 283.15200000000004      Capacidad: 99.0

Ruta #2: [1, 4, 7, 26, 13, 18, 40, 35]
Costo asociado: 111.231      Capacidad: 95.0

Ruta #3: [1, 3, 42, 23, 37, 32]
Costo asociado: 107.159      Capacidad: 78.0

Ruta #4: [1, 5, 20, 28, 29, 8, 9]
Costo asociado: 109.737      Capacidad: 98.0

Ruta #5: [1, 24, 41, 30, 44, 14, 39, 10, 15]
Costo asociado: 214.253      Capacidad: 100.0

Ruta #6: [1, 11, 34, 27, 38, 43, 33, 22, 6, 25, 16]
Costo asociado: 247.42899999999997      Capacidad: 100.0

--> Costo total: 1064.975          Capacidad total: 570.0

+-+-+-+-+-+-+-+-+-+-+-+-+-+-+-+-+-+-+-+-+-+-+-+-+- Iteracion 64  +-+-+-+-+-+-+-+-+-+-+-+-+-+-+-+-+-+-+-+-+-+-+-+-+-

La solución anterior duró 0min 0seg    -------> Nuevo optimo local. Costo: 1064.975       ==> Optimo: 937.0  Desvio: 13.700000000000001%
Lista tabu: [((41,30,10.0),1), ((44,14,34.482),1), ((4,7,4.472),2), ((26,13,11.705),2), ((4,26,7.071),1), ((31,21,20.616),3), ((21,17,17.804),3), ((24,41,13.454),3), ((41,30,10.0),3), ((31,41,17.493),2), ((31,21,20.616),4), ((21,17,17.804),4), ((24,41,13.454),4), ((41,30,10.0),4), ((31,41,17.493),3), ((39,10,6.403),5), ((15,1,41.761),5), ((15,39,10.77),4), ((7,26,7.071),6), ((13,18,5.831),6), ((7,13,10.817),5), ((39,10,6.403),7), ((15,1,41.761),7), ((15,39,10.77),6)]

+-+-+-+-+-+-+-+-+-+-+-+-+-+-+-+-+-+-+-+-+-+-+-+-+- Iteracion 66  +-+-+-+-+-+-+-+-+-+-+-+-+-+-+-+-+-+-+-+-+-+-+-+-+-


Ruta #1: [1, 2, 19, 36, 31, 21, 17, 12]
Costo asociado: 283.15200000000004      Capacidad: 99.0

Ruta #2: [1, 4, 7, 26, 13, 18, 40, 35]
Costo asociado: 111.231      Capacidad: 95.0

Ruta #3: [1, 3, 42, 23, 37, 32]
Costo asociado: 107.159      Capacidad: 78.0

Ruta #4: [1, 5, 20, 28, 29, 8, 9]
Costo asociado: 109.737      Capacidad: 98.0

Ruta #5: [1, 24, 41, 30, 44, 14, 39, 10, 15]
Costo asociado: 214.253      Capacidad: 100.0

Ruta #6: [1, 11, 27, 34, 38, 43, 33, 22, 6, 25, 16]
Costo asociado: 239.44299999999998      Capacidad: 100.0

--> Costo total: 1058.571          Capacidad total: 570.0

+-+-+-+-+-+-+-+-+-+-+-+-+-+-+-+-+-+-+-+-+-+-+-+-+- Iteracion 66  +-+-+-+-+-+-+-+-+-+-+-+-+-+-+-+-+-+-+-+-+-+-+-+-+-

La solución anterior duró 0min 0seg    -------> Nuevo optimo local. Costo: 1058.571       ==> Optimo: 937.0  Desvio: 13.0%
Lista tabu: [((31,21,20.616),1), ((21,17,17.804),1), ((24,41,13.454),1), ((41,30,10.0),1), ((31,21,20.616),2), ((21,17,17.804),2), ((24,41,13.454),2), ((41,30,10.0),2), ((31,41,17.493),1), ((39,10,6.403),3), ((15,1,41.761),3), ((15,39,10.77),2), ((7,26,7.071),4), ((13,18,5.831),4), ((7,13,10.817),3), ((39,10,6.403),5), ((15,1,41.761),5), ((15,39,10.77),4), ((11,34,17.804),10), ((27,38,31.241),10), ((11,27,12.042),9), ((5,20,16.125),7), ((20,28,11.0),7), ((37,32,41.304),7), ((20,32,20.396),6)]

+-+-+-+-+-+-+-+-+-+-+-+-+-+-+-+-+-+-+-+-+-+-+-+-+- Iteracion 68  +-+-+-+-+-+-+-+-+-+-+-+-+-+-+-+-+-+-+-+-+-+-+-+-+-


Ruta #1: [1, 2, 36, 19, 31, 21, 17, 12]
Costo asociado: 276.74800000000005      Capacidad: 99.0

Ruta #2: [1, 4, 7, 26, 13, 18, 40, 35]
Costo asociado: 111.231      Capacidad: 95.0

Ruta #3: [1, 3, 42, 23, 37, 32]
Costo asociado: 107.159      Capacidad: 78.0

Ruta #4: [1, 5, 20, 28, 29, 8, 9]
Costo asociado: 109.737      Capacidad: 98.0

Ruta #5: [1, 24, 41, 30, 44, 14, 39, 10, 15]
Costo asociado: 214.253      Capacidad: 100.0

Ruta #6: [1, 11, 27, 34, 38, 43, 33, 22, 6, 25, 16]
Costo asociado: 239.44299999999998      Capacidad: 100.0

--> Costo total: 1055.4189999999999          Capacidad total: 570.0

+-+-+-+-+-+-+-+-+-+-+-+-+-+-+-+-+-+-+-+-+-+-+-+-+- Iteracion 68  +-+-+-+-+-+-+-+-+-+-+-+-+-+-+-+-+-+-+-+-+-+-+-+-+-

La solución anterior duró 0min 0seg    -------> Nuevo optimo local. Costo: 1055.4189999999999       ==> Optimo: 937.0  Desvio: 12.6%
Lista tabu: [((39,10,6.403),1), ((15,1,41.761),1), ((7,26,7.071),2), ((13,18,5.831),2), ((7,13,10.817),1), ((39,10,6.403),3), ((15,1,41.761),3), ((15,39,10.77),2), ((11,34,17.804),8), ((27,38,31.241),8), ((11,27,12.042),7), ((5,20,16.125),5), ((20,28,11.0),5), ((37,32,41.304),5), ((20,32,20.396),4), ((2,19,14.036),10), ((36,31,32.573),10), ((2,36,1.0),9), ((34,38,29.017),7), ((6,25,14.866),7), ((6,34,20.0),6)]

+-+-+-+-+-+-+-+-+-+-+-+-+-+-+-+-+-+-+-+-+-+-+-+-+- Iteracion 98  +-+-+-+-+-+-+-+-+-+-+-+-+-+-+-+-+-+-+-+-+-+-+-+-+-


Ruta #1: [1, 2, 36, 19, 31, 21, 17, 12]
Costo asociado: 276.74800000000005      Capacidad: 99.0

Ruta #2: [1, 4, 7, 26, 13, 18, 40, 35]
Costo asociado: 111.231      Capacidad: 95.0

Ruta #3: [1, 3, 42, 23, 10, 37, 32]
Costo asociado: 114.64      Capacidad: 81.0

Ruta #4: [1, 5, 20, 28, 29, 8, 9]
Costo asociado: 109.737      Capacidad: 98.0

Ruta #5: [1, 24, 41, 30, 44, 14, 39, 15]
Costo asociado: 203.62      Capacidad: 97.0

Ruta #6: [1, 11, 27, 34, 38, 43, 33, 22, 6, 25, 16]
Costo asociado: 239.44299999999998      Capacidad: 100.0

--> Costo total: 1044.162          Capacidad total: 570.0

+-+-+-+-+-+-+-+-+-+-+-+-+-+-+-+-+-+-+-+-+-+-+-+-+- Iteracion 98  +-+-+-+-+-+-+-+-+-+-+-+-+-+-+-+-+-+-+-+-+-+-+-+-+-

La solución anterior duró 0min 0seg    -------> Nuevo optimo local. Costo: 1044.162       ==> Optimo: 937.0  Desvio: 11.4%
Lista tabu: [((3,42,11.662),5), ((23,10,12.083),5), ((3,23,12.042),4), ((7,26,7.071),6), ((18,40,9.0),6), ((13,18,5.831),6), ((7,18,12.53),5), ((18,40,9.0),7), ((35,1,29.614),7), ((18,35,9.849),6)]

+-+-+-+-+-+-+-+-+-+-+-+-+-+-+-+-+-+-+-+-+-+-+-+-+- Iteracion 142  +-+-+-+-+-+-+-+-+-+-+-+-+-+-+-+-+-+-+-+-+-+-+-+-+-


Ruta #1: [1, 2, 36, 19, 31, 21, 17, 12]
Costo asociado: 276.74800000000005      Capacidad: 99.0

Ruta #2: [1, 4, 7, 26, 13, 18, 40, 35]
Costo asociado: 111.231      Capacidad: 95.0

Ruta #3: [1, 3, 42, 37, 10, 23, 32]
Costo asociado: 103.383      Capacidad: 81.0

Ruta #4: [1, 5, 20, 28, 29, 8, 9]
Costo asociado: 109.737      Capacidad: 98.0

Ruta #5: [1, 24, 41, 30, 44, 14, 39, 15]
Costo asociado: 203.62      Capacidad: 97.0

Ruta #6: [1, 11, 27, 34, 38, 43, 33, 22, 6, 25, 16]
Costo asociado: 239.44299999999998      Capacidad: 100.0

--> Costo total: 1038.87          Capacidad total: 570.0

+-+-+-+-+-+-+-+-+-+-+-+-+-+-+-+-+-+-+-+-+-+-+-+-+- Iteracion 142  +-+-+-+-+-+-+-+-+-+-+-+-+-+-+-+-+-+-+-+-+-+-+-+-+-

La solución anterior duró 0min 1seg    -------> Nuevo optimo local. Costo: 1038.87       ==> Optimo: 937.0  Desvio: 10.9%
Lista tabu: [((3,42,11.662),7), ((10,23,12.083),7), ((3,10,19.416),6)]

+-+-+-+-+-+-+-+-+-+-+-+-+-+-+-+-+-+-+-+-+-+-+-+-+- Iteracion 145  +-+-+-+-+-+-+-+-+-+-+-+-+-+-+-+-+-+-+-+-+-+-+-+-+-


Ruta #1: [1, 27, 17, 21, 31, 19, 36, 2]
Costo asociado: 270.93399999999997      Capacidad: 99.0

Ruta #2: [1, 4, 7, 26, 13, 18, 40, 35]
Costo asociado: 111.231      Capacidad: 95.0

Ruta #3: [1, 3, 42, 37, 10, 23, 32]
Costo asociado: 103.383      Capacidad: 81.0

Ruta #4: [1, 5, 20, 28, 29, 8, 9]
Costo asociado: 109.737      Capacidad: 98.0

Ruta #5: [1, 24, 41, 30, 44, 14, 39, 15]
Costo asociado: 203.62      Capacidad: 97.0

Ruta #6: [1, 11, 12, 34, 38, 43, 33, 22, 6, 25, 16]
Costo asociado: 239.96499999999997      Capacidad: 100.0

--> Costo total: 1038.804          Capacidad total: 570.0

+-+-+-+-+-+-+-+-+-+-+-+-+-+-+-+-+-+-+-+-+-+-+-+-+- Iteracion 145  +-+-+-+-+-+-+-+-+-+-+-+-+-+-+-+-+-+-+-+-+-+-+-+-+-

La solución anterior duró 0min 0seg    -------> Nuevo optimo local. Costo: 1038.804       ==> Optimo: 937.0  Desvio: 10.9%
Lista tabu: [((3,42,11.662),4), ((10,23,12.083),4), ((3,10,19.416),3), ((11,27,12.042),9), ((27,34,19.647),9), ((1,12,64.195),9), ((12,17,31.401),9), ((11,12,7.211),8), ((3,42,11.662),6), ((10,23,12.083),6), ((3,10,19.416),5), ((37,10,4.0),7), ((10,23,12.083),7), ((39,15,10.77),7), ((10,15,15.0),6)]

+-+-+-+-+-+-+-+-+-+-+-+-+-+-+-+-+-+-+-+-+-+-+-+-+- Iteracion 175  +-+-+-+-+-+-+-+-+-+-+-+-+-+-+-+-+-+-+-+-+-+-+-+-+-


Ruta #1: [1, 27, 17, 21, 31, 19, 36, 2]
Costo asociado: 270.93399999999997      Capacidad: 99.0

Ruta #2: [1, 4, 7, 26, 13, 18, 40, 35]
Costo asociado: 111.231      Capacidad: 95.0

Ruta #3: [1, 3, 42, 37, 10, 23, 32]
Costo asociado: 103.383      Capacidad: 81.0

Ruta #4: [1, 5, 20, 28, 29, 8, 9]
Costo asociado: 109.737      Capacidad: 98.0

Ruta #5: [1, 24, 41, 30, 44, 14, 39, 15]
Costo asociado: 203.62      Capacidad: 97.0

Ruta #6: [1, 11, 34, 12, 38, 43, 33, 22, 6, 25, 16]
Costo asociado: 239.899      Capacidad: 100.0

--> Costo total: 1037.597          Capacidad total: 570.0

+-+-+-+-+-+-+-+-+-+-+-+-+-+-+-+-+-+-+-+-+-+-+-+-+- Iteracion 175  +-+-+-+-+-+-+-+-+-+-+-+-+-+-+-+-+-+-+-+-+-+-+-+-+-

La solución anterior duró 0min 0seg    -------> Nuevo optimo local. Costo: 1037.597       ==> Optimo: 937.0  Desvio: 10.7%
Lista tabu: []

Ruta #1: [1, 27, 17, 21, 31, 19, 36, 2]
Costo asociado: 270.93399999999997      Capacidad: 99.0

Ruta #2: [1, 4, 7, 26, 13, 18, 40, 35]
Costo asociado: 111.231      Capacidad: 95.0

Ruta #3: [1, 3, 42, 10, 37, 23, 32]
Costo asociado: 102.176      Capacidad: 81.0

Ruta #4: [1, 5, 20, 28, 29, 8, 9]
Costo asociado: 109.737      Capacidad: 98.0

Ruta #5: [1, 24, 41, 30, 44, 14, 39, 15]
Costo asociado: 203.62      Capacidad: 97.0

Ruta #6: [1, 11, 34, 12, 38, 43, 33, 22, 6, 25, 16]
Costo asociado: 239.899      Capacidad: 100.0

--> Costo total: 1038.804          Capacidad total: 570.0

+-+-+-+-+-+-+-+-+-+-+-+-+-+-+-+-+-+-+-+-+-+-+-+-+- Iteracion 601  +-+-+-+-+-+-+-+-+-+-+-+-+-+-+-+-+-+-+-+-+-+-+-+-+-


Ruta #1: [1, 27, 17, 21, 31, 19, 36, 2]
Costo asociado: 270.93399999999997      Capacidad: 99.0

Ruta #2: [1, 4, 7, 26, 13, 18, 40, 35]
Costo asociado: 111.231      Capacidad: 95.0

Ruta #3: [1, 3, 42, 10, 37, 23, 32]
Costo asociado: 102.176      Capacidad: 81.0

Ruta #4: [1, 5, 20, 28, 29, 8, 9]
Costo asociado: 109.737      Capacidad: 98.0

Ruta #5: [1, 24, 41, 30, 44, 14, 39, 15]
Costo asociado: 203.62      Capacidad: 97.0

Ruta #6: [1, 11, 34, 12, 38, 43, 33, 22, 6, 25, 16]
Costo asociado: 239.899      Capacidad: 100.0

--> Costo total: 1037.597          Capacidad total: 570.0

+-+-+-+-+-+-+-+-+-+-+-+-+-+-+-+-+-+-+-+-+-+-+-+-+- Iteracion 601  +-+-+-+-+-+-+-+-+-+-+-+-+-+-+-+-+-+-+-+-+-+-+-+-+-

Nuevo optimo. Costo: 1037.597
Lista tabu: [((4,7,4.472),1), ((7,26,7.071),1), ((10,23,12.083),1), ((11,34,17.804),2), ((12,38,18.358),2), ((11,12,7.211),1), ((20,28,11.0),3), ((9,1,14.866),3), ((8,9,19.925),3), ((9,20,18.111),2), ((3,42,11.662),4), ((10,23,12.083),4), ((3,10,19.416),3), ((5,20,16.125),5), ((20,28,11.0),5), ((1,35,29.614),5), ((35,40,10.296),5), ((5,35,9.055),4), ((37,10,4.0),6), ((10,23,12.083),6), ((14,39,24.597),6), ((39,15,10.77),6), ((37,39,9.434),5), ((39,15,10.77),7), ((15,1,41.761),7), ((3,42,11.662),7), ((42,37,11.18),7), ((39,42,13.928),6)]

Ruta #1: [1, 27, 17, 21, 31, 19, 36, 2]
Costo asociado: 270.93399999999997      Capacidad: 99.0

Ruta #2: [1, 4, 7, 26, 13, 18, 40, 35]
Costo asociado: 111.231      Capacidad: 95.0

Ruta #3: [1, 3, 42, 10, 37, 23, 32]
Costo asociado: 102.176      Capacidad: 81.0

Ruta #4: [1, 5, 20, 28, 29, 8, 9]
Costo asociado: 109.737      Capacidad: 98.0

Ruta #5: [1, 24, 41, 30, 44, 14, 39, 15]
Costo asociado: 203.62      Capacidad: 97.0

Ruta #6: [1, 11, 34, 12, 38, 43, 33, 22, 6, 25, 16]
Costo asociado: 239.899      Capacidad: 100.0

--> Costo total: 1038.87          Capacidad total: 570.0

+-+-+-+-+-+-+-+-+-+-+-+-+-+-+-+-+-+-+-+-+-+-+-+-+- Iteracion 933  +-+-+-+-+-+-+-+-+-+-+-+-+-+-+-+-+-+-+-+-+-+-+-+-+-


Ruta #1: [1, 27, 17, 21, 31, 19, 36, 2]
Costo asociado: 270.93399999999997      Capacidad: 99.0

Ruta #2: [1, 4, 7, 26, 13, 18, 40, 35]
Costo asociado: 111.231      Capacidad: 95.0

Ruta #3: [1, 3, 42, 10, 37, 23, 32]
Costo asociado: 102.176      Capacidad: 81.0

Ruta #4: [1, 5, 20, 28, 29, 8, 9]
Costo asociado: 109.737      Capacidad: 98.0

Ruta #5: [1, 24, 41, 30, 44, 14, 39, 15]
Costo asociado: 203.62      Capacidad: 97.0

Ruta #6: [1, 11, 34, 12, 38, 43, 33, 22, 6, 25, 16]
