+-+-+-+-+-+-+-+-+-+-+-+-+-+-+ GRAFO CARGADO +-+-+-+-+-+-+-+-+-+-+-+-+-+-+-
        1         2         3         4         5         6         7         8         9         10        11        12        13        14        15        16        17        18        19        20        21        22        23        24        25        26        27        28        29        30
1     999999999999.0    62.61    56.143    42.154    54.708    64.031    55.57    58.0    39.395    45.222    33.377    36.674    37.855    46.011    40.706    37.014    43.105    48.765    9.487    15.811    18.974    23.195    26.173    11.18    63.514    64.031    46.872    68.768    60.166    58.898    
2     62.61    999999999999.0    24.0    20.809    11.705    13.416    8.0    117.388    101.98    107.541    94.921    98.433    99.725    105.513    103.31    96.84    102.108    110.86    72.014    47.011    43.909    77.987    39.051    73.79    7.616    13.416    31.953    26.401    44.045    14.866    
3     56.143    24.0    999999999999.0    20.809    13.601    13.416    25.298    114.07    94.149    100.623    89.454    92.655    93.771    102.044    94.831    93.048    99.005    104.393    65.376    43.29    38.053    64.885    30.017    66.611    31.145    36.497    46.098    49.244    62.129    35.735    
4     42.154    20.809    20.809    999999999999.0    13.038    23.0    15.0    98.311    81.541    87.316    75.0    78.447    79.699    86.313    82.765    77.466    83.024    90.758    51.624    26.926    23.259    57.315    18.385    53.31    23.601    26.401    26.42    36.497    43.463    22.804    
5     54.708    11.705    13.601    13.038    999999999999.0    10.05    11.705    111.306    93.984    99.93    87.801    91.214    92.445    99.298    95.079    90.427    96.026    103.446    64.195    39.812    35.735    68.007    29.53    65.788    18.028    23.087    34.059    35.693    49.204    22.136    
6     64.031    13.416    13.416    23.0    10.05    999999999999.0    18.439    121.062    103.092    109.202    97.293    100.663    101.868    109.037    104.062    100.13    105.802    112.792    73.498    49.497    45.122    75.802    38.275    75.0    21.024    26.833    42.72    39.812    56.569    27.803    
7     55.57    8.0    25.298    15.0    11.705    18.439    999999999999.0    109.636    94.826    100.225    87.464    91.0    92.309    97.801    96.255    89.185    94.372    103.47    64.885    39.825    37.202    72.125    33.302    66.731    8.602    12.166    24.597    24.187    38.21    10.44    
8     58.0    117.388    114.07    98.311    111.306    121.062    109.636    999999999999.0    27.203    20.518    25.495    23.087    22.472    12.042    29.069    21.024    15.297    17.029    49.092    71.568    76.236    59.615    84.054    48.26    116.387    115.169    92.612    115.382    97.652    109.786    
9     39.395    101.98    94.149    81.541    93.984    103.092    94.826    27.203    999999999999.0    7.28    11.402    9.0    8.062    19.723    3.0    17.029    20.248    11.402    29.967    55.009    58.31    33.734    64.846    28.231    102.577    102.626    82.879    105.759    92.455    97.35    
10    45.222    107.541    100.623    87.316    99.93    109.202    100.225    20.518    7.28    999999999999.0    13.454    9.899    8.485    15.297    8.602    16.155    17.0    4.123    35.735    60.539    64.195    41.0    71.063    34.205    107.782    107.541    87.006    110.0    95.525    102.215    
11    33.377    94.921    89.454    75.0    87.801    97.293    87.464    25.495    11.402    13.454    999999999999.0    3.606    5.0    14.318    14.318    7.211    12.806    16.125    24.083    48.083    52.173    34.986    59.54    23.0    94.847    94.414    73.6    96.607    82.134    89.067    
12    36.674    98.433    92.655    78.447    91.214    100.663    91.0    23.087    9.0    9.899    3.606    999999999999.0    1.414    12.806    12.0    8.062    12.207    12.53    27.295    51.546    55.543    36.674    62.801    26.077    98.412    98.005    77.201    100.21    85.633    92.661    
13    37.855    99.725    93.771    79.699    92.445    101.868    92.309    22.472    8.062    8.485    5.0    1.414    999999999999.0    12.728    11.045    9.0    12.53    11.18    28.443    52.811    56.754    37.162    63.953    27.166    99.745    99.363    78.6    101.607    87.046    94.021    
14    46.011    105.513    102.044    86.313    99.298    109.037    97.801    12.042    19.723    15.297    14.318    12.806    12.728    999999999999.0    22.361    9.0    3.606    14.036    37.216    59.54    64.195    49.244    72.028    36.497    104.676    103.619    81.413    104.317    87.459    98.234    
15    40.706    103.31    94.831    82.765    95.079    104.062    96.255    29.069    3.0    8.602    14.318    12.0    11.045    22.361    999999999999.0    20.025    23.087    12.53    31.385    56.436    59.506    33.242    65.788    29.53    104.101    104.293    84.9    107.713    94.81    99.045    
16    37.014    96.84    93.048    77.466    90.427    100.13    89.185    21.024    17.029    16.155    7.211    8.062    9.0    9.0    20.025    999999999999.0    6.325    17.205    28.284    50.636    55.227    41.617    63.032    27.659    96.208    95.341    73.573    96.566    80.66    89.961    
17    43.105    102.108    99.005    83.024    96.026    105.802    94.372    15.297    20.248    17.0    12.806    12.207    12.53    3.606    23.087    6.325    999999999999.0    16.492    34.525    56.321    61.074    47.707    69.0    33.956    101.193    100.09    77.827    100.722    83.869    94.705    
18    48.765    110.86    104.393    90.758    103.446    112.792    103.47    17.029    11.402    4.123    16.125    12.53    11.18    14.036    12.53    17.205    16.492    999999999999.0    39.294    63.906    67.72    45.122    74.733    37.855    110.923    110.535    89.627    112.645    97.581    105.19    
19    9.487    72.014    65.376    51.624    64.195    73.498    64.885    49.092    29.967    35.735    24.083    27.295    28.443    37.216    31.385    28.284    34.525    39.294    999999999999.0    25.06    28.46    20.881    35.511    2.236    72.719    73.007    54.672    77.078    66.648    67.801    
20    15.811    47.011    43.29    26.926    39.812    49.497    39.825    71.568    55.009    60.539    48.083    51.546    52.811    59.54    56.436    50.636    56.321    63.906    25.06    999999999999.0    5.831    35.777    14.318    26.926    47.707    48.27    32.696    53.6    47.854    43.186    
21    18.974    43.909    38.053    23.259    35.735    45.122    37.202    76.236    58.31    64.195    52.173    55.543    56.754    64.195    59.506    55.227    61.074    67.72    28.46    5.831    999999999999.0    35.805    8.544    30.083    45.453    46.69    33.956    53.339    50.16    41.869    
22    23.195    77.987    64.885    57.315    68.007    75.802    72.125    59.615    33.734    41.0    34.986    36.674    37.162    49.244    33.242    41.617    47.707    45.122    20.881    35.777    35.805    999999999999.0    38.949    19.313    80.623    82.329    68.447    89.045    82.861    77.621    
23    26.173    39.051    30.017    18.385    29.53    38.275    33.302    84.054    64.846    71.063    59.54    62.801    63.953    72.028    65.788    63.032    69.0    74.733    35.511    14.318    8.544    38.949    999999999999.0    36.878    41.869    44.102    36.0    52.555    53.151    39.825    
24    11.18    73.79    66.611    53.31    65.788    75.0    66.731    48.26    28.231    34.205    23.0    26.077    27.166    36.497    29.53    27.659    33.956    37.855    2.236    26.926    30.083    19.313    36.878    999999999999.0    74.626    75.0    56.851    79.209    68.884    69.814    
25    63.514    7.616    31.145    23.601    18.028    21.024    8.602    116.387    102.577    107.782    94.847    98.412    99.745    104.676    104.101    96.208    101.193    110.923    72.719    47.707    45.453    80.623    41.869    74.626    999999999999.0    5.831    27.295    18.788    37.443    8.544    
26    64.031    13.416    36.497    26.401    23.087    26.833    12.166    115.169    102.626    107.541    94.414    98.005    99.363    103.619    104.293    95.341    100.09    110.535    73.007    48.27    46.69    82.329    44.102    75.0    5.831    999999999999.0    24.021    13.0    32.249    5.385    
27    46.872    31.953    46.098    26.42    34.059    42.72    24.597    92.612    82.879    87.006    73.6    77.201    78.6    81.413    84.9    73.573    77.827    89.627    54.672    32.696    33.956    68.447    36.0    56.851    27.295    24.021    999999999999.0    23.022    17.464    19.026    
28    68.768    26.401    49.244    36.497    35.693    39.812    24.187    115.382    105.759    110.0    96.607    100.21    101.607    104.317    107.713    96.566    100.722    112.645    77.078    53.6    53.339    89.045    52.555    79.209    18.788    13.0    23.022    999999999999.0    23.345    14.0    
29    60.166    44.045    62.129    43.463    49.204    56.569    38.21    97.652    92.455    95.525    82.134    85.633    87.046    87.459    94.81    80.66    83.869    97.581    66.648    47.854    50.16    82.861    53.151    68.884    37.443    32.249    17.464    23.345    999999999999.0    29.206    
30    58.898    14.866    35.735    22.804    22.136    27.803    10.44    109.786    97.35    102.215    89.067    92.661    94.021    98.234    99.045    89.961    94.705    105.19    67.801    43.186    41.869    77.621    39.825    69.814    8.544    5.385    19.026    14.0    29.206    999999999999.0    


Demandas:
1: 0.0
2: 300.0
3: 3100.0
4: 125.0
5: 100.0
6: 200.0
7: 150.0
8: 150.0
9: 450.0
10: 300.0
11: 100.0
12: 950.0
13: 125.0
14: 150.0
15: 150.0
16: 550.0
17: 150.0
18: 100.0
19: 150.0
20: 400.0
21: 300.0
22: 1500.0
23: 100.0
24: 300.0
25: 500.0
26: 800.0
27: 300.0
28: 100.0
29: 150.0
30: 1000.0
+-+-+-+-+-+-+-+-+-+-+-+-+-+-+-+ SOLUCION INICIAL +-+-+-+-+-+-+-+-+-+-+-+-+-+-+-+-

+-+-+-+-+-+-+-+-+-+-+-+-+-+-+-+-+-+-+-+-+-+-+-+-+- Iteracion 1  +-+-+-+-+-+-+-+-+-+-+-+-+-+-+-+-+-+-+-+-+-+-+-+-+-


La solución anterior duró 0min 0seg    -------> Nuevo optimo local. Costo: 1171.696       ==> Optimo: 534.0  Desvio: 119.39999999999999%
Lista tabu: []

+-+-+-+-+-+-+-+-+-+-+-+-+-+-+-+-+-+-+-+-+-+-+-+-+- Iteracion 2  +-+-+-+-+-+-+-+-+-+-+-+-+-+-+-+-+-+-+-+-+-+-+-+-+-


La solución anterior duró 0min 0seg    -------> Nuevo optimo local. Costo: 1121.626       ==> Optimo: 534.0  Desvio: 110.00000000000001%
Lista tabu: [((28,24,79.209),6), ((24,26,75.0),6), ((20,19,25.06),6), ((20,24,26.926),5)]

+-+-+-+-+-+-+-+-+-+-+-+-+-+-+-+-+-+-+-+-+-+-+-+-+- Iteracion 3  +-+-+-+-+-+-+-+-+-+-+-+-+-+-+-+-+-+-+-+-+-+-+-+-+-


La solución anterior duró 0min 0seg    -------> Nuevo optimo local. Costo: 1113.504       ==> Optimo: 534.0  Desvio: 108.5%
Lista tabu: [((28,24,79.209),5), ((24,26,75.0),5), ((20,19,25.06),5), ((20,24,26.926),4), ((20,24,26.926),6), ((26,11,94.414),6), ((24,11,23.0),5)]

+-+-+-+-+-+-+-+-+-+-+-+-+-+-+-+-+-+-+-+-+-+-+-+-+- Iteracion 4  +-+-+-+-+-+-+-+-+-+-+-+-+-+-+-+-+-+-+-+-+-+-+-+-+-


La solución anterior duró 0min 0seg    -------> Nuevo optimo local. Costo: 1084.803       ==> Optimo: 534.0  Desvio: 103.1%
Lista tabu: [((28,24,79.209),4), ((24,26,75.0),4), ((20,19,25.06),4), ((20,24,26.926),3), ((20,24,26.926),5), ((26,11,94.414),5), ((24,11,23.0),4), ((15,16,20.025),6), ((16,13,9.0),6), ((10,14,15.297),6), ((10,16,16.155),5)]

+-+-+-+-+-+-+-+-+-+-+-+-+-+-+-+-+-+-+-+-+-+-+-+-+- Iteracion 5  +-+-+-+-+-+-+-+-+-+-+-+-+-+-+-+-+-+-+-+-+-+-+-+-+-


La solución anterior duró 0min 0seg    -------> Nuevo optimo local. Costo: 1021.698       ==> Optimo: 534.0  Desvio: 91.3%
Lista tabu: [((28,24,79.209),3), ((24,26,75.0),3), ((20,19,25.06),3), ((20,24,26.926),2), ((20,24,26.926),4), ((26,11,94.414),4), ((24,11,23.0),3), ((15,16,20.025),5), ((16,13,9.0),5), ((10,14,15.297),5), ((10,16,16.155),4), ((4,23,18.385),6), ((23,3,30.017),6), ((7,5,11.705),6), ((5,1,54.708),6), ((3,5,13.601),5)]

+-+-+-+-+-+-+-+-+-+-+-+-+-+-+-+-+-+-+-+-+-+-+-+-+- Iteracion 8  +-+-+-+-+-+-+-+-+-+-+-+-+-+-+-+-+-+-+-+-+-+-+-+-+-


La solución anterior duró 0min 0seg    -------> Nuevo optimo local. Costo: 1017.696       ==> Optimo: 534.0  Desvio: 90.60000000000001%
Lista tabu: [((20,24,26.926),1), ((26,11,94.414),1), ((15,16,20.025),2), ((16,13,9.0),2), ((10,14,15.297),2), ((10,16,16.155),1), ((4,23,18.385),3), ((23,3,30.017),3), ((7,5,11.705),3), ((5,1,54.708),3), ((3,5,13.601),2), ((26,20,48.27),4), ((29,22,82.861),4), ((26,29,32.249),3), ((24,19,2.236),3), ((21,20,5.831),3), ((21,24,30.083),2), ((19,28,77.078),4), ((28,26,13.0),4), ((30,27,19.026),4), ((27,28,23.022),3)]

+-+-+-+-+-+-+-+-+-+-+-+-+-+-+-+-+-+-+-+-+-+-+-+-+- Iteracion 9  +-+-+-+-+-+-+-+-+-+-+-+-+-+-+-+-+-+-+-+-+-+-+-+-+-


La solución anterior duró 0min 0seg    -------> Nuevo optimo local. Costo: 1008.272       ==> Optimo: 534.0  Desvio: 88.8%
Lista tabu: [((15,16,20.025),1), ((16,13,9.0),1), ((10,14,15.297),1), ((4,23,18.385),2), ((23,3,30.017),2), ((7,5,11.705),2), ((5,1,54.708),2), ((3,5,13.601),1), ((26,20,48.27),3), ((29,22,82.861),3), ((26,29,32.249),2), ((24,19,2.236),2), ((21,20,5.831),2), ((21,24,30.083),1), ((19,28,77.078),3), ((28,26,13.0),3), ((30,27,19.026),3), ((27,28,23.022),2), ((24,19,2.236),6), ((2,15,103.31),6), ((24,15,29.53),5)]

+-+-+-+-+-+-+-+-+-+-+-+-+-+-+-+-+-+-+-+-+-+-+-+-+- Iteracion 11  +-+-+-+-+-+-+-+-+-+-+-+-+-+-+-+-+-+-+-+-+-+-+-+-+-


La solución anterior duró 0min 0seg    -------> Nuevo optimo local. Costo: 965.627       ==> Optimo: 534.0  Desvio: 80.80000000000001%
Lista tabu: [((26,20,48.27),1), ((29,22,82.861),1), ((19,28,77.078),1), ((28,26,13.0),1), ((30,27,19.026),1), ((24,19,2.236),4), ((2,15,103.31),4), ((24,15,29.53),3), ((24,15,29.53),5), ((10,16,16.155),5), ((24,16,27.659),4), ((18,10,4.123),4), ((24,16,27.659),4), ((16,18,17.205),3)]

+-+-+-+-+-+-+-+-+-+-+-+-+-+-+-+-+-+-+-+-+-+-+-+-+- Iteracion 13  +-+-+-+-+-+-+-+-+-+-+-+-+-+-+-+-+-+-+-+-+-+-+-+-+-


La solución anterior duró 0min 0seg    -------> Nuevo optimo local. Costo: 944.36       ==> Optimo: 534.0  Desvio: 76.8%
Lista tabu: [((24,19,2.236),2), ((2,15,103.31),2), ((24,15,29.53),1), ((24,15,29.53),3), ((10,16,16.155),3), ((24,16,27.659),2), ((18,10,4.123),2), ((24,16,27.659),2), ((16,18,17.205),1), ((1,11,33.377),5), ((24,16,27.659),5), ((16,11,7.211),4), ((1,8,58.0),4), ((18,10,4.123),4), ((8,10,20.518),3)]

+-+-+-+-+-+-+-+-+-+-+-+-+-+-+-+-+-+-+-+-+-+-+-+-+- Iteracion 14  +-+-+-+-+-+-+-+-+-+-+-+-+-+-+-+-+-+-+-+-+-+-+-+-+-


La solución anterior duró 0min 0seg    -------> Nuevo optimo local. Costo: 838.699       ==> Optimo: 534.0  Desvio: 57.099999999999994%
Lista tabu: [((24,19,2.236),1), ((2,15,103.31),1), ((24,15,29.53),2), ((10,16,16.155),2), ((24,16,27.659),1), ((18,10,4.123),1), ((24,16,27.659),1), ((1,11,33.377),4), ((24,16,27.659),4), ((16,11,7.211),3), ((1,8,58.0),3), ((18,10,4.123),3), ((8,10,20.518),2), ((28,26,13.0),6), ((29,25,37.443),6), ((28,29,23.345),5)]

+-+-+-+-+-+-+-+-+-+-+-+-+-+-+-+-+-+-+-+-+-+-+-+-+- Iteracion 15  +-+-+-+-+-+-+-+-+-+-+-+-+-+-+-+-+-+-+-+-+-+-+-+-+-


La solución anterior duró 0min 0seg    -------> Nuevo optimo local. Costo: 833.376       ==> Optimo: 534.0  Desvio: 56.10000000000001%
Lista tabu: [((24,15,29.53),1), ((10,16,16.155),1), ((1,11,33.377),3), ((24,16,27.659),3), ((16,11,7.211),2), ((1,8,58.0),2), ((18,10,4.123),2), ((8,10,20.518),1), ((28,26,13.0),5), ((29,25,37.443),5), ((28,29,23.345),4), ((1,2,62.61),6), ((2,19,72.014),6), ((4,5,13.038),6), ((4,2,20.809),5)]

+-+-+-+-+-+-+-+-+-+-+-+-+-+-+-+-+-+-+-+-+-+-+-+-+- Iteracion 16  +-+-+-+-+-+-+-+-+-+-+-+-+-+-+-+-+-+-+-+-+-+-+-+-+-


La solución anterior duró 0min 0seg    -------> Nuevo optimo local. Costo: 813.908       ==> Optimo: 534.0  Desvio: 52.400000000000006%
Lista tabu: [((1,11,33.377),2), ((24,16,27.659),2), ((16,11,7.211),1), ((1,8,58.0),1), ((18,10,4.123),1), ((28,26,13.0),4), ((29,25,37.443),4), ((28,29,23.345),3), ((1,2,62.61),5), ((2,19,72.014),5), ((4,5,13.038),5), ((4,2,20.809),4), ((10,15,8.602),6), ((15,13,11.045),6), ((9,17,20.248),6), ((9,15,3.0),5)]

+-+-+-+-+-+-+-+-+-+-+-+-+-+-+-+-+-+-+-+-+-+-+-+-+- Iteracion 18  +-+-+-+-+-+-+-+-+-+-+-+-+-+-+-+-+-+-+-+-+-+-+-+-+-


La solución anterior duró 0min 0seg    -------> Nuevo optimo local. Costo: 813.516       ==> Optimo: 534.0  Desvio: 52.300000000000004%
Lista tabu: [((28,26,13.0),2), ((29,25,37.443),2), ((28,29,23.345),1), ((1,2,62.61),3), ((2,19,72.014),3), ((4,5,13.038),3), ((4,2,20.809),2), ((10,15,8.602),4), ((15,13,11.045),4), ((9,17,20.248),4), ((9,15,3.0),3), ((4,2,20.809),5), ((2,5,11.705),5), ((25,6,21.024),5), ((2,6,13.416),4), ((8,18,17.029),4), ((18,10,4.123),4), ((14,16,9.0),4), ((16,18,17.205),3)]

+-+-+-+-+-+-+-+-+-+-+-+-+-+-+-+-+-+-+-+-+-+-+-+-+- Iteracion 19  +-+-+-+-+-+-+-+-+-+-+-+-+-+-+-+-+-+-+-+-+-+-+-+-+-


La solución anterior duró 0min 0seg    -------> Nuevo optimo local. Costo: 809.586       ==> Optimo: 534.0  Desvio: 51.6%
Lista tabu: [((28,26,13.0),1), ((29,25,37.443),1), ((1,2,62.61),2), ((2,19,72.014),2), ((4,5,13.038),2), ((4,2,20.809),1), ((10,15,8.602),3), ((15,13,11.045),3), ((9,17,20.248),3), ((9,15,3.0),2), ((4,2,20.809),4), ((2,5,11.705),4), ((25,6,21.024),4), ((2,6,13.416),3), ((8,18,17.029),3), ((18,10,4.123),3), ((14,16,9.0),3), ((16,18,17.205),2), ((10,13,8.485),6), ((13,4,79.699),6), ((12,9,9.0),6), ((12,13,1.414),5)]

+-+-+-+-+-+-+-+-+-+-+-+-+-+-+-+-+-+-+-+-+-+-+-+-+- Iteracion 20  +-+-+-+-+-+-+-+-+-+-+-+-+-+-+-+-+-+-+-+-+-+-+-+-+-


La solución anterior duró 0min 0seg    -------> Nuevo optimo local. Costo: 807.999       ==> Optimo: 534.0  Desvio: 51.300000000000004%
Lista tabu: [((1,2,62.61),1), ((2,19,72.014),1), ((4,5,13.038),1), ((10,15,8.602),2), ((15,13,11.045),2), ((9,17,20.248),2), ((9,15,3.0),1), ((4,2,20.809),3), ((2,5,11.705),3), ((25,6,21.024),3), ((2,6,13.416),2), ((8,18,17.029),2), ((18,10,4.123),2), ((14,16,9.0),2), ((16,18,17.205),1), ((10,13,8.485),5), ((13,4,79.699),5), ((12,9,9.0),5), ((12,13,1.414),4), ((15,17,23.087),6), ((17,14,3.606),6), ((1,8,58.0),6), ((17,8,15.297),5)]

+-+-+-+-+-+-+-+-+-+-+-+-+-+-+-+-+-+-+-+-+-+-+-+-+- Iteracion 21  +-+-+-+-+-+-+-+-+-+-+-+-+-+-+-+-+-+-+-+-+-+-+-+-+-


La solución anterior duró 0min 0seg    -------> Nuevo optimo local. Costo: 806.678       ==> Optimo: 534.0  Desvio: 51.1%
Lista tabu: [((10,15,8.602),1), ((15,13,11.045),1), ((9,17,20.248),1), ((4,2,20.809),2), ((2,5,11.705),2), ((25,6,21.024),2), ((2,6,13.416),1), ((8,18,17.029),1), ((18,10,4.123),1), ((14,16,9.0),1), ((10,13,8.485),4), ((13,4,79.699),4), ((12,9,9.0),4), ((12,13,1.414),3), ((15,17,23.087),5), ((17,14,3.606),5), ((1,8,58.0),5), ((17,8,15.297),4), ((9,15,3.0),6), ((15,14,22.361),6), ((10,4,87.316),6), ((10,15,8.602),5)]

+-+-+-+-+-+-+-+-+-+-+-+-+-+-+-+-+-+-+-+-+-+-+-+-+- Iteracion 22  +-+-+-+-+-+-+-+-+-+-+-+-+-+-+-+-+-+-+-+-+-+-+-+-+-


La solución anterior duró 0min 0seg    -------> Nuevo optimo local. Costo: 795.335       ==> Optimo: 534.0  Desvio: 48.9%
Lista tabu: [((4,2,20.809),1), ((2,5,11.705),1), ((25,6,21.024),1), ((10,13,8.485),3), ((13,4,79.699),3), ((12,9,9.0),3), ((12,13,1.414),2), ((15,17,23.087),4), ((17,14,3.606),4), ((1,8,58.0),4), ((17,8,15.297),3), ((9,15,3.0),5), ((15,14,22.361),5), ((10,4,87.316),5), ((10,15,8.602),4), ((2,6,13.416),6), ((6,21,45.122),6), ((4,5,13.038),6), ((5,3,13.601),6), ((2,5,11.705),5)]

+-+-+-+-+-+-+-+-+-+-+-+-+-+-+-+-+-+-+-+-+-+-+-+-+- Iteracion 23  +-+-+-+-+-+-+-+-+-+-+-+-+-+-+-+-+-+-+-+-+-+-+-+-+-


La solución anterior duró 0min 0seg    -------> Nuevo optimo local. Costo: 794.892       ==> Optimo: 534.0  Desvio: 48.9%
Lista tabu: [((10,13,8.485),2), ((13,4,79.699),2), ((12,9,9.0),2), ((12,13,1.414),1), ((15,17,23.087),3), ((17,14,3.606),3), ((1,8,58.0),3), ((17,8,15.297),2), ((9,15,3.0),4), ((15,14,22.361),4), ((10,4,87.316),4), ((10,15,8.602),3), ((2,6,13.416),5), ((6,21,45.122),5), ((4,5,13.038),5), ((5,3,13.601),5), ((2,5,11.705),4), ((9,14,19.723),6), ((14,16,9.0),6), ((17,8,15.297),6), ((14,8,12.042),5)]

+-+-+-+-+-+-+-+-+-+-+-+-+-+-+-+-+-+-+-+-+-+-+-+-+- Iteracion 24  +-+-+-+-+-+-+-+-+-+-+-+-+-+-+-+-+-+-+-+-+-+-+-+-+-


La solución anterior duró 0min 0seg    -------> Nuevo optimo local. Costo: 780.993       ==> Optimo: 534.0  Desvio: 46.300000000000004%
Lista tabu: [((10,13,8.485),1), ((13,4,79.699),1), ((12,9,9.0),1), ((15,17,23.087),2), ((17,14,3.606),2), ((1,8,58.0),2), ((17,8,15.297),1), ((9,15,3.0),3), ((15,14,22.361),3), ((10,4,87.316),3), ((10,15,8.602),2), ((2,6,13.416),4), ((6,21,45.122),4), ((4,5,13.038),4), ((5,3,13.601),4), ((2,5,11.705),3), ((9,14,19.723),5), ((14,16,9.0),5), ((17,8,15.297),5), ((14,8,12.042),4), ((12,13,1.414),6), ((9,16,17.029),6), ((16,13,9.0),5)]

+-+-+-+-+-+-+-+-+-+-+-+-+-+-+-+-+-+-+-+-+-+-+-+-+- Iteracion 25  +-+-+-+-+-+-+-+-+-+-+-+-+-+-+-+-+-+-+-+-+-+-+-+-+-


La solución anterior duró 0min 0seg    -------> Nuevo optimo local. Costo: 766.515       ==> Optimo: 534.0  Desvio: 43.5%
Lista tabu: [((15,17,23.087),1), ((17,14,3.606),1), ((1,8,58.0),1), ((9,15,3.0),2), ((15,14,22.361),2), ((10,4,87.316),2), ((10,15,8.602),1), ((2,6,13.416),3), ((6,21,45.122),3), ((4,5,13.038),3), ((5,3,13.601),3), ((2,5,11.705),2), ((9,14,19.723),4), ((14,16,9.0),4), ((17,8,15.297),4), ((14,8,12.042),3), ((12,13,1.414),5), ((9,16,17.029),5), ((16,13,9.0),4), ((27,7,24.597),6), ((7,23,33.302),6), ((2,5,11.705),6), ((7,5,11.705),5)]

+-+-+-+-+-+-+-+-+-+-+-+-+-+-+-+-+-+-+-+-+-+-+-+-+- Iteracion 29  +-+-+-+-+-+-+-+-+-+-+-+-+-+-+-+-+-+-+-+-+-+-+-+-+-


La solución anterior duró 0min 0seg    -------> Nuevo optimo local. Costo: 752.564       ==> Optimo: 534.0  Desvio: 40.9%
Lista tabu: [((12,13,1.414),1), ((9,16,17.029),1), ((27,7,24.597),2), ((7,23,33.302),2), ((2,5,11.705),2), ((7,5,11.705),1), ((1,19,9.487),3), ((19,28,77.078),3), ((24,11,23.0),3), ((19,11,24.083),2), ((18,10,4.123),2), ((19,11,24.083),2), ((11,18,16.125),1), ((24,19,2.236),3), ((19,11,24.083),3), ((10,15,8.602),3), ((15,4,82.765),3), ((11,15,14.318),2), ((4,6,23.0),4), ((26,25,5.831),4), ((4,25,23.601),3)]

+-+-+-+-+-+-+-+-+-+-+-+-+-+-+-+-+-+-+-+-+-+-+-+-+- Iteracion 32  +-+-+-+-+-+-+-+-+-+-+-+-+-+-+-+-+-+-+-+-+-+-+-+-+-


La solución anterior duró 0min 0seg    -------> Nuevo optimo local. Costo: 742.747       ==> Optimo: 534.0  Desvio: 39.1%
Lista tabu: [((4,6,23.0),1), ((26,25,5.831),1), ((1,28,68.768),4), ((28,29,23.345),4), ((30,27,19.026),4), ((28,27,23.022),3), ((1,17,43.105),3), ((17,14,3.606),3), ((9,12,9.0),3), ((9,17,20.248),2), ((30,28,14.0),4), ((28,27,23.022),4), ((26,25,5.831),4), ((25,28,18.788),3)]

+-+-+-+-+-+-+-+-+-+-+-+-+-+-+-+-+-+-+-+-+-+-+-+-+- Iteracion 35  +-+-+-+-+-+-+-+-+-+-+-+-+-+-+-+-+-+-+-+-+-+-+-+-+-


La solución anterior duró 0min 0seg    -------> Nuevo optimo local. Costo: 736.442       ==> Optimo: 534.0  Desvio: 37.9%
Lista tabu: [((1,28,68.768),1), ((28,29,23.345),1), ((30,27,19.026),1), ((30,28,14.0),1), ((28,27,23.022),1), ((26,25,5.831),1), ((15,4,82.765),4), ((4,6,23.0),4), ((7,5,11.705),4), ((5,21,35.735),4), ((4,7,15.0),3), ((1,17,43.105),3), ((14,8,12.042),3), ((17,8,15.297),2), ((17,14,3.606),4), ((14,8,12.042),4), ((11,16,7.211),4), ((11,14,14.318),3)]

+-+-+-+-+-+-+-+-+-+-+-+-+-+-+-+-+-+-+-+-+-+-+-+-+- Iteracion 40  +-+-+-+-+-+-+-+-+-+-+-+-+-+-+-+-+-+-+-+-+-+-+-+-+-


La solución anterior duró 0min 0seg    -------> Nuevo optimo local. Costo: 724.811       ==> Optimo: 534.0  Desvio: 35.699999999999996%
Lista tabu: [((11,16,7.211),2), ((12,30,92.661),2), ((11,12,3.606),1), ((24,19,2.236),1), ((19,11,24.083),1), ((22,1,23.195),1), ((18,10,4.123),2), ((10,15,8.602),2), ((14,8,12.042),2), ((10,14,15.297),1), ((19,11,24.083),3), ((11,12,3.606),3), ((15,5,95.079),3), ((11,15,14.318),2), ((15,5,95.079),4), ((5,6,10.05),4), ((2,7,8.0),4), ((7,4,15.0),4), ((6,7,18.439),3)]

+-+-+-+-+-+-+-+-+-+-+-+-+-+-+-+-+-+-+-+-+-+-+-+-+- Iteracion 77  +-+-+-+-+-+-+-+-+-+-+-+-+-+-+-+-+-+-+-+-+-+-+-+-+-


La solución anterior duró 0min 0seg    -------> Nuevo optimo local. Costo: 710.911       ==> Optimo: 534.0  Desvio: 33.1%
Lista tabu: [((24,19,2.236),1), ((19,11,24.083),1), ((22,1,23.195),1), ((1,17,43.105),2), ((17,14,3.606),2), ((11,12,3.606),2), ((12,17,12.207),1), ((19,11,24.083),3), ((11,12,3.606),3), ((1,17,43.105),3), ((11,17,12.806),2), ((1,17,43.105),4), ((18,10,4.123),4), ((10,17,17.0),3)]

+-+-+-+-+-+-+-+-+-+-+-+-+-+-+-+-+-+-+-+-+-+-+-+-+- Iteracion 82  +-+-+-+-+-+-+-+-+-+-+-+-+-+-+-+-+-+-+-+-+-+-+-+-+-


La solución anterior duró 0min 0seg    -------> Nuevo optimo local. Costo: 710.183       ==> Optimo: 534.0  Desvio: 33.0%
Lista tabu: [((30,28,14.0),2), ((28,27,23.022),2), ((29,26,32.249),2), ((28,26,13.0),1), ((10,15,8.602),1), ((15,5,95.079),1), ((9,13,8.062),1), ((13,16,9.0),1), ((1,17,43.105),2), ((17,14,3.606),2), ((11,12,3.606),2), ((12,17,12.207),1), ((15,5,95.079),3), ((5,6,10.05),3), ((2,7,8.0),3), ((7,4,15.0),3), ((6,7,18.439),2), ((10,15,8.602),4), ((15,5,95.079),4), ((9,13,8.062),4), ((13,16,9.0),4), ((15,16,20.025),3)]

+-+-+-+-+-+-+-+-+-+-+-+-+-+-+-+-+-+-+-+-+-+-+-+-+- Iteracion 99  +-+-+-+-+-+-+-+-+-+-+-+-+-+-+-+-+-+-+-+-+-+-+-+-+-


La solución anterior duró 0min 0seg    -------> Nuevo optimo local. Costo: 707.42       ==> Optimo: 534.0  Desvio: 32.5%
Lista tabu: [((5,6,10.05),1), ((6,3,13.416),1), ((7,4,15.0),1), ((4,23,18.385),1), ((18,10,4.123),2), ((10,15,8.602),2), ((13,12,1.414),2), ((10,12,9.899),1), ((14,8,12.042),3), ((8,18,17.029),3), ((12,16,8.062),3), ((8,16,21.024),2), ((28,26,13.0),4), ((25,2,7.616),4), ((25,28,18.788),3)]

+-+-+-+-+-+-+-+-+-+-+-+-+-+-+-+-+-+-+-+-+-+-+-+-+- Iteracion 112  +-+-+-+-+-+-+-+-+-+-+-+-+-+-+-+-+-+-+-+-+-+-+-+-+-


La solución anterior duró 0min 0seg    -------> Nuevo optimo local. Costo: 703.991       ==> Optimo: 534.0  Desvio: 31.8%
Lista tabu: [((9,13,8.062),1), ((12,11,3.606),1), ((8,18,17.029),2), ((10,15,8.602),2), ((8,10,20.518),1), ((10,15,8.602),3), ((15,5,95.079),3), ((12,11,3.606),3), ((11,16,7.211),3), ((15,16,20.025),2), ((17,14,3.606),4), ((14,8,12.042),4), ((11,16,7.211),4), ((14,16,9.0),3)]

+-+-+-+-+-+-+-+-+-+-+-+-+-+-+-+-+-+-+-+-+-+-+-+-+- Iteracion 114  +-+-+-+-+-+-+-+-+-+-+-+-+-+-+-+-+-+-+-+-+-+-+-+-+-


La solución anterior duró 0min 0seg    -------> Nuevo optimo local. Costo: 703.968       ==> Optimo: 534.0  Desvio: 31.8%
Lista tabu: [((10,15,8.602),1), ((15,5,95.079),1), ((12,11,3.606),1), ((11,16,7.211),1), ((17,14,3.606),2), ((14,8,12.042),2), ((11,16,7.211),2), ((14,16,9.0),1), ((1,24,11.18),5), ((19,9,29.967),5), ((1,19,9.487),4), ((2,7,8.0),4), ((7,4,15.0),4), ((15,5,95.079),4), ((5,6,10.05),4), ((4,5,13.038),3)]

+-+-+-+-+-+-+-+-+-+-+-+-+-+-+-+-+-+-+-+-+-+-+-+-+- Iteracion 118  +-+-+-+-+-+-+-+-+-+-+-+-+-+-+-+-+-+-+-+-+-+-+-+-+-


La solución anterior duró 0min 0seg    -------> Nuevo optimo local. Costo: 662.156       ==> Optimo: 534.0  Desvio: 24.0%
Lista tabu: [((1,24,11.18),1), ((19,9,29.967),1), ((10,15,8.602),3), ((24,9,28.231),3), ((10,9,7.28),2), ((12,11,3.606),2), ((11,16,7.211),2), ((1,17,43.105),2), ((11,17,12.806),1), ((10,9,7.28),3), ((12,11,3.606),3), ((10,12,9.899),2), ((10,9,7.28),4), ((16,30,89.961),4), ((10,16,16.155),3)]

+-+-+-+-+-+-+-+-+-+-+-+-+-+-+-+-+-+-+-+-+-+-+-+-+- Iteracion 119  +-+-+-+-+-+-+-+-+-+-+-+-+-+-+-+-+-+-+-+-+-+-+-+-+-


La solución anterior duró 0min 0seg    -------> Nuevo optimo local. Costo: 651.542       ==> Optimo: 534.0  Desvio: 22.0%
Lista tabu: [((10,15,8.602),2), ((24,9,28.231),2), ((10,9,7.28),1), ((12,11,3.606),1), ((11,16,7.211),1), ((1,17,43.105),1), ((10,9,7.28),2), ((12,11,3.606),2), ((10,12,9.899),1), ((10,9,7.28),3), ((16,30,89.961),3), ((10,16,16.155),2), ((24,15,29.53),6), ((15,5,95.079),6), ((18,10,4.123),6), ((18,15,12.53),5)]

+-+-+-+-+-+-+-+-+-+-+-+-+-+-+-+-+-+-+-+-+-+-+-+-+- Iteracion 122  +-+-+-+-+-+-+-+-+-+-+-+-+-+-+-+-+-+-+-+-+-+-+-+-+-


La solución anterior duró 0min 0seg    -------> Nuevo optimo local. Costo: 649.238       ==> Optimo: 534.0  Desvio: 21.6%
Lista tabu: [((24,15,29.53),3), ((15,5,95.079),3), ((18,10,4.123),3), ((18,15,12.53),2), ((1,17,43.105),4), ((11,16,7.211),4), ((17,16,6.325),3), ((16,17,6.325),3), ((14,8,12.042),3), ((14,16,9.0),2), ((2,7,8.0),4), ((7,4,15.0),4), ((26,25,5.831),4), ((7,26,12.166),3)]

+-+-+-+-+-+-+-+-+-+-+-+-+-+-+-+-+-+-+-+-+-+-+-+-+- Iteracion 125  +-+-+-+-+-+-+-+-+-+-+-+-+-+-+-+-+-+-+-+-+-+-+-+-+-


La solución anterior duró 0min 0seg    -------> Nuevo optimo local. Costo: 638.212       ==> Optimo: 534.0  Desvio: 19.5%
Lista tabu: [((1,17,43.105),1), ((11,16,7.211),1), ((2,7,8.0),1), ((7,4,15.0),1), ((26,25,5.831),1), ((21,20,5.831),4), ((20,22,35.777),4), ((1,29,60.166),4), ((1,20,15.811),3), ((15,10,8.602),3), ((10,9,7.28),3), ((16,17,6.325),3), ((10,17,17.0),2), ((15,10,8.602),4), ((10,9,7.28),4), ((14,8,12.042),4), ((10,14,15.297),3)]

+-+-+-+-+-+-+-+-+-+-+-+-+-+-+-+-+-+-+-+-+-+-+-+-+- Iteracion 132  +-+-+-+-+-+-+-+-+-+-+-+-+-+-+-+-+-+-+-+-+-+-+-+-+-


La solución anterior duró 0min 0seg    -------> Nuevo optimo local. Costo: 636.551       ==> Optimo: 534.0  Desvio: 19.2%
Lista tabu: [((10,9,7.28),1), ((12,11,3.606),1), ((2,7,8.0),2), ((7,4,15.0),2), ((26,25,5.831),2), ((7,26,12.166),1), ((12,11,3.606),3), ((11,1,33.377),3), ((30,16,89.961),3), ((16,11,7.211),2), ((8,18,17.029),4), ((12,11,3.606),4), ((11,18,16.125),3)]

+-+-+-+-+-+-+-+-+-+-+-+-+-+-+-+-+-+-+-+-+-+-+-+-+- Iteracion 435  +-+-+-+-+-+-+-+-+-+-+-+-+-+-+-+-+-+-+-+-+-+-+-+-+-


La solución anterior duró 0min 0seg    -------> Nuevo optimo local. Costo: 634.002       ==> Optimo: 534.0  Desvio: 18.7%
Lista tabu: [((16,17,6.325),1), ((18,10,4.123),1), ((16,17,6.325),2), ((9,13,8.062),2), ((9,16,17.029),1), ((2,7,8.0),3), ((7,4,15.0),3), ((3,1,56.143),3), ((3,7,25.298),2), ((9,13,8.062),4), ((13,12,1.414),4), ((19,24,2.236),4), ((13,19,28.443),3)]

+-+-+-+-+-+-+-+-+-+-+-+-+-+-+-+-+-+-+-+-+-+-+-+-+- Iteracion 441  +-+-+-+-+-+-+-+-+-+-+-+-+-+-+-+-+-+-+-+-+-+-+-+-+-


La solución anterior duró 0min 0seg    -------> Nuevo optimo local. Costo: 631.172       ==> Optimo: 534.0  Desvio: 18.2%
Lista tabu: [((1,20,15.811),1), ((20,29,47.854),1), ((24,5,65.788),1), ((17,14,3.606),1), ((13,12,1.414),1), ((30,16,89.961),2), ((9,13,8.062),2), ((16,13,9.0),1), ((20,5,39.812),3), ((6,3,13.416),3), ((3,5,13.601),2), ((30,16,89.961),4), ((9,13,8.062),4), ((16,13,9.0),3)]

+-+-+-+-+-+-+-+-+-+-+-+-+-+-+-+-+-+-+-+-+-+-+-+-+- Iteracion 512  +-+-+-+-+-+-+-+-+-+-+-+-+-+-+-+-+-+-+-+-+-+-+-+-+-


La solución anterior duró 0min 0seg    -------> Nuevo optimo local. Costo: 630.999       ==> Optimo: 534.0  Desvio: 18.2%
Lista tabu: [((17,14,3.606),1), ((8,18,17.029),1), ((8,18,17.029),2), ((9,13,8.062),2), ((13,18,11.18),1), ((30,16,89.961),3), ((16,17,6.325),3), ((8,18,17.029),3), ((16,18,17.205),2), ((16,17,6.325),4), ((17,14,3.606),4), ((8,18,17.029),4), ((17,18,16.492),3)]

+-+-+-+-+-+-+-+-+-+-+-+-+-+-+-+-+-+-+-+-+-+-+-+-+- Iteracion 834  +-+-+-+-+-+-+-+-+-+-+-+-+-+-+-+-+-+-+-+-+-+-+-+-+-


La solución anterior duró 0min 0seg    -------> Nuevo optimo local. Costo: 627.873       ==> Optimo: 534.0  Desvio: 17.599999999999998%
Lista tabu: [((1,24,11.18),1), ((24,19,2.236),1), ((16,17,6.325),1), ((14,8,12.042),2), ((12,11,3.606),2), ((8,11,25.495),1), ((24,19,2.236),3), ((19,20,25.06),3), ((30,16,89.961),3), ((16,19,28.284),2), ((24,19,2.236),4), ((19,20,25.06),4), ((30,16,89.961),4), ((16,19,28.284),3)]

+-+-+-+-+-+-+-+-+-+-+-+-+-+-+-+-+-+-+-+-+-+-+-+-+- Iteracion 846  +-+-+-+-+-+-+-+-+-+-+-+-+-+-+-+-+-+-+-+-+-+-+-+-+-


La solución anterior duró 0min 0seg    -------> Nuevo optimo local. Costo: 624.227       ==> Optimo: 534.0  Desvio: 16.900000000000002%
Lista tabu: [((8,18,17.029),1), ((12,11,3.606),1), ((18,10,4.123),2), ((10,15,8.602),2), ((14,8,12.042),2), ((10,14,15.297),1), ((10,15,8.602),3), ((12,11,3.606),3), ((11,15,14.318),2), ((10,15,8.602),4), ((9,13,8.062),4), ((10,9,7.28),3)]

+-+-+-+-+-+-+-+-+-+-+-+-+-+-+-+-+-+-+-+-+-+-+-+-+- Iteracion 1163  +-+-+-+-+-+-+-+-+-+-+-+-+-+-+-+-+-+-+-+-+-+-+-+-+-


La solución anterior duró 0min 0seg    -------> Nuevo optimo local. Costo: 623.357       ==> Optimo: 534.0  Desvio: 16.7%
Lista tabu: [((20,21,5.831),1), ((21,5,35.735),1), ((23,22,38.949),1), ((1,30,58.898),2), ((12,11,3.606),2), ((1,12,36.674),1), ((21,5,35.735),3), ((5,6,10.05),3), ((1,27,46.872),3), ((5,27,34.059),2), ((1,27,46.872),4), ((7,4,15.0),4), ((4,27,26.42),3)]

+-+-+-+-+-+-+-+-+-+-+-+-+-+-+-+-+-+-+-+-+-+-+-+-+- Iteracion 1517  +-+-+-+-+-+-+-+-+-+-+-+-+-+-+-+-+-+-+-+-+-+-+-+-+-


La solución anterior duró 0min 0seg    -------> Nuevo optimo local. Costo: 611.794       ==> Optimo: 534.0  Desvio: 14.6%
Lista tabu: [((1,27,46.872),1), ((26,25,5.831),1), ((11,24,23.0),2), ((24,1,11.18),2), ((4,23,18.385),2), ((23,24,36.878),1), ((10,15,8.602),3), ((15,9,3.0),3), ((8,18,17.029),3), ((8,15,29.069),2), ((26,25,5.831),4), ((7,4,15.0),4), ((4,25,23.601),3)]

+-+-+-+-+-+-+-+-+-+-+-+-+-+-+-+-+-+-+-+-+-+-+-+-+- Iteracion 1626  +-+-+-+-+-+-+-+-+-+-+-+-+-+-+-+-+-+-+-+-+-+-+-+-+-


La solución anterior duró 0min 0seg    -------> Nuevo optimo local. Costo: 611.659       ==> Optimo: 534.0  Desvio: 14.499999999999998%
Lista tabu: [((25,2,7.616),1), ((7,4,15.0),1), ((18,10,4.123),2), ((10,15,8.602),2), ((14,8,12.042),2), ((10,14,15.297),1), ((18,10,4.123),3), ((9,13,8.062),3), ((9,18,11.402),2), ((3,21,38.053),4), ((21,1,18.974),4), ((20,5,39.812),4), ((20,21,5.831),3)]

+-+-+-+-+-+-+-+-+-+-+-+-+-+-+-+-+-+-+-+-+-+-+-+-+- Iteracion 1931  +-+-+-+-+-+-+-+-+-+-+-+-+-+-+-+-+-+-+-+-+-+-+-+-+-


La solución anterior duró 0min 0seg    -------> Nuevo optimo local. Costo: 611.309       ==> Optimo: 534.0  Desvio: 14.499999999999998%
Lista tabu: [((16,17,6.325),1), ((10,15,8.602),1), ((7,4,15.0),2), ((4,23,18.385),2), ((20,5,39.812),2), ((4,20,26.926),1), ((22,24,19.313),3), ((24,19,2.236),3), ((10,15,8.602),3), ((10,24,34.205),2), ((15,9,3.0),4), ((23,22,38.949),4), ((15,22,33.242),3)]

+-+-+-+-+-+-+-+-+-+-+-+-+-+-+-+-+-+-+-+-+-+-+-+-+- Iteracion 3835  +-+-+-+-+-+-+-+-+-+-+-+-+-+-+-+-+-+-+-+-+-+-+-+-+-


+-+-+-+-+-+-+-+-+-+-+-+-+-+-+-+-+-+-+-+-+-+-+-+-+- Iteracion 3835  +-+-+-+-+-+-+-+-+-+-+-+-+-+-+-+-+-+-+-+-+-+-+-+-+-

Solucion peor. Costo: 692.606
Lista tabu: [((12,11,3.606),4), ((16,30,89.961),4), ((12,16,8.062),3)]

+-+-+-+-+-+-+-+-+-+-+-+-+-+-+-+-+-+-+-+-+-+-+-+-+- Iteracion 3848  +-+-+-+-+-+-+-+-+-+-+-+-+-+-+-+-+-+-+-+-+-+-+-+-+-


+-+-+-+-+-+-+-+-+-+-+-+-+-+-+-+-+-+-+-+-+-+-+-+-+- Iteracion 3848  +-+-+-+-+-+-+-+-+-+-+-+-+-+-+-+-+-+-+-+-+-+-+-+-+-

Solucion peor. Costo: 659.986
Lista tabu: [((29,25,37.443),1), ((26,28,13.0),1), ((1,19,9.487),2), ((16,30,89.961),2), ((1,16,37.014),1), ((3,21,38.053),3), ((21,1,18.974),3), ((20,5,39.812),3), ((5,21,35.735),2), ((8,18,17.029),4), ((12,16,8.062),4), ((16,18,17.205),3)]

+-+-+-+-+-+-+-+-+-+-+-+-+-+-+-+-+-+-+-+-+-+-+-+-+- Iteracion 3850  +-+-+-+-+-+-+-+-+-+-+-+-+-+-+-+-+-+-+-+-+-+-+-+-+-


+-+-+-+-+-+-+-+-+-+-+-+-+-+-+-+-+-+-+-+-+-+-+-+-+- Iteracion 3850  +-+-+-+-+-+-+-+-+-+-+-+-+-+-+-+-+-+-+-+-+-+-+-+-+-

Solucion peor. Costo: 630.303
Lista tabu: [((3,21,38.053),1), ((21,1,18.974),1), ((20,5,39.812),1), ((8,18,17.029),2), ((12,16,8.062),2), ((16,18,17.205),1), ((1,2,62.61),5), ((2,27,31.953),5), ((5,6,10.05),5), ((5,2,11.705),4), ((5,2,11.705),4), ((2,6,13.416),4), ((1,27,46.872),4), ((2,27,31.953),3)]

+-+-+-+-+-+-+-+-+-+-+-+-+-+-+-+-+-+-+-+-+-+-+-+-+- Iteracion 3897  +-+-+-+-+-+-+-+-+-+-+-+-+-+-+-+-+-+-+-+-+-+-+-+-+-


+-+-+-+-+-+-+-+-+-+-+-+-+-+-+-+-+-+-+-+-+-+-+-+-+- Iteracion 3897  +-+-+-+-+-+-+-+-+-+-+-+-+-+-+-+-+-+-+-+-+-+-+-+-+-

Solucion peor. Costo: 622.246
Lista tabu: [((1,27,46.872),1), ((27,29,17.464),1), ((28,26,13.0),1), ((9,13,8.062),2), ((12,16,8.062),2), ((16,13,9.0),1), ((17,14,3.606),3), ((8,18,17.029),3), ((14,18,14.036),2), ((11,17,12.806),4), ((14,8,12.042),4), ((17,8,15.297),3)]

+-+-+-+-+-+-+-+-+-+-+-+-+-+-+-+-+-+-+-+-+-+-+-+-+- Iteracion 3959  +-+-+-+-+-+-+-+-+-+-+-+-+-+-+-+-+-+-+-+-+-+-+-+-+-


+-+-+-+-+-+-+-+-+-+-+-+-+-+-+-+-+-+-+-+-+-+-+-+-+- Iteracion 3959  +-+-+-+-+-+-+-+-+-+-+-+-+-+-+-+-+-+-+-+-+-+-+-+-+-

Solucion peor. Costo: 617.614
Lista tabu: [((1,27,46.872),1), ((4,23,18.385),1), ((20,5,39.812),2), ((5,6,10.05),2), ((25,2,7.616),2), ((5,25,18.028),1), ((7,4,15.0),3), ((4,23,18.385),3), ((20,5,39.812),3), ((5,6,10.05),3), ((7,5,11.705),2), ((7,4,15.0),4), ((4,23,18.385),4), ((3,21,38.053),4), ((3,4,20.809),3)]

+-+-+-+-+-+-+-+-+-+-+-+-+-+-+-+-+-+-+-+-+-+-+-+-+- Iteracion 4099  +-+-+-+-+-+-+-+-+-+-+-+-+-+-+-+-+-+-+-+-+-+-+-+-+-


+-+-+-+-+-+-+-+-+-+-+-+-+-+-+-+-+-+-+-+-+-+-+-+-+- Iteracion 4099  +-+-+-+-+-+-+-+-+-+-+-+-+-+-+-+-+-+-+-+-+-+-+-+-+-

Solucion peor. Costo: 617.232
Lista tabu: [((19,11,24.083),1), ((13,12,1.414),1), ((7,4,15.0),2), ((4,23,18.385),2), ((20,5,39.812),2), ((5,6,10.05),2), ((4,6,23.0),1), ((25,2,7.616),3), ((2,7,8.0),3), ((5,6,10.05),3), ((5,2,11.705),2), ((1,19,9.487),4), ((13,12,1.414),4), ((1,13,37.855),3)]

+-+-+-+-+-+-+-+-+-+-+-+-+-+-+-+-+-+-+-+-+-+-+-+-+- Iteracion 4181  +-+-+-+-+-+-+-+-+-+-+-+-+-+-+-+-+-+-+-+-+-+-+-+-+-


+-+-+-+-+-+-+-+-+-+-+-+-+-+-+-+-+-+-+-+-+-+-+-+-+- Iteracion 4181  +-+-+-+-+-+-+-+-+-+-+-+-+-+-+-+-+-+-+-+-+-+-+-+-+-

Solucion peor. Costo: 611.309
Lista tabu: [((7,4,15.0),1), ((4,23,18.385),1), ((20,5,39.812),1), ((5,6,10.05),1), ((20,5,39.812),2), ((5,6,10.05),2), ((2,7,8.0),2), ((7,4,15.0),2), ((6,7,18.439),1), ((16,11,7.211),3), ((11,30,89.067),3), ((13,9,8.062),3), ((9,11,11.402),2), ((22,24,19.313),4), ((24,1,11.18),4), ((3,21,38.053),4), ((21,24,30.083),3)]

+-+-+-+-+-+-+-+-+-+-+-+-+-+-+-+-+-+-+-+-+-+-+-+-+- Iteracion 4485  +-+-+-+-+-+-+-+-+-+-+-+-+-+-+-+-+-+-+-+-+-+-+-+-+-


+-+-+-+-+-+-+-+-+-+-+-+-+-+-+-+-+-+-+-+-+-+-+-+-+- Iteracion 4485  +-+-+-+-+-+-+-+-+-+-+-+-+-+-+-+-+-+-+-+-+-+-+-+-+-

Solucion peor. Costo: 632.471
Lista tabu: [((2,7,8.0),1), ((7,4,15.0),1), ((3,21,38.053),1), ((13,9,8.062),2), ((18,8,17.029),2), ((13,18,11.18),1), ((12,13,1.414),3), ((15,10,8.602),3), ((12,15,12.0),2), ((1,20,15.811),4), ((20,5,39.812),4), ((22,24,19.313),4), ((24,1,11.18),4), ((20,22,35.777),3)]

+-+-+-+-+-+-+-+-+-+-+-+-+-+-+-+-+-+-+-+-+-+-+-+-+- Iteracion 4491  +-+-+-+-+-+-+-+-+-+-+-+-+-+-+-+-+-+-+-+-+-+-+-+-+-


+-+-+-+-+-+-+-+-+-+-+-+-+-+-+-+-+-+-+-+-+-+-+-+-+- Iteracion 4491  +-+-+-+-+-+-+-+-+-+-+-+-+-+-+-+-+-+-+-+-+-+-+-+-+-

Solucion peor. Costo: 624.0550000000001
Lista tabu: [((3,7,25.298),1), ((7,21,37.202),1), ((28,26,13.0),1), ((20,5,39.812),1), ((5,6,10.05),1), ((25,2,7.616),1), ((2,4,20.809),1), ((13,9,8.062),2), ((8,14,12.042),2), ((9,14,19.723),1), ((10,18,4.123),3), ((17,16,6.325),3), ((10,17,17.0),2), ((29,28,23.345),4), ((28,7,24.187),4), ((26,25,5.831),4), ((25,2,7.616),4), ((25,29,37.443),3)]

+-+-+-+-+-+-+-+-+-+-+-+-+-+-+-+-+-+-+-+-+-+-+-+-+- Iteracion 4501  +-+-+-+-+-+-+-+-+-+-+-+-+-+-+-+-+-+-+-+-+-+-+-+-+-


+-+-+-+-+-+-+-+-+-+-+-+-+-+-+-+-+-+-+-+-+-+-+-+-+- Iteracion 4501  +-+-+-+-+-+-+-+-+-+-+-+-+-+-+-+-+-+-+-+-+-+-+-+-+-

Solucion peor. Costo: 618.104
Lista tabu: [((18,8,17.029),1), ((17,16,6.325),1), ((9,15,3.0),2), ((15,10,8.602),2), ((24,22,19.313),2), ((15,22,33.242),1), ((25,7,8.602),3), ((7,26,12.166),3), ((28,29,23.345),3), ((7,29,38.21),2), ((19,11,24.083),4), ((13,9,8.062),4), ((9,11,11.402),3)]

+-+-+-+-+-+-+-+-+-+-+-+-+-+-+-+-+-+-+-+-+-+-+-+-+- Iteracion 4555  +-+-+-+-+-+-+-+-+-+-+-+-+-+-+-+-+-+-+-+-+-+-+-+-+-


+-+-+-+-+-+-+-+-+-+-+-+-+-+-+-+-+-+-+-+-+-+-+-+-+- Iteracion 4555  +-+-+-+-+-+-+-+-+-+-+-+-+-+-+-+-+-+-+-+-+-+-+-+-+-

Solucion peor. Costo: 611.309
Lista tabu: [((20,5,39.812),1), ((5,6,10.05),1), ((7,25,8.602),1), ((9,15,3.0),2), ((15,10,8.602),2), ((1,19,9.487),2), ((1,15,40.706),1), ((10,18,4.123),3), ((17,16,6.325),3), ((10,17,17.0),2), ((12,13,1.414),4), ((13,9,8.062),4), ((24,22,19.313),4), ((13,24,27.166),3)]

+-+-+-+-+-+-+-+-+-+-+-+-+-+-+-+-+-+-+-+-+-+-+-+-+- Iteracion 4887  +-+-+-+-+-+-+-+-+-+-+-+-+-+-+-+-+-+-+-+-+-+-+-+-+-


+-+-+-+-+-+-+-+-+-+-+-+-+-+-+-+-+-+-+-+-+-+-+-+-+- Iteracion 4887  +-+-+-+-+-+-+-+-+-+-+-+-+-+-+-+-+-+-+-+-+-+-+-+-+-

Solucion peor. Costo: 611.309
