+-+-+-+-+-+-+-+-+-+-+-+-+-+-+ GRAFO CARGADO +-+-+-+-+-+-+-+-+-+-+-+-+-+-+-
        1         2         3         4         5         6         7         8         9         10        11        12        13        14        15        16        17        18        19        20        21        22        23        24        25        26        27        28        29        30        31        32        33        34        35        36        37        38        39        40        41        42        43        44        45        46        47        48        49        50        51        52        53        54        55        56        57        58        59        60        61
1     0         37.736    54.918    38.471    32.985    61.221    48.166    14.0    50.99    10.0    41.761    32.558    24.739    14.422    8.246    36.056    40.0    22.361    44.944    17.088    48.415    63.151    28.071    14.0    29.732    38.833    36.056    51.42    26.077    59.093    42.19    36.056    43.863    28.636    30.0    37.947    63.561    56.321    42.755    10.198    36.77    49.518    34.0    31.305    27.203    61.188    72.111    36.056    38.471    43.863    14.56    10.77    38.626    50.99    71.218    12.806    48.166    31.305    29.732    49.477    30.265    
2     37.736    0         78.638    71.386    65.605    82.0    65.97    50.16    71.386    28.636    72.443    14.0    51.108    40.0    45.651    70.342    14.422    32.311    27.203    50.0    64.56    60.828    56.604    50.16    60.828    55.317    69.656    53.254    18.974    65.513    77.795    22.361    80.92    66.242    14.56    25.612    69.34    89.107    74.967    28.425    58.31    67.912    71.694    66.483    13.416    92.347    94.149    34.0    19.799    72.028    44.045    29.732    34.234    71.386    91.214    50.0    45.607    34.234    42.755    80.399    16.125    
3     54.918    78.638    0         25.298    72.719    8.246    15.232    43.863    8.944    56.462    18.974    81.609    74.967    68.411    49.679    29.732    70.029    77.175    63.151    38.419    17.889    46.69    75.286    43.863    26.907    24.083    72.471    39.446    77.253    32.558    34.234    88.023    64.031    46.519    64.281    58.31    34.409    26.0    22.361    62.61    20.396    13.416    48.703    66.242    75.286    22.804    17.205    48.374    64.125    13.416    66.603    53.852    93.059    8.944    17.205    55.172    45.695    86.093    36.056    18.111    80.324    
4     38.471    71.386    25.298    0         48.415    33.526    30.594    24.739    28.0    44.045    6.325    70.0    53.254    49.396    31.048    4.472    67.231    60.166    64.9    22.0    32.985    61.741    52.498    24.739    10.77    30.529    47.707    51.108    64.125    50.0    10.77    74.431    38.833    21.633    58.822    58.31    53.367    18.0    4.472    48.166    23.324    30.265    23.409    41.617    64.031    22.804    40.497    50.0    62.61    12.166    46.519    42.19    76.655    28.0    42.048    34.0    54.037    68.964    35.609    11.662    68.029    
5     32.985    65.605    72.719    48.415    0         80.623    72.111    32.558    72.498    42.379    54.406    55.172    16.125    25.612    30.0    44.045    71.554    35.609    77.795    38.833    73.376    94.085    10.77    32.558    46.519    65.513    4.472    82.098    48.083    87.476    44.045    53.254    22.0    26.907    61.741    70.88    91.782    61.221    52.498    38.471    60.729    72.801    27.203    7.211    52.498    68.118    88.814    68.731    70.937    59.363    21.633    43.681    47.539    72.498    89.889    22.0    80.1    40.249    60.033    59.464    52.345    
6     61.221    82.0    8.246    33.526    80.623    0         16.125    50.99    10.77    61.774    27.203    86.163    82.219    75.073    56.569    37.947    72.25    83.235    64.125    45.255    18.0    43.267    82.801    50.99    34.409    26.683    80.498    37.947    82.292    28.844    42.426    93.038    72.277    54.626    67.469    60.033    29.732    32.985    30.594    68.264    25.06    14.142    56.921    74.243    79.85    28.636    12.166    50.04    66.121    21.541    73.539    59.059    98.793    10.77    10.0    62.482    45.122    92.087    39.294    26.0    85.088    
7     48.166    65.97    15.232    30.594    72.111    16.125    0         40.249    6.325    47.202    25.298    70.682    71.021    62.482    44.944    34.234    56.143    69.426    48.374    34.0    2.828    32.802    72.471    40.249    26.306    10.77    72.801    24.413    67.231    19.698    41.231    77.897    68.029    48.374    51.42    44.0    22.804    38.419    29.732    54.037    11.662    2.0    52.038    66.483    64.405    36.878    28.284    34.0    50.04    19.698    61.612    44.407    84.404    6.325    25.298    51.884    30.463    78.102    23.409    28.844    69.771    
8     14.0    50.16    43.863    24.739    32.558    50.99    40.249    0         41.617    21.541    28.636    46.39    31.241    25.06    6.325    22.091    49.679    35.44    51.614    6.325    41.231    62.032    32.249    0.0    17.205    32.985    34.059    50.04    40.05    54.918    28.284    50.04    35.777    16.971    40.0    44.407    59.228    42.426    29.12    24.083    28.636    41.183    22.627    28.0    40.792    47.539    60.959    39.395    46.69    31.623    22.804    20.591    51.923    41.617    60.828    11.662    49.031    44.272    28.284    36.056    44.181    
9     50.99    71.386    8.944    28.0    72.498    10.77    6.325    41.617    0         51.108    22.091    75.392    72.801    65.054    46.861    32.062    62.032    72.801    54.589    35.609    8.944    38.21    73.783    41.617    26.0    16.125    72.801    30.529    71.554    24.413    38.21    82.292    66.483    47.539    56.886    50.04    26.833    33.287    26.306    57.689    14.422    4.472    50.636    66.483    69.08    31.113    22.804    40.05    56.0    16.125    63.781    48.374    88.204    0.0    20.591    53.254    36.77    81.609    28.636    24.166    74.324    
10    10.0    28.636    56.462    44.045    42.379    61.774    47.202    21.541    51.108    0         46.174    26.077    32.0    20.1    17.205    42.426    30.0    22.804    35.44    22.091    46.861    56.921    36.222    21.541    34.059    36.878    45.695    45.695    20.881    54.918    49.477    31.623    53.814    37.736    20.0    28.636    59.363    62.032    48.0    7.211    36.715    48.826    43.267    41.183    20.0    66.121    73.348    28.284    28.636    47.074    22.091    2.828    37.202    51.108    71.694    22.804    41.231    31.113    25.612    54.148    24.331    
11    41.761    72.443    18.974    6.325    54.406    27.203    25.298    28.636    22.091    46.174    0         72.25    58.412    53.666    34.928    10.77    67.052    63.906    63.53    24.739    27.857    57.306    58.0    28.636    12.166    26.907    53.852    47.202    66.753    44.944    16.125    77.279    45.122    27.785    59.228    57.271    48.083    17.088    4.472    50.99    19.799    24.739    29.732    47.707    66.121    20.0    34.409    48.374    62.032    6.0    51.108    44.045    80.324    22.091    35.777    38.833    50.912    72.801    34.0    8.0    70.456    
12    32.558    14.0    81.609    70.0    55.172    86.163    70.682    46.39    75.392    26.077    72.25    0         39.699    30.0    40.792    68.118    27.203    20.0    39.395    48.0    69.771    71.218    45.343    46.39    60.133    59.933    59.464    62.225    7.211    73.756    74.673    8.944    72.719    60.729    22.804    36.056    77.897    88.0    74.027    22.361    61.351    72.498    65.788    57.201    6.325    92.195    98.082    42.426    31.305    72.993    34.409    28.284    20.396    75.392    95.854    43.081    55.317    20.396    47.413    80.225    2.828    
13    24.739    51.108    74.967    53.254    16.125    82.219    71.021    31.241    72.801    32.0    58.412    39.699    0         12.166    26.077    49.396    58.822    19.799    66.753    37.202    71.694    87.864    5.657    31.241    48.083    62.61    20.591    76.158    32.802    83.57    52.0    37.202    36.878    34.176    49.477    60.299    88.023    68.877    57.689    26.306    59.363    72.111    36.878    20.396    37.736    75.18    91.935    60.133    59.228    62.29    10.198    34.059    31.623    72.801    92.022    19.799    72.691    24.166    54.406    64.9    36.878    
14    14.422    40.0    68.411    49.396    25.612    75.073    62.482    25.06    65.054    20.1    53.666    30.0    12.166    0         18.868    46.174    46.819    12.166    54.589    30.0    62.801    76.655    17.088    25.06    42.19    53.254    29.732    65.146    22.804    73.348    50.636    29.732    42.942    34.0    37.363    48.166    77.82    66.483    53.852    14.142    50.99    63.781    38.21    27.203    26.907    72.111    85.604    48.374    47.074    56.604    4.472    22.361    28.071    65.054    85.041    16.125    61.188    20.1    43.863    60.926    27.203    
15    8.246    45.651    49.679    31.048    30.0    56.569    44.944    6.325    46.861    17.205    34.928    40.792    26.077    18.868    0         28.284    46.69    29.12    50.12    11.314    45.651    64.125    27.857    6.325    23.324    36.77    32.249    52.154    34.234    58.241    34.059    44.0    37.202    20.591    36.77    42.942    62.642    48.662    35.44    18.439    33.287    46.043    26.077    26.683    35.44    53.852    66.843    39.294    44.407    37.736    16.971    16.971    45.607    46.861    66.483    8.0    50.16    37.947    30.067    42.379    38.471    
16    36.056    70.342    29.732    4.472    44.045    37.947    34.234    22.091    32.062    42.426    10.77    68.118    49.396    46.174    28.284    0         67.082    57.271    65.605    20.396    36.497    64.622    48.415    22.091    11.314    33.106    43.267    53.666    62.0    53.367    8.485    72.111    34.525    17.205    58.31    58.822    56.886    20.396    8.485    46.0    26.0    34.059    18.974    37.202    62.29    26.0    44.944    50.99    62.769    16.492    43.081    40.792    73.756    32.062    46.519    30.463    56.036    65.97    36.77    15.62    66.03    
17    40.0    14.422    70.029    67.231    71.554    72.25    56.143    49.679    62.032    30.0    67.052    27.203    58.822    46.819    46.69    67.082    0         42.19    12.806    47.707    54.332    46.861    63.906    49.679    56.462    46.0    75.18    40.249    30.067    52.802    75.18    36.056    83.738    66.603    10.0    12.649    56.356    84.119    70.228    33.106    50.359    58.138    72.25    71.021    24.083    86.348    84.38    22.361    6.325    65.513    50.16    29.732    47.539    62.032    80.895    52.802    32.249    46.174    34.234    74.726    28.636    
18    22.361    32.311    77.175    60.166    35.609    83.235    69.426    35.44    72.801    22.804    63.906    20.0    19.799    12.166    29.12    57.271    42.19    0         52.154    39.395    69.311    78.791    25.456    35.44    52.0    59.397    40.0    68.0    13.416    77.666    62.29    17.889    54.626    46.043    34.059    46.69    82.098    77.666    64.56    15.62    58.412    70.937    50.359    38.471    18.974    82.97    94.34    49.396    44.045    66.212    16.492    25.612    16.492    72.801    93.231    28.0    62.769    8.944    48.415    71.47    17.205    
19    44.944    27.203    63.151    64.9    77.795    64.125    48.374    51.614    54.589    35.44    63.53    39.395    66.753    54.589    50.12    65.605    12.806    52.154    0         48.166    46.174    34.409    71.386    51.614    54.406    39.294    80.994    29.12    41.231    41.761    74.027    48.332    87.132    68.411    18.111    7.211    44.944    80.498    67.231    40.447    44.944    50.359    74.027    76.158    35.44    81.707    76.026    15.232    8.246    60.926    57.271    34.176    59.464    54.589    72.028    57.271    20.881    57.271    29.53    70.682    40.497    
20    17.088    50.0    38.419    22.0    38.833    45.255    34.0    6.325    35.609    22.091    24.739    48.0    37.202    30.0    11.314    20.396    47.707    39.395    48.166    0         34.928    56.143    38.471    6.325    12.649    26.683    40.2    44.181    42.19    48.662    27.857    52.612    40.497    20.591    38.471    41.037    52.953    40.0    26.077    26.306    22.361    34.986    26.077    34.059    42.048    44.407    55.606    34.986    44.045    26.833    28.284    20.396    55.714    35.609    55.172    17.889    43.681    48.332    22.804    32.558    46.043    
21    48.415    64.56    17.889    32.985    73.376    18.0    2.828    41.231    8.944    46.861    27.857    69.771    71.694    62.801    45.651    36.497    54.332    69.311    46.174    34.928    0         30.0    73.348    41.231    28.071    10.0    74.216    21.633    66.573    17.088    43.681    77.175    70.0    50.16    50.0    42.048    20.396    41.231    32.311    53.814    12.649    4.472    54.0    67.912    63.53    39.699    30.067    32.062    48.166    22.361    62.129    44.045    84.024    8.944    26.683    52.802    27.857    77.897    22.361    31.623    68.964    
22    63.151    60.828    46.69    61.741    94.085    43.267    32.802    62.032    38.21    56.921    57.306    71.218    87.864    76.655    64.125    64.622    46.861    78.791    34.409    56.143    30.0    0         91.082    62.032    54.406    31.623    96.0    12.0    71.021    14.422    72.498    80.0    95.708    75.313    48.415    35.384    14.56    71.218    61.774    63.906    38.626    34.059    80.05    90.022    66.03    69.311    52.802    29.53    41.037    52.154    77.666    54.406    89.889    38.21    47.539    72.111    16.125    85.884    34.059    61.612    71.61    
23    28.071    56.604    75.286    52.498    10.77    82.801    72.471    32.249    73.783    36.222    58.0    45.343    5.657    17.088    27.857    48.415    63.906    25.456    71.386    38.471    73.348    91.082    0         32.249    48.415    64.622    15.232    79.246    38.419    86.023    50.12    42.802    32.249    32.249    54.406    64.777    90.443    67.231    56.851    31.048    60.828    73.43    34.176    16.0    43.267    73.783    92.022    64.0    64.031    62.29    14.142    38.053    36.77    73.783    92.455    20.591    76.236    29.53    57.271    64.031    42.521    
24    14.0    50.16    43.863    24.739    32.558    50.99    40.249    0.0    41.617    21.541    28.636    46.39    31.241    25.06    6.325    22.091    49.679    35.44    51.614    6.325    41.231    62.032    32.249    0         17.205    32.985    34.059    50.04    40.05    54.918    28.284    50.04    35.777    16.971    40.0    44.407    59.228    42.426    29.12    24.083    28.636    41.183    22.627    28.0    40.792    47.539    60.959    39.395    46.69    31.623    22.804    20.591    51.923    41.617    60.828    11.662    49.031    44.272    28.284    36.056    44.181    
25    29.732    60.828    26.907    10.77    46.519    34.409    26.306    17.205    26.0    34.059    12.166    60.133    48.083    42.19    23.324    11.314    56.462    52.0    54.406    12.649    28.071    54.406    48.415    17.205    0         22.804    46.819    43.081    54.589    44.181    19.799    65.115    42.048    22.091    48.083    47.707    48.042    28.284    14.142    38.833    16.125    26.683    26.077    40.497    54.037    32.062    43.863    39.699    51.884    14.422    40.0    32.0    68.352    26.0    44.045    28.284    44.944    60.926    25.456    20.1    58.31    
26    38.833    55.317    24.083    30.529    65.513    26.683    10.77    32.985    16.125    36.878    26.907    59.933    62.61    53.254    36.77    33.106    46.0    59.397    39.294    26.683    10.0    31.623    64.622    32.985    22.804    0         66.753    20.591    56.604    22.091    41.183    67.231    64.498    44.181    40.792    34.234    26.306    42.802    31.241    43.863    7.211    12.649    48.662    60.531    53.666    42.942    38.833    24.331    40.05    22.804    52.839    34.059    74.027    16.125    36.056    44.272    24.083    67.941    12.649    32.802    59.059    
27    36.056    69.656    72.471    47.707    4.472    80.498    72.801    34.059    72.801    45.695    53.852    59.464    20.591    29.732    32.249    43.267    75.18    40.0    80.994    40.2    74.216    96.0    15.232    34.059    46.819    66.753    0         84.0    52.345    88.814    42.426    57.689    18.111    26.077    65.299    74.0    93.059    59.464    51.614    42.19    61.612    73.376    25.456    6.325    56.639    66.483    88.204    71.386    74.324    59.059    25.612    46.819    52.0    72.801    89.554    24.331    82.389    44.721    62.032    58.412    56.639    
28    51.42    53.254    39.446    51.108    82.098    37.947    24.413    50.04    30.529    45.695    47.202    62.225    76.158    65.146    52.154    53.666    40.249    68.0    29.12    44.181    21.633    12.0    79.246    50.04    43.081    20.591    84.0    0         61.221    12.649    61.774    70.767    83.952    63.561    39.699    27.785    16.125    62.225    51.614    52.802    27.785    26.077    68.411    78.026    56.639    61.221    49.031    19.799    34.0    42.521    65.97    43.081    80.0    30.529    44.407    60.133    8.246    75.472    22.091    52.345    62.29    
29    26.077    18.974    77.253    64.125    48.083    82.292    67.231    40.05    71.554    20.881    66.753    7.211    32.802    22.804    34.234    62.0    30.067    13.416    41.231    42.19    66.573    71.021    38.419    40.05    54.589    56.604    52.345    61.221    0         72.139    68.264    10.77    65.513    53.852    23.409    36.77    76.42    82.098    68.264    16.0    57.271    68.964    58.822    50.0    6.0    86.579    94.021    41.617    32.985    67.912    27.203    23.409    18.868    71.554    92.13    36.056    54.918    16.125    44.407    74.673    4.472    
30    59.093    65.513    32.558    50.0    87.476    28.844    19.698    54.918    24.413    54.918    44.944    73.756    83.57    73.348    58.241    53.367    52.802    77.666    41.761    48.662    17.088    14.422    86.023    54.918    44.181    22.091    88.814    12.649    72.139    0         60.729    82.073    86.209    66.03    51.614    40.249    4.472    57.689    49.396    62.129    28.071    20.591    70.257    82.608    67.941    55.317    38.626    31.623    46.519    39.395    73.539    52.154    90.686    24.413    33.526    65.97    20.881    85.604    29.53    48.374    73.593    
31    42.19    77.795    34.234    10.77    44.045    42.426    41.231    28.284    38.21    49.477    16.125    74.673    52.0    50.636    34.059    8.485    75.18    62.29    74.027    27.857    43.681    72.498    50.12    28.284    19.799    41.183    42.426    61.774    68.264    60.729    0         78.026    30.463    17.889    66.212    67.201    64.031    17.205    12.0    52.345    34.0    40.792    16.971    36.878    69.051    24.083    47.539    59.464    71.021    22.091    47.074    48.083    78.638    38.21    50.0    34.525    64.405    70.711    45.255    17.088    72.443    
32    36.056    22.361    88.023    74.431    53.254    93.038    77.897    50.04    82.292    31.623    77.279    8.944    37.202    29.732    44.0    72.111    36.056    17.889    48.332    52.612    77.175    80.0    42.802    50.04    65.115    67.231    57.689    70.767    10.77    82.073    78.026    0         72.498    62.801    31.623    44.944    86.279    92.347    78.638    26.306    68.029    79.649    67.469    56.356    14.142    97.015    104.785    50.99    40.249    78.588    34.176    34.176    12.0    82.292    102.859    44.721    64.031    14.422    54.918    85.159    8.485    
33    43.863    80.92    64.031    38.833    22.0    72.277    68.029    35.777    66.483    53.814    45.122    72.719    36.878    42.942    37.202    34.525    83.738    54.626    87.132    40.497    70.0    95.708    32.249    35.777    42.048    64.498    18.111    83.952    65.513    86.209    30.463    72.498    0         20.396    73.756    79.925    90.089    46.043    41.761    52.498    58.138    68.118    16.0    16.492    68.819    53.254    78.0    75.153    81.609    50.99    38.471    54.037    68.411    66.483    80.324    31.113    84.119    60.729    63.246    47.539    69.971    
34    28.636    66.242    46.519    21.633    26.907    54.626    48.374    16.971    47.539    37.736    27.785    60.729    34.176    34.0    20.591    17.205    66.603    46.043    68.411    20.591    50.16    75.313    32.249    16.971    22.091    44.181    26.077    63.561    53.852    66.03    17.889    62.801    20.396    0         56.851    61.221    70.0    34.986    25.612    38.626    38.0    48.662    5.657    20.0    55.714    41.617    62.129    55.57    63.655    33.106    30.067    37.202    62.032    47.539    63.53    18.111    63.906    54.037    43.081    32.558    58.241    
35    30.0    14.56    64.281    58.822    61.741    67.469    51.42    40.0    56.886    20.0    59.228    22.804    49.477    37.363    36.77    58.31    10.0    34.059    18.111    38.471    50.0    48.415    54.406    40.0    48.083    40.792    65.299    39.699    23.409    51.614    66.212    31.623    73.756    56.851    0         13.416    55.606    76.158    62.097    23.409    44.045    53.367    62.482    61.057    17.889    78.918    79.624    20.0    10.0    58.31    40.497    19.799    42.048    56.886    76.655    42.802    32.558    39.294    28.284    67.082    23.324    
36    37.947    25.612    58.31    58.31    70.88    60.033    44.0    44.407    50.04    28.636    57.271    36.056    60.299    48.166    42.942    58.822    12.649    46.69    7.211    41.037    42.048    35.384    64.777    44.407    47.707    34.234    74.0    27.785    36.77    40.249    67.201    44.944    79.925    61.221    13.416    0         43.909    74.324    60.828    34.059    39.294    46.0    66.843    69.08    31.305    75.895    72.111    10.0    6.325    55.027    50.636    27.203    55.462    50.04    68.469    50.16    20.0    52.498    23.409    64.622    36.715    
37    63.561    69.34    34.409    53.367    91.782    29.732    22.804    59.228    26.833    59.363    48.083    77.897    88.023    77.82    62.642    56.886    56.356    82.098    44.944    52.953    20.396    14.56    90.443    59.228    48.042    26.306    93.059    16.125    76.42    4.472    64.031    86.279    90.089    70.0    55.606    43.909    0         60.033    52.498    66.573    32.0    23.409    74.108    86.833    72.139    57.201    38.471    35.609    50.12    42.379    78.0    56.604    95.016    26.833    33.106    70.342    24.166    90.0    34.0    50.99    77.795    
38    56.321    89.107    26.0    18.0    61.221    32.985    38.419    42.426    33.287    62.032    17.088    88.0    68.877    66.483    48.662    20.396    84.119    77.666    80.498    40.0    41.231    71.218    67.231    42.426    28.284    42.802    59.464    62.225    82.098    57.689    17.205    92.347    46.043    34.986    76.158    74.324    60.033    0         14.142    66.121    36.056    37.202    34.059    54.037    82.024    7.211    34.234    65.299    79.12    20.0    63.246    60.133    94.149    33.287    38.0    50.596    66.843    86.348    50.99    10.0    86.023    
39    42.755    74.967    22.361    4.472    52.498    30.594    29.732    29.12    26.306    48.0    4.472    74.027    57.689    53.852    35.44    8.485    70.228    64.56    67.231    26.077    32.311    61.774    56.851    29.12    14.142    31.241    51.614    51.614    68.264    49.396    12.0    78.638    41.761    25.612    62.097    60.828    52.498    14.142    0         52.345    24.083    29.12    26.833    45.607    68.0    18.439    36.715    52.154    65.391    10.198    50.99    46.043    81.043    26.306    38.626    38.471    55.172    73.376    37.736    7.211    72.111    
40    10.198    28.425    62.61    48.166    38.471    68.264    54.037    24.083    57.689    7.211    50.99    22.361    26.306    14.142    18.439    46.0    33.106    15.62    40.447    26.306    53.814    63.906    31.048    24.083    38.833    43.863    42.19    52.802    16.0    62.129    52.345    26.306    52.498    38.626    23.409    34.059    66.573    66.121    52.345    0         43.267    55.606    43.863    38.419    17.088    70.711    79.649    34.928    32.985    52.498    17.088    10.0    30.529    57.689    78.23    21.633    48.083    24.083    32.802    58.856    20.1    
41    36.77    58.31    20.396    23.324    60.729    25.06    11.662    28.636    14.422    36.715    19.799    61.351    59.363    50.99    33.287    26.0    50.359    58.412    44.944    22.361    12.649    38.626    60.828    28.636    16.125    7.211    61.612    27.785    57.271    28.071    34.0    68.029    58.138    38.0    44.045    39.294    32.0    36.056    24.083    43.267    0         12.806    42.19    55.317    55.027    36.77    36.77    29.732    44.721    16.125    50.0    34.0    73.783    14.422    34.986    40.249    31.113    67.201    16.125    26.077    60.166    
42    49.518    67.912    13.416    30.265    72.801    14.142    2.0    41.183    4.472    48.826    24.739    72.498    72.111    63.781    46.043    34.059    58.138    70.937    50.359    34.986    4.472    34.059    73.43    41.183    26.683    12.649    73.376    26.077    68.964    20.591    40.792    79.649    68.118    48.662    53.367    46.0    23.409    37.202    29.12    55.606    12.806    0         52.154    67.052    66.212    35.384    26.306    36.0    52.038    18.974    62.801    46.043    86.023    4.472    23.409    52.839    32.311    79.649    25.298    27.785    71.554    
43    34.0    71.694    48.703    23.409    27.203    56.921    52.038    22.627    50.636    43.267    29.732    65.788    36.878    38.21    26.077    18.974    72.25    50.359    74.027    26.077    54.0    80.05    34.176    22.627    26.077    48.662    25.456    68.411    58.822    70.257    16.971    67.469    16.0    5.657    62.482    66.843    74.108    34.059    26.833    43.863    42.19    52.154    0         20.0    60.926    41.037    63.53    61.057    69.311    35.44    34.059    42.802    66.03    50.636    65.391    22.804    69.08    58.034    48.332    33.287    63.246    
44    31.305    66.483    66.242    41.617    7.211    74.243    66.483    28.0    66.483    41.183    47.707    57.201    20.396    27.203    26.683    37.202    71.021    38.471    76.158    34.059    67.912    90.022    16.0    28.0    40.497    60.531    6.325    78.026    50.0    82.608    36.878    56.356    16.492    20.0    61.057    69.08    86.833    54.037    45.607    38.419    55.317    67.052    20.0    0         53.814    60.959    82.098    65.97    69.771    52.839    22.804    42.048    51.923    66.483    83.355    18.974    76.655    44.272    56.143    52.498    54.406    
45    27.203    13.416    75.286    64.031    52.498    79.85    64.405    40.792    69.08    20.0    66.121    6.325    37.736    26.907    35.44    62.29    24.083    18.974    35.44    42.048    63.53    66.03    43.267    40.792    54.037    53.666    56.639    56.639    6.0    67.941    69.051    14.142    68.819    55.714    17.889    31.305    72.139    82.024    68.0    17.088    55.027    66.212    60.926    53.814    0         86.093    91.761    36.878    27.203    66.753    31.113    22.091    24.166    69.08    89.554    38.471    50.0    22.091    41.183    74.108    5.657    
46    61.188    92.347    22.804    22.804    68.118    28.636    36.878    47.539    31.113    66.121    20.0    92.195    75.18    72.111    53.852    26.0    86.348    82.97    81.707    44.407    39.699    69.311    73.783    47.539    32.062    42.942    66.483    61.221    86.579    55.317    24.083    97.015    53.254    41.617    78.918    75.895    57.201    7.211    18.439    70.711    36.77    35.384    41.037    60.959    86.093    0         28.0    66.483    81.043    20.881    69.08    64.031    99.459    31.113    32.249    56.462    66.573    91.761    52.498    12.0    90.355    
47    72.111    94.149    17.205    40.497    88.814    12.166    28.284    60.959    22.804    73.348    34.409    98.082    91.935    85.604    66.843    44.944    84.38    94.34    76.026    55.606    30.067    52.802    92.022    60.959    43.863    38.833    88.204    49.031    94.021    38.626    47.539    104.785    78.0    62.129    79.624    72.111    38.471    34.234    36.715    79.649    36.77    26.306    63.53    82.098    91.761    28.0    0         62.129    78.23    29.732    83.738    70.682    110.145    22.804    5.657    72.139    56.569    103.247    51.42    30.463    96.933    
48    36.056    34.0    48.374    50.0    68.731    50.04    34.0    39.395    40.05    28.284    48.374    42.426    60.133    48.374    39.294    50.99    22.361    49.396    15.232    34.986    32.062    29.53    64.0    39.395    39.699    24.331    71.386    19.799    41.617    31.623    59.464    50.99    75.153    55.57    20.0    10.0    35.609    65.299    52.154    34.928    29.732    36.0    61.057    65.97    36.878    66.483    62.129    0         16.125    45.695    50.04    26.077    60.465    40.05    58.549    47.074    13.416    56.356    14.422    55.462    42.521    
49    38.471    19.799    64.125    62.61    70.937    66.121    50.04    46.69    56.0    28.636    62.032    31.305    59.228    47.074    44.407    62.769    6.325    44.045    8.246    44.045    48.166    41.037    64.031    46.69    51.884    40.05    74.324    34.0    32.985    46.519    71.021    40.249    81.609    63.655    10.0    6.325    50.12    79.12    65.391    32.985    44.721    52.038    69.311    69.771    27.203    81.043    78.23    16.125    0         60.166    50.0    27.785    51.264    56.0    74.673    51.108    26.077    49.031    28.636    69.57    32.311    
50    43.863    72.028    13.416    12.166    59.363    21.541    19.698    31.623    16.125    47.074    6.0    72.993    62.29    56.604    37.736    16.492    65.513    66.212    60.926    26.833    22.361    52.154    62.29    31.623    14.422    22.804    59.059    42.521    67.912    39.395    22.091    78.588    50.99    33.106    58.31    55.027    42.379    20.0    10.198    52.498    16.125    18.974    35.44    52.839    66.753    20.881    29.732    45.695    60.166    0         54.406    44.721    82.462    16.125    30.529    42.521    46.861    75.153    31.623    10.0    71.386    
51    14.56    44.045    66.603    46.519    21.633    73.539    61.612    22.804    63.781    22.091    51.108    34.409    10.198    4.472    16.971    43.081    50.16    16.492    57.271    28.284    62.129    77.666    14.142    22.804    40.0    52.839    25.612    65.97    27.203    73.539    47.074    34.176    38.471    30.067    40.497    50.636    78.0    63.246    50.99    17.088    50.0    62.801    34.059    22.804    31.113    69.08    83.738    50.04    50.0    54.406    0         24.0    32.0    63.781    83.451    12.649    62.514    24.0    44.272    58.138    31.623    
52    10.77    29.732    53.852    42.19    43.681    59.059    44.407    20.591    48.374    2.828    44.045    28.284    34.059    22.361    16.971    40.792    29.732    25.612    34.176    20.396    44.045    54.406    38.053    20.591    32.0    34.059    46.819    43.081    23.409    52.154    48.083    34.176    54.037    37.202    19.799    27.203    56.604    60.133    46.043    10.0    34.0    46.043    42.802    42.048    22.091    64.031    70.682    26.077    27.785    44.721    24.0    0         40.0    48.374    68.964    23.324    38.833    33.941    22.804    52.038    26.683    
53    38.626    34.234    93.059    76.655    47.539    98.793    84.404    51.923    88.204    37.202    80.324    20.396    31.623    28.071    45.607    73.756    47.539    16.492    59.464    55.714    84.024    89.889    36.77    51.923    68.352    74.027    52.0    80.0    18.868    90.686    78.638    12.0    68.411    62.032    42.048    55.462    95.016    94.149    81.043    30.529    73.783    86.023    66.03    51.923    24.166    99.459    110.145    60.465    51.264    82.462    32.0    40.0    0         88.204    108.757    44.181    73.783    8.0    62.29    87.932    18.974    
54    50.99    71.386    8.944    28.0    72.498    10.77    6.325    41.617    0.0    51.108    22.091    75.392    72.801    65.054    46.861    32.062    62.032    72.801    54.589    35.609    8.944    38.21    73.783    41.617    26.0    16.125    72.801    30.529    71.554    24.413    38.21    82.292    66.483    47.539    56.886    50.04    26.833    33.287    26.306    57.689    14.422    4.472    50.636    66.483    69.08    31.113    22.804    40.05    56.0    16.125    63.781    48.374    88.204    0         20.591    53.254    36.77    81.609    28.636    24.166    74.324    
55    71.218    91.214    17.205    42.048    89.889    10.0    25.298    60.828    20.591    71.694    35.777    95.854    92.022    85.041    66.483    46.519    80.895    93.231    72.028    55.172    26.683    47.539    92.455    60.828    44.045    36.056    89.554    44.407    92.13    33.526    50.0    102.859    80.324    63.53    76.655    68.469    33.106    38.0    38.626    78.23    34.986    23.409    65.391    83.355    89.554    32.249    5.657    58.549    74.673    30.529    83.451    68.964    108.757    20.591    0         72.25    52.154    102.078    48.703    32.985    94.847    
56    12.806    50.0    55.172    34.0    22.0    62.482    51.884    11.662    53.254    22.804    38.833    43.081    19.799    16.125    8.0    30.463    52.802    28.0    57.271    17.889    52.802    72.111    20.591    11.662    28.284    44.272    24.331    60.133    36.056    65.97    34.525    44.721    31.113    18.111    42.802    50.16    70.342    50.596    38.471    21.633    40.249    52.839    22.804    18.974    38.471    56.462    72.139    47.074    51.108    42.521    12.649    23.324    44.181    53.254    72.25    0         58.138    36.222    38.053    45.651    40.497    
57    48.166    45.607    45.695    54.037    80.1    45.122    30.463    49.031    36.77    41.231    50.912    55.317    72.691    61.188    50.16    56.036    32.249    62.769    20.881    43.681    27.857    16.125    76.236    49.031    44.944    24.083    82.389    8.246    54.918    20.881    64.405    64.031    84.119    63.906    32.558    20.0    24.166    66.843    55.172    48.083    31.113    32.311    69.08    76.655    50.0    66.573    56.569    13.416    26.077    46.861    62.514    38.833    73.783    36.77    52.154    58.138    0         69.771    20.881    56.851    55.606    
58    31.305    34.234    86.093    68.964    40.249    92.087    78.102    44.272    81.609    31.113    72.801    20.396    24.166    20.1    37.947    65.97    46.174    8.944    57.271    48.332    77.897    85.884    29.53    44.272    60.926    67.941    44.721    75.472    16.125    85.604    70.711    14.422    60.729    54.037    39.294    52.498    90.0    86.348    73.376    24.083    67.201    79.649    58.034    44.272    22.091    91.761    103.247    56.356    49.031    75.153    24.0    33.941    8.0    81.609    102.078    36.222    69.771    0         56.639    80.324    18.111    
59    29.732    42.755    36.056    35.609    60.033    39.294    23.409    28.284    28.636    25.612    34.0    47.413    54.406    43.863    30.067    36.77    34.234    48.415    29.53    22.804    22.361    34.059    57.271    28.284    25.456    12.649    62.032    22.091    44.407    29.53    45.255    54.918    63.246    43.081    28.284    23.409    34.0    50.99    37.736    32.802    16.125    25.298    48.332    56.143    41.183    52.498    51.42    14.422    28.636    31.623    44.272    22.804    62.29    28.636    48.703    38.053    20.881    56.639    0         41.231    46.648    
60    49.477    80.399    18.111    11.662    59.464    26.0    28.844    36.056    24.166    54.148    8.0    80.225    64.9    60.926    42.379    15.62    74.726    71.47    70.682    32.558    31.623    61.612    64.031    36.056    20.1    32.802    58.412    52.345    74.673    48.374    17.088    85.159    47.539    32.558    67.082    64.622    50.99    10.0    7.211    58.856    26.077    27.785    33.287    52.498    74.108    12.0    30.463    55.462    69.57    10.0    58.138    52.038    87.932    24.166    32.985    45.651    56.851    80.324    41.231    0         78.409    
61    30.265    16.125    80.324    68.029    52.345    85.088    69.771    44.181    74.324    24.331    70.456    2.828    36.878    27.203    38.471    66.03    28.636    17.205    40.497    46.043    68.964    71.61    42.521    44.181    58.31    59.059    56.639    62.29    4.472    73.593    72.443    8.485    69.971    58.241    23.324    36.715    77.795    86.023    72.111    20.1    60.166    71.554    63.246    54.406    5.657    90.355    96.933    42.521    32.311    71.386    31.623    26.683    18.974    74.324    94.847    40.497    55.606    18.111    46.648    78.409    0         


Demandas:
1: 0.0
2: 23.0
3: 17.0
4: 12.0
5: 6.0
6: 22.0
7: 3.0
8: 24.0
9: 24.0
10: 11.0
11: 7.0
12: 12.0
13: 8.0
14: 14.0
15: 20.0
16: 16.0
17: 16.0
18: 4.0
19: 9.0
20: 18.0
21: 14.0
22: 10.0
23: 19.0
24: 22.0
25: 19.0
26: 9.0
27: 18.0
28: 2.0
29: 18.0
30: 11.0
31: 19.0
32: 18.0
33: 15.0
34: 4.0
35: 12.0
36: 8.0
37: 18.0
38: 12.0
39: 72.0
40: 2.0
41: 5.0
42: 14.0
43: 11.0
44: 19.0
45: 16.0
46: 19.0
47: 3.0
48: 12.0
49: 10.0
50: 20.0
51: 7.0
52: 13.0
53: 16.0
54: 23.0
55: 22.0
56: 18.0
57: 6.0
58: 12.0
59: 27.0
60: 9.0
61: 15.0
+-+-+-+-+-+-+-+-+-+-+-+-+-+-+-+ SOLUCION INICIAL +-+-+-+-+-+-+-+-+-+-+-+-+-+-+-+-

Ruta #1: [1, 5, 13, 23, 44, 27, 33, 43, 34]
Costo asociado: 145.496      Capacidad: 100.0

Ruta #2: [1, 8, 56, 15, 24]
Costo asociado: 53.987      Capacidad: 84.0

Ruta #3: [1, 9, 41, 54, 30, 37, 22, 28, 57]
Costo asociado: 191.691      Capacidad: 99.0

Ruta #4: [1, 10, 52, 20, 25, 26, 59]
Costo asociado: 111.058      Capacidad: 97.0

Ruta #5: [1, 11, 39, 4]
Costo asociado: 89.176      Capacidad: 91.0

Ruta #6: [1, 12, 40, 45, 61, 32, 53, 58, 18]
Costo asociado: 137.454      Capacidad: 95.0

Ruta #7: [1, 14, 29, 51]
Costo asociado: 78.989      Capacidad: 39.0

Ruta #8: [1, 2, 35, 17, 19, 49, 36, 48]
Costo asociado: 135.72899999999998      Capacidad: 90.0

Ruta #9: [1, 16, 31, 38, 46, 60, 50]
Costo asociado: 134.82      Capacidad: 95.0

Ruta #10: [1, 3, 47, 55, 6, 42, 7, 21]
Costo asociado: 155.165      Capacidad: 95.0

--> Costo total: 1233.565          Capacidad total: 885.0

+-+-+-+-+-+-+-+-+-+-+-+-+-+-+-+-+-+-+-+-+-+-+-+-+- Iteracion 1  +-+-+-+-+-+-+-+-+-+-+-+-+-+-+-+-+-+-+-+-+-+-+-+-+-


Ruta #1: [1, 5, 13, 23, 44, 27, 33, 43, 34]
Costo asociado: 145.496      Capacidad: 100.0

Ruta #2: [1, 8, 56, 15, 24]
Costo asociado: 53.987      Capacidad: 84.0

Ruta #3: [1, 9, 41, 54, 30, 37, 22, 28, 57]
Costo asociado: 191.691      Capacidad: 99.0

Ruta #4: [1, 10, 52, 20, 25, 26, 59]
Costo asociado: 111.058      Capacidad: 97.0

Ruta #5: [1, 11, 39, 4]
Costo asociado: 89.176      Capacidad: 91.0

Ruta #6: [1, 18, 58, 53, 32, 61, 12, 40, 45]
Costo asociado: 129.27      Capacidad: 95.0

Ruta #7: [1, 14, 29, 51]
Costo asociado: 78.989      Capacidad: 39.0

Ruta #8: [1, 2, 35, 17, 19, 49, 36, 48]
Costo asociado: 135.72899999999998      Capacidad: 90.0

Ruta #9: [1, 16, 31, 38, 46, 60, 50]
Costo asociado: 134.82      Capacidad: 95.0

Ruta #10: [1, 3, 47, 55, 6, 42, 7, 21]
Costo asociado: 155.165      Capacidad: 95.0

--> Costo total: 1225.3809999999999          Capacidad total: 885.0

