+-+-+-+-+-+-+-+-+-+-+-+-+-+-+ GRAFO CARGADO +-+-+-+-+-+-+-+-+-+-+-+-+-+-+-
        1         2         3         4         5         6         7         8         9         10        11        12        13        14        15        16        17        18        19        20        21        22
1     0         49.366    48.083    41.785    40.719    36.715    31.016    31.385    24.187    27.659    17.263    23.345    11.18    16.031    7.071    20.248    9.849    22.091    29.069    30.529    31.623    33.541    
2     49.366    0         8.544    23.259    25.942    20.809    18.682    24.166    26.571    30.463    32.14    40.224    47.265    54.626    56.223    57.489    58.856    71.113    72.18    78.16    79.101    82.873    
3     48.083    8.544    0         29.833    32.28    14.56    19.849    19.105    27.803    25.318    31.016    43.139    44.102    55.758    54.571    53.235    57.871    69.051    68.184    78.0    76.105    81.492    
4     41.785    23.259    29.833    0         2.828    33.734    17.889    33.242    19.209    37.59    28.425    23.087    45.222    40.012    48.703    57.201    49.244    63.325    69.836    65.008    73.389    72.56    
5     40.719    25.942    32.28    2.828    0         35.355    18.974    34.482    19.105    38.484    28.284    21.0    44.822    38.013    47.539    56.851    47.802    61.984    69.116    63.008    72.236    70.859    
6     36.715    20.809    14.56    33.734    35.355    0         17.029    5.385    22.472    11.0    21.213    38.484    30.806    47.381    42.544    39.013    46.53    56.321    54.009    67.231    62.514    69.289    
7     31.016    18.682    19.849    17.889    18.974    17.029    0         15.524    8.062    19.723    14.142    23.431    30.676    36.235    38.0    42.048    40.311    53.009    55.973    59.481    61.66    64.382    
8     31.385    24.166    19.105    33.242    34.482    5.385    15.524    0         19.235    6.325    16.401    34.785    25.495    42.521    37.162    34.132    41.183    50.961    49.092    61.911    57.315    63.906    
9     24.187    26.571    27.803    19.209    19.105    22.472    8.062    19.235    0         21.213    9.22    16.125    26.077    28.178    31.257    38.013    33.015    46.271    50.99    51.662    55.543    57.079    
10    27.659    30.463    25.318    37.59    38.484    11.0    19.723    6.325    21.213    0         15.524    35.355    20.248    40.497    32.757    28.018    37.202    45.88    43.012    58.009    51.624    59.093    
11    17.263    32.14    31.016    28.425    28.284    21.213    14.142    16.401    9.22    15.524    0         20.025    17.0    26.173    24.083    28.844    26.926    39.013    42.154    47.011    47.518    50.804    
12    23.345    40.224    43.139    23.087    21.0    38.484    23.431    34.785    16.125    35.355    20.025    0         31.305    17.029    29.206    42.72    28.178    42.485    52.345    42.012    53.339    50.22    
13    11.18    47.265    44.102    45.222    44.822    30.806    30.676    25.495    26.077    20.248    17.0    31.305    0         27.166    13.454    12.042    18.601    25.632    25.298    38.897    32.016    38.91    
14    16.031    54.626    55.758    40.012    38.013    47.381    36.235    42.521    28.178    40.497    26.173    17.029    27.166    0         18.028    35.511    14.422    27.659    40.817    25.0    38.949    33.526    
15    7.071    56.223    54.571    48.703    47.539    42.544    38.0    37.162    31.257    32.757    24.083    29.206    13.454    18.028    0         18.0    5.385    15.033    23.431    25.495    24.698    26.926    
16    20.248    57.489    53.235    57.201    56.851    39.013    42.048    34.132    38.013    28.018    28.844    42.72    12.042    35.511    18.0    0         23.087    22.672    15.0    39.825    24.698    36.069    
17    9.849    58.856    57.871    49.244    47.802    46.53    40.311    41.183    33.015    37.202    26.926    28.178    18.601    14.422    5.385    23.087    0         14.318    26.42    20.809    25.239    24.083    
18    22.091    71.113    69.051    63.325    61.984    56.321    53.009    50.961    46.271    45.88    39.013    42.485    25.632    27.659    15.033    22.672    14.318    0         17.0    18.439    11.314    13.601    
19    29.069    72.18    68.184    69.836    69.116    54.009    55.973    49.092    50.99    43.012    42.154    52.345    25.298    40.817    23.431    15.0    26.42    17.0    0         35.228    12.042    27.313    
20    30.529    78.16    78.0    65.008    63.008    67.231    59.481    61.911    51.662    58.009    47.011    42.012    38.897    25.0    25.495    39.825    20.809    18.439    35.228    0         26.306    12.207    
21    31.623    79.101    76.105    73.389    72.236    62.514    61.66    57.315    55.543    51.624    47.518    53.339    32.016    38.949    24.698    24.698    25.239    11.314    12.042    26.306    0         16.279    
22    33.541    82.873    81.492    72.56    70.859    69.289    64.382    63.906    57.079    59.093    50.804    50.22    38.91    33.526    26.926    36.069    24.083    13.601    27.313    12.207    16.279    0         


Demandas:
1: 0.0
2: 1100.0
3: 700.0
4: 800.0
5: 1400.0
6: 2100.0
7: 400.0
8: 800.0
9: 100.0
10: 500.0
11: 600.0
12: 1200.0
13: 1300.0
14: 1300.0
15: 300.0
16: 900.0
17: 2100.0
18: 1000.0
19: 900.0
20: 2500.0
21: 1800.0
22: 700.0
+-+-+-+-+-+-+-+-+-+-+-+-+-+-+-+ SOLUCION INICIAL +-+-+-+-+-+-+-+-+-+-+-+-+-+-+-+-

Ruta #1: [1, 2, 9, 7, 3, 6, 8, 10]
Costo asociado: 157.777      Capacidad: 5700.0

Ruta #2: [1, 4, 11, 5, 12, 14]
Costo asociado: 152.554      Capacidad: 5300.0

Ruta #3: [1, 13, 16, 18, 17, 15]
Costo asociado: 72.668      Capacidad: 5600.0

Ruta #4: [1, 20, 22, 21, 19]
Costo asociado: 100.126      Capacidad: 5900.0

--> Costo total: 483.125          Capacidad total: 22500.0

+-+-+-+-+-+-+-+-+-+-+-+-+-+-+-+-+-+-+-+-+-+-+-+-+- Iteracion 1  +-+-+-+-+-+-+-+-+-+-+-+-+-+-+-+-+-+-+-+-+-+-+-+-+-


Ruta #1: [1, 2, 9, 7, 3, 6, 8, 10]
Costo asociado: 157.777      Capacidad: 5700.0

Ruta #2: [1, 4, 11, 5, 12, 14]
Costo asociado: 152.554      Capacidad: 5300.0

Ruta #3: [1, 13, 16, 18, 17, 15]
Costo asociado: 72.668      Capacidad: 5600.0

Ruta #4: [1, 20, 22, 21, 19]
Costo asociado: 100.126      Capacidad: 5900.0

--> Costo total: 492.345          Capacidad total: 22500.0

+-+-+-+-+-+-+-+-+-+-+-+-+-+-+-+-+-+-+-+-+-+-+-+-+- Iteracion 1  +-+-+-+-+-+-+-+-+-+-+-+-+-+-+-+-+-+-+-+-+-+-+-+-+-

La solución anterior duró 0min 1seg    -------> Nuevo optimo local. Costo: 466.81       ==> Optimo: 375.0  Desvio: 24.5%
Lista tabu: []

+-+-+-+-+-+-+-+-+-+-+-+-+-+-+-+-+-+-+-+-+-+-+-+-+- Iteracion 2  +-+-+-+-+-+-+-+-+-+-+-+-+-+-+-+-+-+-+-+-+-+-+-+-+-


Ruta #1: [1, 10, 6, 8, 3, 7, 9, 2]
Costo asociado: 166.997      Capacidad: 5700.0

Ruta #2: [1, 4, 5, 11, 12, 14]
Costo asociado: 125.982      Capacidad: 5300.0

Ruta #3: [1, 13, 16, 18, 17, 15]
Costo asociado: 72.668      Capacidad: 5600.0

Ruta #4: [1, 20, 22, 21, 19]
Costo asociado: 100.126      Capacidad: 5900.0

--> Costo total: 465.773          Capacidad total: 22500.0

+-+-+-+-+-+-+-+-+-+-+-+-+-+-+-+-+-+-+-+-+-+-+-+-+- Iteracion 2  +-+-+-+-+-+-+-+-+-+-+-+-+-+-+-+-+-+-+-+-+-+-+-+-+-

La solución anterior duró 0min 0seg    -------> Nuevo optimo local. Costo: 465.77299999999997       ==> Optimo: 375.0  Desvio: 24.2%
Lista tabu: [((6,8,5.385),8), ((10,1,27.659),8), ((2,9,26.571),8), ((7,3,19.849),8), ((10,6,11.0),6)]

+-+-+-+-+-+-+-+-+-+-+-+-+-+-+-+-+-+-+-+-+-+-+-+-+- Iteracion 4  +-+-+-+-+-+-+-+-+-+-+-+-+-+-+-+-+-+-+-+-+-+-+-+-+-


Ruta #1: [1, 2, 9, 7, 6, 8, 3, 10]
Costo asociado: 178.495      Capacidad: 5700.0

Ruta #2: [1, 4, 5, 11, 12, 14]
Costo asociado: 125.982      Capacidad: 5300.0

Ruta #3: [1, 13, 16, 18, 17, 15]
Costo asociado: 72.668      Capacidad: 5600.0

Ruta #4: [1, 20, 22, 21, 19]
Costo asociado: 100.126      Capacidad: 5900.0

--> Costo total: 477.27099999999996          Capacidad total: 22500.0

+-+-+-+-+-+-+-+-+-+-+-+-+-+-+-+-+-+-+-+-+-+-+-+-+- Iteracion 4  +-+-+-+-+-+-+-+-+-+-+-+-+-+-+-+-+-+-+-+-+-+-+-+-+-

La solución anterior duró 0min 0seg    -------> Nuevo optimo local. Costo: 462.44399999999996       ==> Optimo: 375.0  Desvio: 23.3%
Lista tabu: [((6,8,5.385),6), ((10,1,27.659),6), ((2,9,26.571),6), ((7,3,19.849),6), ((10,6,11.0),4), ((4,11,28.425),7), ((5,12,21.0),7), ((5,12,21.0),7), ((14,1,16.031),7), ((4,5,2.828),5), ((18,17,14.318),5), ((15,1,7.071),5), ((13,16,12.042),5), ((18,17,14.318),5), ((15,18,15.033),4)]

+-+-+-+-+-+-+-+-+-+-+-+-+-+-+-+-+-+-+-+-+-+-+-+-+- Iteracion 5  +-+-+-+-+-+-+-+-+-+-+-+-+-+-+-+-+-+-+-+-+-+-+-+-+-


Ruta #1: [1, 2, 9, 7, 6, 3, 8, 10]
Costo asociado: 168.67699999999996      Capacidad: 5700.0

Ruta #2: [1, 4, 5, 11, 12, 14]
Costo asociado: 125.982      Capacidad: 5300.0

Ruta #3: [1, 13, 16, 18, 17, 15]
Costo asociado: 72.668      Capacidad: 5600.0

Ruta #4: [1, 20, 22, 21, 19]
Costo asociado: 100.126      Capacidad: 5900.0

--> Costo total: 467.453          Capacidad total: 22500.0

+-+-+-+-+-+-+-+-+-+-+-+-+-+-+-+-+-+-+-+-+-+-+-+-+- Iteracion 5  +-+-+-+-+-+-+-+-+-+-+-+-+-+-+-+-+-+-+-+-+-+-+-+-+-

La solución anterior duró 0min 0seg    -------> Nuevo optimo local. Costo: 467.453       ==> Optimo: 375.0  Desvio: 24.7%
Lista tabu: [((6,8,5.385),5), ((10,1,27.659),5), ((2,9,26.571),5), ((7,3,19.849),5), ((10,6,11.0),3), ((4,11,28.425),6), ((5,12,21.0),6), ((5,12,21.0),6), ((14,1,16.031),6), ((4,5,2.828),4), ((18,17,14.318),4), ((15,1,7.071),4), ((13,16,12.042),4), ((18,17,14.318),4), ((15,18,15.033),3), ((6,8,5.385),8), ((7,9,8.062),8), ((8,3,19.105),8), ((9,2,26.571),8), ((7,6,17.029),6)]

+-+-+-+-+-+-+-+-+-+-+-+-+-+-+-+-+-+-+-+-+-+-+-+-+- Iteracion 12  +-+-+-+-+-+-+-+-+-+-+-+-+-+-+-+-+-+-+-+-+-+-+-+-+-


Ruta #1: [1, 10, 8, 3, 6, 7, 2, 9]
Costo asociado: 154.11800000000002      Capacidad: 5700.0

Ruta #2: [1, 4, 5, 11, 12, 14]
Costo asociado: 125.982      Capacidad: 5300.0

Ruta #3: [1, 13, 16, 18, 17, 15]
Costo asociado: 72.668      Capacidad: 5600.0

Ruta #4: [1, 20, 22, 21, 19]
Costo asociado: 100.126      Capacidad: 5900.0

--> Costo total: 452.894          Capacidad total: 22500.0

+-+-+-+-+-+-+-+-+-+-+-+-+-+-+-+-+-+-+-+-+-+-+-+-+- Iteracion 12  +-+-+-+-+-+-+-+-+-+-+-+-+-+-+-+-+-+-+-+-+-+-+-+-+-

La solución anterior duró 0min 1seg    -------> Nuevo optimo local. Costo: 463.558       ==> Optimo: 375.0  Desvio: 23.599999999999998%
Lista tabu: [((6,8,5.385),1), ((7,9,8.062),1), ((8,3,19.105),1), ((9,2,26.571),1), ((6,8,5.385),2), ((3,10,25.318),2), ((9,7,8.062),2), ((6,8,5.385),2), ((13,16,12.042),1), ((17,15,5.385),1), ((16,18,22.672),1), ((15,1,7.071),1), ((20,22,12.207),2), ((16,18,22.672),2), ((18,20,18.439),1), ((13,16,12.042),3), ((17,15,5.385),3), ((16,18,22.672),3), ((15,1,7.071),3), ((13,17,18.601),2), ((14,1,16.031),4), ((17,15,5.385),4), ((14,15,18.028),3), ((14,1,16.031),5), ((17,15,5.385),5), ((14,15,18.028),4)]

+-+-+-+-+-+-+-+-+-+-+-+-+-+-+-+-+-+-+-+-+-+-+-+-+- Iteracion 13  +-+-+-+-+-+-+-+-+-+-+-+-+-+-+-+-+-+-+-+-+-+-+-+-+-


Ruta #1: [1, 10, 8, 3, 6, 7, 2, 9]
Costo asociado: 154.11800000000002      Capacidad: 5700.0

Ruta #2: [1, 11, 5, 4, 12, 14]
Costo asociado: 104.52199999999999      Capacidad: 5300.0

Ruta #3: [1, 13, 16, 18, 17, 15]
Costo asociado: 72.668      Capacidad: 5600.0

Ruta #4: [1, 20, 22, 21, 19]
Costo asociado: 100.126      Capacidad: 5900.0

--> Costo total: 431.43399999999997          Capacidad total: 22500.0

+-+-+-+-+-+-+-+-+-+-+-+-+-+-+-+-+-+-+-+-+-+-+-+-+- Iteracion 13  +-+-+-+-+-+-+-+-+-+-+-+-+-+-+-+-+-+-+-+-+-+-+-+-+-

La solución anterior duró 0min 0seg    -------> Nuevo optimo local. Costo: 431.43399999999997       ==> Optimo: 375.0  Desvio: 15.0%
Lista tabu: [((6,8,5.385),1), ((3,10,25.318),1), ((9,7,8.062),1), ((6,8,5.385),1), ((20,22,12.207),1), ((16,18,22.672),1), ((13,16,12.042),2), ((17,15,5.385),2), ((16,18,22.672),2), ((15,1,7.071),2), ((13,17,18.601),1), ((14,1,16.031),3), ((17,15,5.385),3), ((14,15,18.028),2), ((14,1,16.031),4), ((17,15,5.385),4), ((14,15,18.028),3), ((2,9,26.571),8), ((7,6,17.029),8), ((3,8,19.105),8), ((10,1,27.659),8), ((7,2,18.682),6)]

+-+-+-+-+-+-+-+-+-+-+-+-+-+-+-+-+-+-+-+-+-+-+-+-+- Iteracion 17  +-+-+-+-+-+-+-+-+-+-+-+-+-+-+-+-+-+-+-+-+-+-+-+-+-


Ruta #1: [1, 9, 2, 3, 6, 7, 8, 10]
Costo asociado: 140.399      Capacidad: 5700.0

Ruta #2: [1, 11, 5, 4, 12, 14]
Costo asociado: 104.52199999999999      Capacidad: 5300.0

Ruta #3: [1, 13, 16, 18, 17, 15]
Costo asociado: 72.668      Capacidad: 5600.0

Ruta #4: [1, 20, 22, 21, 19]
Costo asociado: 100.126      Capacidad: 5900.0

--> Costo total: 417.71500000000003          Capacidad total: 22500.0

+-+-+-+-+-+-+-+-+-+-+-+-+-+-+-+-+-+-+-+-+-+-+-+-+- Iteracion 17  +-+-+-+-+-+-+-+-+-+-+-+-+-+-+-+-+-+-+-+-+-+-+-+-+-

La solución anterior duró 0min 0seg    -------> Nuevo optimo local. Costo: 417.7149999999999       ==> Optimo: 375.0  Desvio: 11.4%
Lista tabu: [((2,9,26.571),4), ((7,6,17.029),4), ((3,8,19.105),4), ((10,1,27.659),4), ((7,2,18.682),2), ((1,4,41.785),5), ((11,12,20.025),5), ((1,11,17.263),3), ((10,8,6.325),3), ((6,7,17.029),3), ((6,7,17.029),3), ((9,1,24.187),3), ((10,6,11.0),2), ((10,8,6.325),4), ((1,11,17.263),4), ((10,11,15.524),3), ((7,2,18.682),5), ((9,1,24.187),5), ((10,8,6.325),5), ((3,6,14.56),5), ((7,9,8.062),4)]

+-+-+-+-+-+-+-+-+-+-+-+-+-+-+-+-+-+-+-+-+-+-+-+-+- Iteracion 18  +-+-+-+-+-+-+-+-+-+-+-+-+-+-+-+-+-+-+-+-+-+-+-+-+-


Ruta #1: [1, 9, 7, 6, 3, 2, 8, 10]
Costo asociado: 130.532      Capacidad: 5700.0

Ruta #2: [1, 11, 5, 4, 12, 14]
Costo asociado: 104.52199999999999      Capacidad: 5300.0

Ruta #3: [1, 13, 16, 18, 17, 15]
Costo asociado: 72.668      Capacidad: 5600.0

Ruta #4: [1, 20, 22, 21, 19]
Costo asociado: 100.126      Capacidad: 5900.0

--> Costo total: 407.84799999999996          Capacidad total: 22500.0

+-+-+-+-+-+-+-+-+-+-+-+-+-+-+-+-+-+-+-+-+-+-+-+-+- Iteracion 18  +-+-+-+-+-+-+-+-+-+-+-+-+-+-+-+-+-+-+-+-+-+-+-+-+-

La solución anterior duró 0min 0seg    -------> Nuevo optimo local. Costo: 407.848       ==> Optimo: 375.0  Desvio: 8.799999999999999%
Lista tabu: [((2,9,26.571),3), ((7,6,17.029),3), ((3,8,19.105),3), ((10,1,27.659),3), ((7,2,18.682),1), ((1,4,41.785),4), ((11,12,20.025),4), ((1,11,17.263),2), ((10,8,6.325),2), ((6,7,17.029),2), ((6,7,17.029),2), ((9,1,24.187),2), ((10,6,11.0),1), ((10,8,6.325),3), ((1,11,17.263),3), ((10,11,15.524),2), ((7,2,18.682),4), ((9,1,24.187),4), ((10,8,6.325),4), ((3,6,14.56),4), ((7,9,8.062),3), ((3,6,14.56),8), ((2,9,26.571),8), ((8,3,19.105),8), ((7,2,18.682),8), ((3,2,8.544),6)]

+-+-+-+-+-+-+-+-+-+-+-+-+-+-+-+-+-+-+-+-+-+-+-+-+- Iteracion 28  +-+-+-+-+-+-+-+-+-+-+-+-+-+-+-+-+-+-+-+-+-+-+-+-+-


Ruta #1: [1, 10, 6, 3, 2, 8, 7, 9]
Costo asociado: 133.702      Capacidad: 5700.0

Ruta #2: [1, 11, 5, 4, 12, 14]
Costo asociado: 104.52199999999999      Capacidad: 5300.0

Ruta #3: [1, 13, 16, 18, 17, 15]
Costo asociado: 72.668      Capacidad: 5600.0

Ruta #4: [1, 20, 22, 21, 19]
Costo asociado: 100.126      Capacidad: 5900.0

--> Costo total: 411.01800000000003          Capacidad total: 22500.0

+-+-+-+-+-+-+-+-+-+-+-+-+-+-+-+-+-+-+-+-+-+-+-+-+- Iteracion 28  +-+-+-+-+-+-+-+-+-+-+-+-+-+-+-+-+-+-+-+-+-+-+-+-+-

La solución anterior duró 0min 0seg    -------> Nuevo optimo local. Costo: 402.14399999999995       ==> Optimo: 375.0  Desvio: 7.199999999999999%
Lista tabu: [((7,6,17.029),1), ((1,11,17.263),1), ((7,6,17.029),2), ((8,10,6.325),2), ((7,6,17.029),2), ((8,10,6.325),2), ((7,8,15.524),1), ((7,6,17.029),3), ((8,10,6.325),3), ((7,6,17.029),3), ((8,10,6.325),3), ((7,8,15.524),2), ((18,17,14.318),4), ((15,1,7.071),4), ((13,16,12.042),4), ((18,17,14.318),4), ((15,18,15.033),3), ((9,7,8.062),5), ((1,11,17.263),5), ((9,11,9.22),4)]

+-+-+-+-+-+-+-+-+-+-+-+-+-+-+-+-+-+-+-+-+-+-+-+-+- Iteracion 32  +-+-+-+-+-+-+-+-+-+-+-+-+-+-+-+-+-+-+-+-+-+-+-+-+-


Ruta #1: [1, 10, 6, 8, 2, 3, 7, 9]
Costo asociado: 128.852      Capacidad: 5700.0

Ruta #2: [1, 11, 5, 4, 12, 14]
Costo asociado: 104.52199999999999      Capacidad: 5300.0

Ruta #3: [1, 13, 16, 18, 17, 15]
Costo asociado: 72.668      Capacidad: 5600.0

Ruta #4: [1, 20, 22, 21, 19]
Costo asociado: 100.126      Capacidad: 5900.0

--> Costo total: 406.168          Capacidad total: 22500.0

+-+-+-+-+-+-+-+-+-+-+-+-+-+-+-+-+-+-+-+-+-+-+-+-+- Iteracion 32  +-+-+-+-+-+-+-+-+-+-+-+-+-+-+-+-+-+-+-+-+-+-+-+-+-

La solución anterior duró 0min 0seg    -------> Nuevo optimo local. Costo: 406.168       ==> Optimo: 375.0  Desvio: 8.3%
Lista tabu: [((9,7,8.062),1), ((1,11,17.263),1), ((6,3,14.56),5), ((10,1,27.659),5), ((9,7,8.062),5), ((2,8,24.166),5), ((6,10,11.0),3), ((18,17,14.318),3), ((15,1,7.071),3), ((13,16,12.042),3), ((18,17,14.318),3), ((15,18,15.033),2), ((13,16,12.042),4), ((15,1,7.071),4), ((13,16,12.042),4), ((15,1,7.071),4), ((13,15,13.454),3), ((10,6,11.0),5), ((1,11,17.263),5), ((10,11,15.524),4)]

+-+-+-+-+-+-+-+-+-+-+-+-+-+-+-+-+-+-+-+-+-+-+-+-+- Iteracion 34  +-+-+-+-+-+-+-+-+-+-+-+-+-+-+-+-+-+-+-+-+-+-+-+-+-


Ruta #1: [1, 10, 8, 6, 2, 3, 7, 9]
Costo asociado: 120.82      Capacidad: 5700.0

Ruta #2: [1, 11, 5, 4, 12, 14]
Costo asociado: 104.52199999999999      Capacidad: 5300.0

Ruta #3: [1, 13, 16, 18, 17, 15]
Costo asociado: 72.668      Capacidad: 5600.0

Ruta #4: [1, 20, 22, 21, 19]
Costo asociado: 100.126      Capacidad: 5900.0

--> Costo total: 398.13599999999997          Capacidad total: 22500.0

+-+-+-+-+-+-+-+-+-+-+-+-+-+-+-+-+-+-+-+-+-+-+-+-+- Iteracion 34  +-+-+-+-+-+-+-+-+-+-+-+-+-+-+-+-+-+-+-+-+-+-+-+-+-

La solución anterior duró 0min 0seg    -------> Nuevo optimo local. Costo: 398.136       ==> Optimo: 375.0  Desvio: 6.2%
Lista tabu: [((6,3,14.56),3), ((10,1,27.659),3), ((9,7,8.062),3), ((2,8,24.166),3), ((6,10,11.0),1), ((18,17,14.318),1), ((15,1,7.071),1), ((13,16,12.042),1), ((18,17,14.318),1), ((13,16,12.042),2), ((15,1,7.071),2), ((13,16,12.042),2), ((15,1,7.071),2), ((13,15,13.454),1), ((10,6,11.0),3), ((1,11,17.263),3), ((10,11,15.524),2), ((6,3,14.56),7), ((8,7,15.524),7), ((3,2,8.544),7), ((7,9,8.062),7), ((6,8,5.385),5), ((18,17,14.318),5), ((22,21,16.279),5), ((18,21,11.314),4)]

+-+-+-+-+-+-+-+-+-+-+-+-+-+-+-+-+-+-+-+-+-+-+-+-+- Iteracion 35  +-+-+-+-+-+-+-+-+-+-+-+-+-+-+-+-+-+-+-+-+-+-+-+-+-


Ruta #1: [1, 10, 8, 6, 3, 2, 7, 9]
Costo asociado: 113.404      Capacidad: 5700.0

Ruta #2: [1, 11, 5, 4, 12, 14]
Costo asociado: 104.52199999999999      Capacidad: 5300.0

Ruta #3: [1, 13, 16, 18, 17, 15]
Costo asociado: 72.668      Capacidad: 5600.0

Ruta #4: [1, 20, 22, 21, 19]
Costo asociado: 100.126      Capacidad: 5900.0

--> Costo total: 390.72          Capacidad total: 22500.0

+-+-+-+-+-+-+-+-+-+-+-+-+-+-+-+-+-+-+-+-+-+-+-+-+- Iteracion 35  +-+-+-+-+-+-+-+-+-+-+-+-+-+-+-+-+-+-+-+-+-+-+-+-+-

La solución anterior duró 0min 0seg    -------> Nuevo optimo local. Costo: 390.71999999999997       ==> Optimo: 375.0  Desvio: 4.2%
Lista tabu: [((6,3,14.56),2), ((10,1,27.659),2), ((9,7,8.062),2), ((2,8,24.166),2), ((13,16,12.042),1), ((15,1,7.071),1), ((13,16,12.042),1), ((15,1,7.071),1), ((10,6,11.0),2), ((1,11,17.263),2), ((10,11,15.524),1), ((6,3,14.56),6), ((8,7,15.524),6), ((3,2,8.544),6), ((7,9,8.062),6), ((6,8,5.385),4), ((18,17,14.318),4), ((22,21,16.279),4), ((18,21,11.314),3), ((10,6,11.0),8), ((8,2,24.166),8), ((3,7,19.849),8), ((9,1,24.187),8), ((8,10,6.325),6)]

+-+-+-+-+-+-+-+-+-+-+-+-+-+-+-+-+-+- Solucion Optima +-+-+-+-+-+-+-+-+-+-+-+-+-+-+-+-+-+-

Ruta #1: [1, 10, 8, 6, 3, 2, 7, 9]
Costo asociado: 113.404      Capacidad: 5700.0

Ruta #2: [1, 11, 5, 4, 12, 14]
Costo asociado: 104.52199999999999      Capacidad: 5300.0

Ruta #3: [1, 13, 16, 18, 17, 15]
Costo asociado: 72.668      Capacidad: 5600.0

Ruta #4: [1, 20, 22, 21, 19]
Costo asociado: 100.126      Capacidad: 5900.0


Costo total:  390.72        Optimo real:  375.0      Desviación: 4.2%

Cantidad de iteraciones: 36
Nro de vehiculos: 4
Capacidad Maxima/Vehiculo: 6000.0
Tiempo total: 0min 4seg
Tiempo de estancamiento: 0min 0seg
