+-+-+-+-+-+-+-+-+-+-+-+-+-+-+ GRAFO CARGADO +-+-+-+-+-+-+-+-+-+-+-+-+-+-+-
        1         2         3         4         5         6         7         8         9         10        11        12        13        14        15        16        17        18        19        20        21        22        23        24        25        26        27        28        29        30        31        32        33        34        35        36        37        38        39
1     0         37.577    70.0    88.544    4.0    62.032    47.413    77.253    22.804    18.0    61.188    27.203    19.698    48.374    2.0    45.122    69.57    40.497    16.125    14.422    43.267    14.422    86.348    41.231    68.964    34.525    52.802    73.756    63.151    50.99    36.497    32.249    65.513    18.868    76.158    85.159    61.057    95.854    36.497    
2     37.577    0         39.395    51.42    34.0    24.739    59.228    39.85    34.0    22.627    26.306    34.176    17.889    69.857    39.395    11.662    32.558    30.265    22.804    42.19    8.246    50.478    50.16    10.198    48.166    43.863    48.662    73.348    81.043    13.416    65.605    6.0    30.067    24.0    62.769    58.31    68.029    76.368    10.198    
3     70.0    39.395    0         31.305    66.0    25.06    63.781    28.071    53.852    52.0    15.62    50.596    52.612    80.0    72.0    27.857    22.361    34.928    54.037    78.918    41.617    78.918    24.413    46.043    20.396    83.259    42.521    60.166    84.9    32.558    84.095    44.944    15.232    62.097    38.21    19.799    64.405    42.048    34.525    
4     88.544    51.42    31.305    0         84.758    26.683    93.509    12.0    78.23    71.694    28.844    76.026    68.964    108.904    90.443    43.863    18.974    62.29    72.801    93.381    48.166    100.319    8.0    52.038    51.264    90.2    73.239    91.389    115.256    38.471    110.436    57.271    24.413    74.967    68.411    42.0    95.415    66.121    52.802    
5     4.0    34.0    66.0    84.758    0         58.31    45.695    73.539    19.799    14.0    57.271    24.083    16.125    48.042    6.0    41.231    65.788    36.77    12.166    16.971    40.0    16.971    82.462    38.21    65.146    35.44    49.679    71.218    62.514    47.413    37.363    28.844    61.612    17.088    72.719    81.216    59.059    92.195    32.558    
6     62.032    24.739    25.06    26.683    58.31    0         73.43    15.232    53.814    45.651    10.198    52.345    42.379    87.201    63.906    18.439    8.0    41.183    46.519    66.753    22.091    74.243    26.077    26.306    42.755    65.115    56.321    78.638    95.771    12.0    86.371    30.594    10.0    48.374    60.531    44.407    78.435    67.082    27.203    
7     47.413    59.228    63.781    93.509    45.695    73.43    0         86.023    28.284    42.19    66.03    26.0    50.16    17.088    48.374    56.462    77.666    32.249    44.407    61.774    67.469    42.426    87.681    68.731    49.193    80.994    22.361    29.53    22.361    68.352    28.636    58.31    70.0    59.228    44.181    68.029    14.142    66.121    50.0    
8     77.253    39.85    28.071    12.0    73.539    15.232    86.023    0         68.411    60.828    20.0    66.603    57.585    100.658    79.12    33.287    8.485    54.037    61.741    81.584    36.222    89.443    14.422    40.05    48.374    78.23    67.082    87.361    108.167    26.683    100.896    45.607    16.125    63.151    66.272    43.681    89.443    67.912    42.19    
9     22.804    34.0    53.852    78.23    19.799    53.814    28.284    68.411    0         14.0    49.396    4.472    22.0    36.056    24.413    35.384    60.0    20.0    16.125    36.77    42.048    26.077    74.243    42.379    48.374    53.666    30.0    51.614    48.374    45.607    32.558    31.623    53.852    31.048    53.666    66.0    40.497    74.0    26.907    
10    18.0    22.627    52.0    71.694    14.0    45.651    42.19    60.828    14.0    0         43.681    16.492    8.0    49.477    20.0    27.857    52.802    24.413    2.828    28.636    30.0    28.636    68.964    29.53    52.0    41.617    40.0    63.53    62.29    35.609    43.267    18.868    48.083    17.889    61.221    67.469    53.852    79.649    18.974    
11    61.188    26.306    15.62    28.844    57.271    10.198    66.03    20.0    49.396    43.681    0         47.202    42.19    80.722    63.151    16.125    11.662    34.059    45.122    68.0    26.833    72.111    25.298    31.305    32.558    69.57    47.539    69.051    88.204    17.205    81.609    32.249    4.472    50.16    50.359    35.384    69.857    57.306    24.739    
12    27.203    34.176    50.596    76.026    24.083    52.345    26.0    66.603    4.472    16.492    47.202    0         24.331    35.777    28.844    34.059    58.138    16.125    18.974    41.037    42.379    30.265    71.694    43.174    44.181    57.306    25.612    47.707    47.074    44.944    34.409    32.558    51.614    34.176    49.193    62.032    37.363    69.57    26.077    
13    19.698    17.889    52.612    68.964    16.125    42.379    50.16    57.585    22.0    8.0    42.19    24.331    0         57.271    21.541    26.077    50.0    29.732    6.325    26.306    24.083    32.802    67.082    22.804    55.57    35.384    46.648    70.682    70.257    31.305    50.12    12.806    46.39    11.314    66.483    69.57    61.612    83.762    18.111    
14    48.374    69.857    80.0    108.904    48.042    87.201    17.088    100.658    36.056    49.477    80.722    35.777    57.271    0         48.662    69.34    92.195    46.69    50.99    61.612    78.0    38.626    103.479    78.435    66.212    82.873    39.395    42.755    15.232    80.623    16.971    67.676    84.9    64.125    60.828    85.088    26.306    82.608    61.774    
15    2.0    39.395    72.0    90.443    6.0    63.906    48.374    79.12    24.413    20.0    63.151    28.844    21.541    48.662    0         47.074    71.47    42.379    18.111    13.416    44.944    13.416    88.295    42.802    70.88    34.234    54.406    75.073    63.561    52.802    36.222    34.0    67.469    20.0    77.897    87.132    62.129    97.693    38.471    
16    45.122    11.662    27.857    43.863    41.231    18.439    56.462    33.287    35.384    27.857    16.125    34.059    26.077    69.34    47.074    0         25.06    24.739    29.12    52.038    16.125    56.462    41.231    20.0    37.202    55.462    42.048    66.121    78.791    12.166    67.941    17.088    20.396    34.525    52.802    46.648    63.151    65.115    8.944    
17    69.57    32.558    22.361    18.974    65.788    8.0    77.666    8.485    60.0    52.802    11.662    58.138    50.0    92.195    71.47    25.06    0         45.607    53.852    74.673    30.067    81.437    18.111    34.234    42.0    72.993    59.093    80.05    99.86    20.0    92.455    38.471    8.246    56.321    60.0    40.249    81.437    63.906    34.0    
18    40.497    30.265    34.928    62.29    36.77    41.183    32.249    54.037    20.0    24.413    34.059    16.125    29.732    46.69    42.379    24.739    45.607    0         27.203    52.839    38.053    46.043    57.201    40.447    28.636    65.115    18.439    43.174    54.589    36.878    49.193    31.623    38.21    41.037    36.878    46.0    38.471    55.462    20.1    
19    16.125    22.804    54.037    72.801    12.166    46.519    44.407    61.741    16.125    2.828    45.122    18.974    6.325    50.99    18.111    29.12    53.852    27.203    0         26.0    29.732    27.785    70.342    28.844    54.626    38.833    42.802    66.242    64.125    36.056    43.909    18.439    49.477    15.232    64.031    69.857    56.321    82.365    20.396    
20    14.422    42.19    78.918    93.381    16.971    66.753    61.774    81.584    36.77    28.636    68.0    41.037    26.306    61.612    13.416    52.038    74.673    52.839    26.0    0         45.607    24.0    92.347    42.379    80.623    22.091    66.603    88.091    76.655    54.918    48.042    36.222    72.028    18.439    89.308    95.603    75.472    108.24    44.407    
21    43.267    8.246    41.617    48.166    40.0    22.091    67.469    36.222    42.048    30.0    26.833    42.379    24.083    78.0    44.944    16.125    30.067    38.053    29.732    45.607    0         56.851    48.166    4.472    53.254    43.174    56.321    80.895    89.286    10.198    73.239    11.314    29.732    27.203    68.877    61.221    76.105    80.92    18.0    
22    14.422    50.478    78.918    100.319    16.971    74.243    42.426    89.443    26.077    28.636    72.111    30.265    32.802    38.626    13.416    56.462    81.437    46.043    27.785    24.0    56.851    0         97.406    55.172    74.431    46.043    53.852    71.218    53.852    63.812    24.083    45.607    76.551    33.287    78.435    92.022    56.569    99.459    47.539    
23    86.348    50.16    24.413    8.0    82.462    26.077    87.681    14.422    74.243    68.964    25.298    71.694    67.082    103.479    88.295    41.231    18.111    57.201    70.342    92.347    48.166    97.406    0         52.345    43.863    91.082    66.843    84.095    109.124    38.053    106.0    56.143    20.881    74.108    60.729    34.0    88.814    58.138    50.0    
24    41.231    10.198    46.043    52.038    38.21    26.306    68.731    40.05    42.379    29.53    31.305    43.174    22.804    78.435    42.802    20.0    34.234    40.447    28.844    42.379    4.472    55.172    52.345    0         57.201    38.833    58.856    83.546    90.244    14.56    72.719    10.77    34.176    24.166    72.471    65.605    78.0    85.041    20.396    
25    68.964    48.166    20.396    51.264    65.146    42.755    49.193    48.374    48.374    52.0    32.558    44.181    55.57    66.212    70.88    37.202    42.0    28.636    54.626    80.623    53.254    74.431    43.863    57.201    0         90.0    26.833    40.249    68.411    46.519    73.756    52.345    34.059    66.573    18.0    18.974    46.69    28.425    39.699    
26    34.525    43.863    83.259    90.2    35.44    65.115    80.994    78.23    53.666    41.617    69.57    57.306    35.384    82.873    34.234    55.462    72.993    65.115    38.833    22.091    43.174    46.043    91.082    38.833    90.0    0         81.609    104.957    97.673    53.367    70.0    38.471    72.801    24.083    101.823    102.0    94.021    118.406    50.478    
27    52.802    48.662    42.521    73.239    49.679    56.321    22.361    67.082    30.0    40.0    47.539    25.612    46.648    39.395    54.406    42.048    59.093    18.439    42.802    66.603    56.321    53.852    66.843    58.856    26.833    81.609    0         24.739    42.426    54.148    48.166    50.0    50.99    57.689    24.739    45.695    22.361    46.39    38.471    
28    73.756    73.348    60.166    91.389    71.218    78.638    29.53    87.361    51.614    63.53    69.051    47.707    70.682    42.755    75.073    66.121    80.05    43.174    66.242    88.091    80.895    71.218    84.095    83.546    40.249    104.957    24.739    0         36.497    78.026    57.585    74.726    71.805    81.413    25.456    55.317    16.492    43.863    63.151    
29    63.151    81.043    84.9    115.256    62.514    95.771    22.361    108.167    48.374    62.29    88.204    47.074    70.257    15.232    63.561    78.791    99.86    54.589    64.125    76.655    89.286    53.852    109.124    90.244    68.411    97.673    42.426    36.497    0         90.62    31.623    79.624    92.087    78.026    59.093    86.533    22.361    79.699    72.111    
30    50.99    13.416    32.558    38.471    47.413    12.0    68.352    26.683    45.607    35.609    17.205    44.944    31.305    80.623    52.802    12.166    20.0    36.878    36.056    54.918    10.198    63.812    38.053    14.56    46.519    53.367    54.148    78.026    90.62    0         77.897    18.974    19.698    36.497    63.246    52.345    75.313    73.239    18.868    
31    36.497    65.605    84.095    110.436    37.363    86.371    28.636    100.896    32.558    43.267    81.609    34.409    50.12    16.971    36.222    67.941    92.455    49.193    43.909    48.042    73.239    24.083    106.0    72.719    73.756    70.0    48.166    57.585    31.623    77.897    0         62.129    86.023    54.406    72.028    92.65    41.231    94.021    59.397    
32    32.249    6.0    44.944    57.271    28.844    30.594    58.31    45.607    31.623    18.868    32.249    32.558    12.806    67.676    34.0    17.088    38.471    31.623    18.439    36.222    11.314    45.607    56.143    10.77    52.345    38.471    50.0    74.726    79.624    18.974    62.129    0         36.056    18.0    66.03    63.53    68.118    80.722    12.806    
33    65.513    30.067    15.232    24.413    61.612    10.0    70.0    16.125    53.852    48.083    4.472    51.614    46.39    84.9    67.469    20.396    8.246    38.21    49.477    72.028    29.732    76.551    20.881    34.176    34.059    72.801    50.99    71.805    92.087    19.698    86.023    36.056    0         54.037    52.038    34.409    73.348    57.271    29.12    
34    18.868    24.0    62.097    74.967    17.088    48.374    59.228    63.151    31.048    17.889    50.16    34.176    11.314    64.125    20.0    34.525    56.321    41.037    15.232    18.439    27.203    33.287    74.108    24.166    66.573    24.083    57.689    81.413    78.026    36.497    54.406    18.0    54.037    0         77.795    79.85    71.47    94.868    27.857    
35    76.158    62.769    38.21    68.411    72.719    60.531    44.181    66.272    53.666    61.221    50.359    49.193    66.483    60.828    77.897    52.802    60.0    36.878    64.031    89.308    68.877    78.435    60.729    72.471    18.0    101.823    24.739    25.456    59.093    63.246    72.028    66.03    52.038    77.795    0         30.0    36.77    22.0    53.254    
36    85.159    58.31    19.799    42.0    81.216    44.407    68.029    43.681    66.0    67.469    35.384    62.032    69.57    85.088    87.132    46.648    40.249    46.0    69.857    95.603    61.221    92.022    34.0    65.605    18.974    102.0    45.695    55.317    86.533    52.345    92.65    63.53    34.409    79.85    30.0    0         64.405    24.331    52.0    
37    61.057    68.029    64.405    95.415    59.059    78.435    14.142    89.443    40.497    53.852    69.857    37.363    61.612    26.306    62.129    63.151    81.437    38.471    56.321    75.472    76.105    56.569    88.814    78.0    46.69    94.021    22.361    16.492    22.361    75.313    41.231    68.118    73.348    71.47    36.77    64.405    0         57.723    58.138    
38    95.854    76.368    42.048    66.121    92.195    67.082    66.121    67.912    74.0    79.649    57.306    69.57    83.762    82.608    97.693    65.115    63.906    55.462    82.365    108.24    80.92    99.459    58.138    85.041    28.425    118.406    46.39    43.863    79.699    73.239    94.021    80.722    57.271    94.868    22.0    24.331    57.723    0         68.118    
39    36.497    10.198    34.525    52.802    32.558    27.203    50.0    42.19    26.907    18.974    24.739    26.077    18.111    61.774    38.471    8.944    34.0    20.1    20.396    44.407    18.0    47.539    50.0    20.396    39.699    50.478    38.471    63.151    72.111    18.868    59.397    12.806    29.12    27.857    53.254    52.0    58.138    68.118    0         


Demandas:
1: 0.0
2: 5.0
3: 24.0
4: 3.0
5: 20.0
6: 26.0
7: 23.0
8: 15.0
9: 3.0
10: 20.0
11: 16.0
12: 9.0
13: 21.0
14: 3.0
15: 24.0
16: 14.0
17: 6.0
18: 6.0
19: 13.0
20: 5.0
21: 3.0
22: 3.0
23: 20.0
24: 16.0
25: 22.0
26: 10.0
27: 12.0
28: 20.0
29: 24.0
30: 6.0
31: 1.0
32: 2.0
33: 13.0
34: 7.0
35: 6.0
36: 24.0
37: 19.0
38: 4.0
39: 7.0
+-+-+-+-+-+-+-+-+-+-+-+-+-+-+-+ SOLUCION INICIAL +-+-+-+-+-+-+-+-+-+-+-+-+-+-+-+-

Ruta #1: [1, 3, 6, 11, 25, 18]
Costo asociado: 206.949      Capacidad: 94.0

Ruta #2: [1, 4, 21, 30, 33, 17, 8, 23, 36, 38, 35]
Costo asociado: 354.248      Capacidad: 100.0

Ruta #3: [1, 5, 7, 19, 20, 26, 15]
Costo asociado: 178.42700000000002      Capacidad: 95.0

Ruta #4: [1, 2, 34, 13, 32, 24, 16, 39, 10]
Costo asociado: 162.385      Capacidad: 92.0

Ruta #5: [1, 9, 12, 27, 28, 37, 29, 14, 31, 22]
Costo asociado: 187.188      Capacidad: 94.0

--> Costo total: 1089.1970000000001          Capacidad total: 475.0

+-+-+-+-+-+-+-+-+-+-+-+-+-+-+-+-+-+-+-+-+-+-+-+-+- Iteracion 1  +-+-+-+-+-+-+-+-+-+-+-+-+-+-+-+-+-+-+-+-+-+-+-+-+-


Ruta #1: [1, 3, 6, 11, 25, 18]
Costo asociado: 206.949      Capacidad: 94.0

Ruta #2: [1, 4, 21, 30, 33, 17, 8, 23, 36, 38, 35]
Costo asociado: 354.248      Capacidad: 100.0

Ruta #3: [1, 5, 7, 19, 20, 26, 15]
Costo asociado: 178.42700000000002      Capacidad: 95.0

Ruta #4: [1, 10, 39, 16, 24, 32, 2, 34, 13]
Costo asociado: 137.70000000000002      Capacidad: 92.0

Ruta #5: [1, 9, 12, 27, 28, 37, 29, 14, 31, 22]
Costo asociado: 187.188      Capacidad: 94.0

--> Costo total: 1064.5120000000002          Capacidad total: 475.0

La solución anterior duró 0min 0seg    -------> Nuevo optimo local. Costo: 1064.512       ==> Optimo: 822.0  Desvio: 29.5%
Lista tabu: []

+-+-+-+-+-+-+-+-+-+-+-+-+-+-+-+-+-+-+-+-+-+-+-+-+- Iteracion 5  +-+-+-+-+-+-+-+-+-+-+-+-+-+-+-+-+-+-+-+-+-+-+-+-+-


Ruta #1: [1, 3, 6, 11, 25, 18]
Costo asociado: 206.949      Capacidad: 94.0

Ruta #2: [1, 4, 21, 30, 33, 17, 8, 23, 36, 38, 35]
Costo asociado: 354.248      Capacidad: 100.0

Ruta #3: [1, 5, 7, 19, 20, 26, 15]
Costo asociado: 178.42700000000002      Capacidad: 95.0

Ruta #4: [1, 10, 39, 16, 24, 32, 2, 13, 34]
Costo asociado: 130.759      Capacidad: 92.0

Ruta #5: [1, 9, 12, 27, 28, 37, 29, 14, 31, 22]
Costo asociado: 187.188      Capacidad: 94.0

--> Costo total: 1057.571          Capacidad total: 475.0

La solución anterior duró 0min 0seg    -------> Nuevo optimo local. Costo: 1057.571       ==> Optimo: 822.0  Desvio: 28.7%
Lista tabu: [((13,32,12.806),8), ((1,2,37.577),8), ((32,2,6.0),7), ((30,33,19.698),5), ((17,8,8.485),5), ((17,30,20.0),4), ((10,39,18.974),6), ((32,2,6.0),6), ((10,32,18.868),5), ((9,12,4.472),7), ((1,5,4.0),7), ((5,9,19.799),6)]

+-+-+-+-+-+-+-+-+-+-+-+-+-+-+-+-+-+-+-+-+-+-+-+-+- Iteracion 17  +-+-+-+-+-+-+-+-+-+-+-+-+-+-+-+-+-+-+-+-+-+-+-+-+-


Ruta #1: [1, 3, 6, 11, 25, 18]
Costo asociado: 206.949      Capacidad: 94.0

Ruta #2: [1, 4, 21, 30, 33, 17, 8, 23, 36, 38, 35]
Costo asociado: 354.248      Capacidad: 100.0

Ruta #3: [1, 5, 7, 19, 20, 26, 15]
Costo asociado: 178.42700000000002      Capacidad: 95.0

Ruta #4: [1, 10, 39, 16, 2, 32, 24, 13, 34]
Costo asociado: 127.33600000000001      Capacidad: 92.0

Ruta #5: [1, 9, 12, 27, 28, 37, 29, 14, 31, 22]
Costo asociado: 187.188      Capacidad: 94.0

--> Costo total: 1054.1480000000001          Capacidad total: 475.0

La solución anterior duró 0min 0seg    -------> Nuevo optimo local. Costo: 1054.148       ==> Optimo: 822.0  Desvio: 28.199999999999996%
Lista tabu: [((1,5,4.0),1), ((20,26,22.091),1), ((8,23,14.422),2), ((33,17,8.246),2), ((17,23,18.111),1), ((19,20,26.0),3), ((24,32,10.77),3), ((19,32,18.439),2), ((19,20,26.0),4), ((24,32,10.77),4), ((19,32,18.439),3), ((17,8,8.485),5), ((30,33,19.698),5), ((8,33,16.125),4), ((19,20,26.0),6), ((15,1,2.0),6), ((15,19,18.111),5), ((10,39,18.974),7), ((32,2,6.0),7), ((10,32,18.868),6)]

+-+-+-+-+-+-+-+-+-+-+-+-+-+-+-+-+-+-+-+-+-+-+-+-+- Iteracion 19  +-+-+-+-+-+-+-+-+-+-+-+-+-+-+-+-+-+-+-+-+-+-+-+-+-


Ruta #1: [1, 3, 6, 11, 25, 18]
Costo asociado: 206.949      Capacidad: 94.0

Ruta #2: [1, 4, 21, 30, 33, 17, 8, 23, 36, 38, 35]
Costo asociado: 354.248      Capacidad: 100.0

Ruta #3: [1, 5, 7, 19, 20, 26, 15]
Costo asociado: 178.42700000000002      Capacidad: 95.0

Ruta #4: [1, 34, 13, 32, 24, 2, 16, 39, 10]
Costo asociado: 121.536      Capacidad: 92.0

Ruta #5: [1, 9, 12, 27, 28, 37, 29, 14, 31, 22]
Costo asociado: 187.188      Capacidad: 94.0

--> Costo total: 1048.348          Capacidad total: 475.0

La solución anterior duró 0min 0seg    -------> Nuevo optimo local. Costo: 1048.348       ==> Optimo: 822.0  Desvio: 27.500000000000004%
Lista tabu: [((19,20,26.0),1), ((24,32,10.77),1), ((19,20,26.0),2), ((24,32,10.77),2), ((19,32,18.439),1), ((17,8,8.485),3), ((30,33,19.698),3), ((8,33,16.125),2), ((19,20,26.0),4), ((15,1,2.0),4), ((15,19,18.111),3), ((10,39,18.974),5), ((32,2,6.0),5), ((10,32,18.868),4), ((16,24,20.0),10), ((2,13,17.889),10), ((2,16,11.662),9), ((16,2,11.662),7), ((32,24,10.77),7), ((16,32,17.088),6)]

+-+-+-+-+-+-+-+-+-+-+-+-+-+-+-+-+-+-+-+-+-+-+-+-+- Iteracion 24  +-+-+-+-+-+-+-+-+-+-+-+-+-+-+-+-+-+-+-+-+-+-+-+-+-


Ruta #1: [1, 3, 6, 11, 25, 18]
Costo asociado: 206.949      Capacidad: 94.0

Ruta #2: [1, 35, 38, 36, 23, 4, 21, 30, 33, 17, 8]
Costo asociado: 336.535      Capacidad: 100.0

Ruta #3: [1, 5, 7, 19, 20, 26, 15]
Costo asociado: 178.42700000000002      Capacidad: 95.0

Ruta #4: [1, 34, 13, 32, 24, 2, 16, 39, 10]
Costo asociado: 121.536      Capacidad: 92.0

Ruta #5: [1, 9, 12, 27, 28, 37, 29, 14, 31, 22]
Costo asociado: 187.188      Capacidad: 94.0

--> Costo total: 1030.6350000000002          Capacidad total: 475.0

La solución anterior duró 0min 0seg    -------> Nuevo optimo local. Costo: 1030.635       ==> Optimo: 822.0  Desvio: 25.4%
Lista tabu: [((16,24,20.0),5), ((2,13,17.889),5), ((2,16,11.662),4), ((16,2,11.662),2), ((32,24,10.77),2), ((16,32,17.088),1), ((24,13,22.804),7), ((2,32,6.0),7), ((32,13,12.806),6), ((19,20,26.0),4), ((1,5,4.0),4), ((5,20,16.971),3), ((30,33,19.698),5), ((17,8,8.485),5), ((17,30,20.0),4), ((8,23,14.422),6), ((30,33,19.698),6), ((23,33,20.881),5), ((6,11,10.198),7), ((2,16,11.662),7), ((6,16,18.439),6)]

+-+-+-+-+-+-+-+-+-+-+-+-+-+-+-+-+-+-+-+-+-+-+-+-+- Iteracion 31  +-+-+-+-+-+-+-+-+-+-+-+-+-+-+-+-+-+-+-+-+-+-+-+-+-


Ruta #1: [1, 18, 25, 3, 6, 11]
Costo asociado: 185.97500000000002      Capacidad: 94.0

Ruta #2: [1, 35, 38, 36, 23, 4, 21, 30, 33, 17, 8]
Costo asociado: 336.535      Capacidad: 100.0

Ruta #3: [1, 5, 7, 19, 20, 26, 15]
Costo asociado: 178.42700000000002      Capacidad: 95.0

Ruta #4: [1, 34, 13, 32, 24, 2, 16, 39, 10]
Costo asociado: 121.536      Capacidad: 92.0

Ruta #5: [1, 9, 12, 27, 28, 37, 29, 14, 31, 22]
Costo asociado: 187.188      Capacidad: 94.0

--> Costo total: 1009.661          Capacidad total: 475.0

La solución anterior duró 0min 0seg    -------> Nuevo optimo local. Costo: 1009.661       ==> Optimo: 822.0  Desvio: 22.8%
Lista tabu: [((8,23,14.422),5), ((1,4,88.544),5), ((23,4,8.0),4), ((13,32,12.806),2), ((39,10,18.974),2), ((13,39,18.111),1), ((7,19,44.407),3), ((28,37,16.492),3), ((7,37,14.142),2), ((33,17,8.246),4), ((8,1,77.253),4), ((8,33,16.125),3), ((27,28,24.739),5), ((37,29,22.361),5), ((27,37,22.361),4), ((26,15,34.234),6), ((1,5,4.0),6), ((5,15,6.0),5), ((13,32,12.806),7), ((39,10,18.974),7), ((13,39,18.111),6)]

+-+-+-+-+-+-+-+-+-+-+-+-+-+-+-+-+-+-+-+-+-+-+-+-+- Iteracion 36  +-+-+-+-+-+-+-+-+-+-+-+-+-+-+-+-+-+-+-+-+-+-+-+-+-


Ruta #1: [1, 18, 25, 3, 6, 11]
Costo asociado: 185.97500000000002      Capacidad: 94.0

Ruta #2: [1, 35, 38, 36, 23, 4, 21, 30, 33, 17, 8]
Costo asociado: 336.535      Capacidad: 100.0

Ruta #3: [1, 15, 20, 26, 19, 7, 5]
Costo asociado: 170.442      Capacidad: 95.0

Ruta #4: [1, 34, 13, 32, 24, 2, 16, 39, 10]
Costo asociado: 121.536      Capacidad: 92.0

Ruta #5: [1, 9, 12, 27, 28, 37, 29, 14, 31, 22]
Costo asociado: 187.188      Capacidad: 94.0

--> Costo total: 1001.676          Capacidad total: 475.0

La solución anterior duró 0min 0seg    -------> Nuevo optimo local. Costo: 1001.676       ==> Optimo: 822.0  Desvio: 21.9%
Lista tabu: [((26,15,34.234),1), ((1,5,4.0),1), ((13,32,12.806),2), ((39,10,18.974),2), ((13,39,18.111),1), ((11,25,32.558),7), ((1,3,70.0),7), ((25,3,20.396),6), ((2,16,11.662),4), ((39,10,18.974),4), ((2,39,10.198),3), ((30,33,19.698),5), ((36,23,34.0),5), ((23,33,20.881),4), ((7,19,44.407),6), ((28,37,16.492),6), ((7,37,14.142),5), ((32,24,10.77),7), ((2,16,11.662),7), ((32,2,6.0),6)]

+-+-+-+-+-+-+-+-+-+-+-+-+-+-+-+-+-+-+-+-+-+-+-+-+- Iteracion 38  +-+-+-+-+-+-+-+-+-+-+-+-+-+-+-+-+-+-+-+-+-+-+-+-+-


Ruta #1: [1, 18, 25, 3, 6, 17, 8]
Costo asociado: 208.327      Capacidad: 99.0

Ruta #2: [1, 35, 38, 36, 23, 4, 21, 30, 33, 11]
Costo asociado: 308.211      Capacidad: 95.0

Ruta #3: [1, 15, 20, 26, 19, 7, 5]
Costo asociado: 170.442      Capacidad: 95.0

Ruta #4: [1, 34, 13, 32, 24, 2, 16, 39, 10]
Costo asociado: 121.536      Capacidad: 92.0

Ruta #5: [1, 9, 12, 27, 28, 37, 29, 14, 31, 22]
Costo asociado: 187.188      Capacidad: 94.0

--> Costo total: 995.7040000000001          Capacidad total: 475.0

La solución anterior duró 0min 0seg    -------> Nuevo optimo local. Costo: 995.704       ==> Optimo: 822.0  Desvio: 21.099999999999998%
Lista tabu: [((11,25,32.558),5), ((1,3,70.0),5), ((25,3,20.396),4), ((2,16,11.662),2), ((39,10,18.974),2), ((2,39,10.198),1), ((30,33,19.698),3), ((36,23,34.0),3), ((23,33,20.881),2), ((7,19,44.407),4), ((28,37,16.492),4), ((7,37,14.142),3), ((32,24,10.77),5), ((2,16,11.662),5), ((32,2,6.0),4), ((26,15,34.234),10), ((19,20,26.0),10), ((20,15,13.416),9), ((36,23,34.0),7), ((25,3,20.396),7), ((3,36,19.799),6)]

+-+-+-+-+-+-+-+-+-+-+-+-+-+-+-+-+-+-+-+-+-+-+-+-+- Iteracion 50  +-+-+-+-+-+-+-+-+-+-+-+-+-+-+-+-+-+-+-+-+-+-+-+-+-


Ruta #1: [1, 18, 25, 3, 6, 8, 17]
Costo asociado: 207.87599999999998      Capacidad: 99.0

Ruta #2: [1, 35, 38, 36, 23, 4, 21, 30, 33, 11]
Costo asociado: 308.211      Capacidad: 95.0

Ruta #3: [1, 15, 20, 26, 19, 7, 5]
Costo asociado: 170.442      Capacidad: 95.0

Ruta #4: [1, 34, 13, 32, 24, 2, 16, 39, 10]
Costo asociado: 121.536      Capacidad: 92.0

Ruta #5: [1, 9, 12, 27, 28, 37, 29, 14, 31, 22]
Costo asociado: 187.188      Capacidad: 94.0

--> Costo total: 995.253          Capacidad total: 475.0

La solución anterior duró 0min 0seg    -------> Nuevo optimo local. Costo: 995.253       ==> Optimo: 822.0  Desvio: 21.099999999999998%
Lista tabu: [((1,34,18.868),1), ((13,32,12.806),1), ((1,15,2.0),2), ((19,7,44.407),2), ((1,19,16.125),1), ((30,33,19.698),3), ((16,39,8.944),3), ((30,39,18.868),2), ((24,2,10.198),4), ((39,10,18.974),4), ((24,39,20.396),3), ((2,16,11.662),5), ((32,24,10.77),5), ((16,24,20.0),4), ((32,24,10.77),6), ((2,16,11.662),6), ((32,2,6.0),5), ((26,19,38.833),7), ((1,15,2.0),7), ((15,19,18.111),6)]

+-+-+-+-+-+-+-+-+-+-+-+-+-+-+-+-+-+-+-+-+-+-+-+-+- Iteracion 51  +-+-+-+-+-+-+-+-+-+-+-+-+-+-+-+-+-+-+-+-+-+-+-+-+-


Ruta #1: [1, 18, 25, 3, 6, 8, 17]
Costo asociado: 207.87599999999998      Capacidad: 99.0

Ruta #2: [1, 35, 38, 36, 23, 4, 16, 39, 10]
Costo asociado: 254.26999999999998      Capacidad: 98.0

Ruta #3: [1, 15, 20, 26, 19, 7, 5]
Costo asociado: 170.442      Capacidad: 95.0

Ruta #4: [1, 34, 13, 32, 24, 2, 21, 30, 33, 11]
Costo asociado: 167.758      Capacidad: 89.0

Ruta #5: [1, 9, 12, 27, 28, 37, 29, 14, 31, 22]
Costo asociado: 187.188      Capacidad: 94.0

--> Costo total: 987.534          Capacidad total: 475.0

La solución anterior duró 0min 0seg    -------> Nuevo optimo local. Costo: 987.534       ==> Optimo: 822.0  Desvio: 20.1%
Lista tabu: [((1,15,2.0),1), ((19,7,44.407),1), ((30,33,19.698),2), ((16,39,8.944),2), ((30,39,18.868),1), ((24,2,10.198),3), ((39,10,18.974),3), ((24,39,20.396),2), ((2,16,11.662),4), ((32,24,10.77),4), ((16,24,20.0),3), ((32,24,10.77),5), ((2,16,11.662),5), ((32,2,6.0),4), ((26,19,38.833),6), ((1,15,2.0),6), ((15,19,18.111),5), ((6,17,8.0),11), ((8,1,77.253),11), ((6,8,15.232),10)]

+-+-+-+-+-+-+-+-+-+-+-+-+-+-+-+-+-+-+-+-+-+-+-+-+- Iteracion 56  +-+-+-+-+-+-+-+-+-+-+-+-+-+-+-+-+-+-+-+-+-+-+-+-+-


Ruta #1: [1, 18, 25, 3, 17, 8, 6]
Costo asociado: 197.639      Capacidad: 99.0

Ruta #2: [1, 35, 38, 36, 23, 4, 16, 39, 10]
Costo asociado: 254.26999999999998      Capacidad: 98.0

Ruta #3: [1, 15, 20, 26, 19, 7, 5]
Costo asociado: 170.442      Capacidad: 95.0

Ruta #4: [1, 34, 13, 32, 24, 2, 21, 30, 33, 11]
Costo asociado: 167.758      Capacidad: 89.0

Ruta #5: [1, 9, 12, 27, 28, 37, 29, 14, 31, 22]
Costo asociado: 187.188      Capacidad: 94.0

--> Costo total: 977.297          Capacidad total: 475.0

La solución anterior duró 0min 0seg    -------> Nuevo optimo local. Costo: 977.297       ==> Optimo: 822.0  Desvio: 18.9%
Lista tabu: [((26,19,38.833),1), ((1,15,2.0),1), ((6,17,8.0),6), ((8,1,77.253),6), ((6,8,15.232),5), ((2,16,11.662),7), ((4,21,48.166),7), ((2,21,8.246),6), ((30,33,19.698),4), ((16,39,8.944),4), ((30,39,18.868),3), ((7,5,45.695),5), ((15,20,13.416),5), ((5,20,16.971),4), ((24,2,10.198),6), ((4,16,43.863),6), ((16,24,20.0),5), ((33,11,4.472),7), ((6,8,15.232),7), ((8,33,16.125),6)]

+-+-+-+-+-+-+-+-+-+-+-+-+-+-+-+-+-+-+-+-+-+-+-+-+- Iteracion 57  +-+-+-+-+-+-+-+-+-+-+-+-+-+-+-+-+-+-+-+-+-+-+-+-+-


Ruta #1: [1, 18, 25, 3, 17, 8, 6]
Costo asociado: 197.639      Capacidad: 99.0

Ruta #2: [1, 35, 38, 36, 23, 4, 16, 39, 10]
Costo asociado: 254.26999999999998      Capacidad: 98.0

Ruta #3: [1, 15, 20, 26, 19, 7, 5]
Costo asociado: 170.442      Capacidad: 95.0

Ruta #4: [1, 11, 33, 30, 2, 21, 24, 32, 13, 34]
Costo asociado: 165.24999999999997      Capacidad: 89.0

Ruta #5: [1, 9, 12, 27, 28, 37, 29, 14, 31, 22]
Costo asociado: 187.188      Capacidad: 94.0

--> Costo total: 974.789          Capacidad total: 475.0

La solución anterior duró 0min 0seg    -------> Nuevo optimo local. Costo: 974.789       ==> Optimo: 822.0  Desvio: 18.6%
Lista tabu: [((6,17,8.0),5), ((8,1,77.253),5), ((6,8,15.232),4), ((2,16,11.662),6), ((4,21,48.166),6), ((2,21,8.246),5), ((30,33,19.698),3), ((16,39,8.944),3), ((30,39,18.868),2), ((7,5,45.695),4), ((15,20,13.416),4), ((5,20,16.971),3), ((24,2,10.198),5), ((4,16,43.863),5), ((16,24,20.0),4), ((33,11,4.472),6), ((6,8,15.232),6), ((8,33,16.125),5), ((3,6,25.06),11), ((17,1,69.57),11), ((3,17,22.361),10)]

+-+-+-+-+-+-+-+-+-+-+-+-+-+-+-+-+-+-+-+-+-+-+-+-+- Iteracion 58  +-+-+-+-+-+-+-+-+-+-+-+-+-+-+-+-+-+-+-+-+-+-+-+-+-


Ruta #1: [1, 6, 17, 8, 3, 25, 18]
Costo asociado: 196.11700000000002      Capacidad: 99.0

Ruta #2: [1, 35, 38, 36, 23, 4, 16, 39, 10]
Costo asociado: 254.26999999999998      Capacidad: 98.0

Ruta #3: [1, 15, 20, 26, 19, 7, 5]
Costo asociado: 170.442      Capacidad: 95.0

Ruta #4: [1, 11, 33, 30, 2, 21, 24, 32, 13, 34]
Costo asociado: 165.24999999999997      Capacidad: 89.0

Ruta #5: [1, 9, 12, 27, 28, 37, 29, 14, 31, 22]
Costo asociado: 187.188      Capacidad: 94.0

--> Costo total: 973.2669999999999          Capacidad total: 475.0

La solución anterior duró 0min 0seg    -------> Nuevo optimo local. Costo: 973.267       ==> Optimo: 822.0  Desvio: 18.4%
Lista tabu: [((17,6,8.0),4), ((8,1,77.253),4), ((6,8,15.232),3), ((2,16,11.662),5), ((4,21,48.166),5), ((2,21,8.246),4), ((30,33,19.698),2), ((16,39,8.944),2), ((30,39,18.868),1), ((7,5,45.695),3), ((15,20,13.416),3), ((5,20,16.971),2), ((24,2,10.198),4), ((4,16,43.863),4), ((16,24,20.0),3), ((33,11,4.472),5), ((6,8,15.232),5), ((8,33,16.125),4), ((3,6,25.06),10), ((17,1,69.57),10), ((3,17,22.361),9), ((21,30,10.198),11), ((24,2,10.198),11), ((30,2,13.416),10)]

+-+-+-+-+-+-+-+-+-+-+-+-+-+-+-+-+-+-+-+-+-+-+-+-+- Iteracion 60  +-+-+-+-+-+-+-+-+-+-+-+-+-+-+-+-+-+-+-+-+-+-+-+-+-


Ruta #1: [1, 6, 17, 8, 3, 25, 18]
Costo asociado: 196.11700000000002      Capacidad: 99.0

Ruta #2: [1, 35, 38, 36, 23, 4, 16, 39, 10]
Costo asociado: 254.26999999999998      Capacidad: 98.0

Ruta #3: [1, 15, 20, 26, 19, 7, 5]
Costo asociado: 170.442      Capacidad: 95.0

Ruta #4: [1, 11, 33, 30, 24, 21, 2, 32, 13, 34]
Costo asociado: 161.624      Capacidad: 89.0

Ruta #5: [1, 9, 12, 27, 28, 37, 29, 14, 31, 22]
Costo asociado: 187.188      Capacidad: 94.0

--> Costo total: 969.641          Capacidad total: 475.0

La solución anterior duró 0min 0seg    -------> Nuevo optimo local. Costo: 969.641       ==> Optimo: 822.0  Desvio: 18.0%
Lista tabu: [((17,6,8.0),2), ((8,1,77.253),2), ((6,8,15.232),1), ((2,16,11.662),3), ((4,21,48.166),3), ((2,21,8.246),2), ((7,5,45.695),1), ((15,20,13.416),1), ((24,2,10.198),2), ((4,16,43.863),2), ((16,24,20.0),1), ((33,11,4.472),3), ((6,8,15.232),3), ((8,33,16.125),2), ((3,6,25.06),8), ((17,1,69.57),8), ((3,17,22.361),7), ((21,30,10.198),9), ((24,2,10.198),9), ((30,2,13.416),8), ((8,6,15.232),10), ((3,17,22.361),10), ((17,6,8.0),9), ((26,19,38.833),7), ((1,15,2.0),7), ((15,19,18.111),6)]

+-+-+-+-+-+-+-+-+-+-+-+-+-+-+-+-+-+-+-+-+-+-+-+-+- Iteracion 61  +-+-+-+-+-+-+-+-+-+-+-+-+-+-+-+-+-+-+-+-+-+-+-+-+-


Ruta #1: [1, 6, 17, 8, 3, 25, 18]
Costo asociado: 196.11700000000002      Capacidad: 99.0

Ruta #2: [1, 35, 38, 36, 23, 4, 16, 39, 10]
Costo asociado: 254.26999999999998      Capacidad: 98.0

Ruta #3: [1, 15, 20, 26, 19, 7, 5]
Costo asociado: 170.442      Capacidad: 95.0

Ruta #4: [1, 34, 13, 32, 2, 24, 21, 30, 33, 11]
Costo asociado: 159.214      Capacidad: 89.0

Ruta #5: [1, 9, 12, 27, 28, 37, 29, 14, 31, 22]
Costo asociado: 187.188      Capacidad: 94.0

--> Costo total: 967.2309999999999          Capacidad total: 475.0

La solución anterior duró 0min 0seg    -------> Nuevo optimo local. Costo: 967.231       ==> Optimo: 822.0  Desvio: 17.7%
Lista tabu: [((17,6,8.0),1), ((8,1,77.253),1), ((2,16,11.662),2), ((4,21,48.166),2), ((2,21,8.246),1), ((24,2,10.198),1), ((4,16,43.863),1), ((33,11,4.472),2), ((6,8,15.232),2), ((8,33,16.125),1), ((3,6,25.06),7), ((17,1,69.57),7), ((3,17,22.361),6), ((21,30,10.198),8), ((24,2,10.198),8), ((30,2,13.416),7), ((8,6,15.232),9), ((3,17,22.361),9), ((17,6,8.0),8), ((26,19,38.833),6), ((1,15,2.0),6), ((15,19,18.111),5), ((30,2,13.416),11), ((24,32,10.77),11), ((24,30,14.56),10)]

+-+-+-+-+-+-+-+-+-+-+-+-+-+-+-+-+-+-+-+-+-+-+-+-+- Iteracion 71  +-+-+-+-+-+-+-+-+-+-+-+-+-+-+-+-+-+-+-+-+-+-+-+-+-


Ruta #1: [1, 6, 17, 8, 3, 25, 18]
Costo asociado: 196.11700000000002      Capacidad: 99.0

Ruta #2: [1, 35, 38, 36, 23, 4, 16, 39, 10]
Costo asociado: 254.26999999999998      Capacidad: 98.0

Ruta #3: [1, 15, 20, 26, 32, 2, 24, 21, 30, 33, 11]
Costo asociado: 192.204      Capacidad: 100.0

Ruta #4: [1, 34, 13, 19, 7, 5]
Costo asociado: 130.60899999999998      Capacidad: 84.0

Ruta #5: [1, 9, 12, 27, 28, 37, 29, 14, 31, 22]
Costo asociado: 187.188      Capacidad: 94.0

--> Costo total: 960.388          Capacidad total: 475.0

La solución anterior duró 0min 0seg    -------> Nuevo optimo local. Costo: 960.388       ==> Optimo: 822.0  Desvio: 16.8%
Lista tabu: [((30,2,13.416),1), ((24,32,10.77),1), ((21,2,8.246),2), ((30,24,14.56),2), ((24,2,10.198),1), ((7,5,45.695),1), ((15,20,13.416),1), ((8,3,28.071),2), ((6,17,8.0),2), ((3,17,22.361),1), ((21,30,10.198),3), ((13,32,12.806),3), ((30,32,18.974),2), ((21,30,10.198),4), ((4,16,43.863),4), ((16,21,16.125),3), ((3,25,20.396),5), ((30,33,19.698),5), ((3,33,15.232),4), ((6,17,8.0),6), ((8,3,28.071),6), ((6,8,15.232),5), ((13,32,12.806),7), ((1,34,18.868),7), ((32,34,18.0),6)]

+-+-+-+-+-+-+-+-+-+-+-+-+-+-+-+-+-+-+-+-+-+-+-+-+- Iteracion 165  +-+-+-+-+-+-+-+-+-+-+-+-+-+-+-+-+-+-+-+-+-+-+-+-+-


Ruta #1: [1, 6, 17, 8, 3, 25, 18]
Costo asociado: 196.11700000000002      Capacidad: 99.0

Ruta #2: [1, 35, 38, 36, 23, 4, 16, 39, 10]
Costo asociado: 254.26999999999998      Capacidad: 98.0

Ruta #3: [1, 15, 20, 26, 32, 2, 24, 21, 30, 33, 11]
Costo asociado: 192.204      Capacidad: 100.0

Ruta #4: [1, 5, 34, 13, 19, 7]
Costo asociado: 130.547      Capacidad: 84.0

Ruta #5: [1, 9, 12, 27, 28, 37, 29, 14, 31, 22]
Costo asociado: 187.188      Capacidad: 94.0

--> Costo total: 960.326          Capacidad total: 475.0

La solución anterior duró 0min 0seg    -------> Nuevo optimo local. Costo: 960.326       ==> Optimo: 822.0  Desvio: 16.8%
Lista tabu: [((2,24,10.198),1), ((26,32,38.471),1), ((24,21,4.472),2), ((26,32,38.471),2), ((21,32,11.314),1), ((13,19,6.325),3), ((26,32,38.471),3), ((32,13,12.806),2), ((21,30,10.198),4), ((2,24,10.198),4), ((24,30,14.56),3), ((3,25,20.396),5), ((30,33,19.698),5), ((3,33,15.232),4), ((9,12,4.472),6), ((34,13,11.314),6), ((9,13,22.0),5), ((30,33,19.698),7), ((11,1,61.188),7), ((11,30,17.205),6)]

Ruta #1: [1, 6, 17, 8, 3, 25, 18]
Costo asociado: 196.11700000000002      Capacidad: 99.0

Ruta #2: [1, 35, 38, 36, 23, 4, 16, 39, 10]
Costo asociado: 254.26999999999998      Capacidad: 98.0

Ruta #3: [1, 15, 20, 26, 32, 2, 24, 21, 30, 33, 11]
Costo asociado: 192.204      Capacidad: 100.0

Ruta #4: [1, 34, 13, 19, 7, 5]
Costo asociado: 130.60899999999998      Capacidad: 84.0

Ruta #5: [1, 9, 12, 27, 28, 37, 29, 14, 31, 22]
Costo asociado: 187.188      Capacidad: 94.0

--> Costo total: 960.388          Capacidad total: 475.0

+-+-+-+-+-+-+-+-+-+-+-+-+-+-+-+-+-+-+-+-+-+-+-+-+- Iteracion 692  +-+-+-+-+-+-+-+-+-+-+-+-+-+-+-+-+-+-+-+-+-+-+-+-+-


Ruta #1: [1, 6, 17, 8, 3, 25, 18]
Costo asociado: 196.11700000000002      Capacidad: 99.0

Ruta #2: [1, 35, 38, 36, 23, 4, 16, 39, 10]
Costo asociado: 254.26999999999998      Capacidad: 98.0

Ruta #3: [1, 15, 20, 26, 32, 2, 24, 21, 30, 33, 11]
Costo asociado: 192.204      Capacidad: 100.0

Ruta #4: [1, 5, 34, 13, 19, 7]
Costo asociado: 130.547      Capacidad: 84.0

Ruta #5: [1, 9, 12, 27, 28, 37, 29, 14, 31, 22]
Costo asociado: 187.188      Capacidad: 94.0

--> Costo total: 960.326          Capacidad total: 475.0

+-+-+-+-+-+-+-+-+-+-+-+-+-+-+-+-+-+-+-+-+-+-+-+-+- Iteracion 692  +-+-+-+-+-+-+-+-+-+-+-+-+-+-+-+-+-+-+-+-+-+-+-+-+-

Solucion peor. Costo: 960.326
Lista tabu: [((1,15,2.0),1), ((20,26,22.091),1), ((21,30,10.198),2), ((2,24,10.198),2), ((24,30,14.56),1), ((3,25,20.396),3), ((30,33,19.698),3), ((3,33,15.232),2), ((32,2,6.0),4), ((13,19,6.325),4), ((19,32,18.439),3), ((19,7,44.407),5), ((32,2,6.0),5), ((2,19,22.804),4), ((2,24,10.198),6), ((26,32,38.471),6), ((24,32,10.77),5), ((6,17,8.0),7), ((8,3,28.071),7), ((6,8,15.232),6)]

Ruta #1: [1, 6, 17, 8, 3, 25, 18]
Costo asociado: 196.11700000000002      Capacidad: 99.0

Ruta #2: [1, 35, 38, 36, 23, 4, 16, 39, 10]
Costo asociado: 254.26999999999998      Capacidad: 98.0

Ruta #3: [1, 15, 20, 26, 19, 7, 5]
Costo asociado: 170.442      Capacidad: 95.0

Ruta #4: [1, 34, 13, 32, 2, 24, 21, 30, 33, 11]
Costo asociado: 159.214      Capacidad: 89.0

Ruta #5: [1, 9, 12, 27, 28, 37, 29, 14, 31, 22]
Costo asociado: 187.188      Capacidad: 94.0

--> Costo total: 967.2309999999999          Capacidad total: 475.0

+-+-+-+-+-+-+-+-+-+-+-+-+-+-+-+-+-+-+-+-+-+-+-+-+- Iteracion 1054  +-+-+-+-+-+-+-+-+-+-+-+-+-+-+-+-+-+-+-+-+-+-+-+-+-


Ruta #1: [1, 6, 17, 8, 3, 25, 18]
Costo asociado: 196.11700000000002      Capacidad: 99.0

Ruta #2: [1, 35, 38, 36, 23, 4, 16, 39, 10]
Costo asociado: 254.26999999999998      Capacidad: 98.0

Ruta #3: [1, 15, 20, 26, 32, 2, 24, 21, 30, 33, 11]
Costo asociado: 192.204      Capacidad: 100.0

Ruta #4: [1, 34, 13, 19, 7, 5]
Costo asociado: 130.60899999999998      Capacidad: 84.0

Ruta #5: [1, 9, 12, 27, 28, 37, 29, 14, 31, 22]
Costo asociado: 187.188      Capacidad: 94.0

--> Costo total: 960.388          Capacidad total: 475.0

+-+-+-+-+-+-+-+-+-+-+-+-+-+-+-+-+-+-+-+-+-+-+-+-+- Iteracion 1054  +-+-+-+-+-+-+-+-+-+-+-+-+-+-+-+-+-+-+-+-+-+-+-+-+-

Solucion peor. Costo: 960.388
Lista tabu: [((2,24,10.198),1), ((26,19,38.833),1), ((13,32,12.806),2), ((2,24,10.198),2), ((2,13,17.889),1), ((8,3,28.071),3), ((1,6,62.032),3), ((3,6,25.06),2), ((8,3,28.071),4), ((1,6,62.032),4), ((3,6,25.06),3), ((7,5,45.695),5), ((26,19,38.833),5), ((5,19,12.166),4), ((21,30,10.198),6), ((4,16,43.863),6), ((16,21,16.125),5), ((32,2,6.0),7), ((21,30,10.198),7), ((21,32,11.314),6)]

+-+-+-+-+-+-+-+-+-+-+-+-+-+-+-+-+-+-+-+-+-+-+-+-+- Iteracion 1060  +-+-+-+-+-+-+-+-+-+-+-+-+-+-+-+-+-+-+-+-+-+-+-+-+-


Ruta #1: [1, 6, 17, 8, 3, 25, 18]
Costo asociado: 196.11700000000002      Capacidad: 99.0

Ruta #2: [1, 35, 38, 36, 23, 4, 16, 39, 10]
Costo asociado: 254.26999999999998      Capacidad: 98.0

Ruta #3: [1, 15, 20, 26, 32, 2, 24, 21, 30, 33, 11]
Costo asociado: 192.204      Capacidad: 100.0

Ruta #4: [1, 5, 34, 13, 19, 7]
Costo asociado: 130.547      Capacidad: 84.0

Ruta #5: [1, 9, 12, 27, 28, 37, 29, 14, 31, 22]
