+-+-+-+-+-+-+-+-+-+-+-+-+-+-+ GRAFO CARGADO +-+-+-+-+-+-+-+-+-+-+-+-+-+-+-
        1         2         3         4         5         6         7         8         9         10        11        12        13        14        15        16        17        18        19        20        21        22        23        24        25        26        27        28        29        30        31        32        33        34        35        36        37        38
1     0         71.694    16.125    69.857    75.286    43.863    43.863    38.471    38.471    16.125    30.463    59.093    59.666    26.683    8.485    42.521    73.593    32.558    31.113    32.558    28.284    24.331    47.707    53.852    6.325    60.828    52.345    53.666    35.44    41.617    37.947    42.755    22.361    42.19    41.231    55.57    32.062    48.662    
2     71.694    0         80.994    12.166    21.541    84.853    34.059    84.214    56.036    63.246    41.231    93.68    16.125    90.0    79.624    111.517    25.06    84.853    44.407    42.426    86.371    48.374    92.779    50.596    76.026    28.844    26.077    92.195    56.321    32.249    34.0    59.666    87.864    58.31    34.059    58.822    87.727    61.351    
3     16.125    80.994    0         76.968    87.727    58.241    57.201    52.498    36.056    17.889    41.037    73.376    67.082    10.77    10.77    30.529    86.556    17.889    44.944    46.043    40.249    32.802    60.926    52.154    10.0    74.404    58.31    67.676    51.42    53.814    47.202    58.856    31.623    38.471    54.037    51.42    16.492    64.777    
4     69.857    12.166    76.968    0         33.526    89.286    38.626    87.864    48.083    59.093    40.2    99.539    10.198    85.088    77.201    107.331    36.77    78.409    46.39    44.407    88.091    45.607    97.015    40.249    73.376    38.21    18.868    97.406    60.729    34.928    32.249    65.391    88.204    49.679    37.363    48.332    81.609    68.0    
5     75.286    21.541    87.727    33.526    0         76.42    31.623    77.279    70.228    71.218    46.861    82.219    34.0    97.837    83.738    117.456    4.472    95.415    44.407    42.802    82.873    55.606    84.38    68.469    80.722    16.492    42.426    82.0    50.0    33.941    42.19    50.359    86.764    73.376    34.059    76.655    97.652    50.0    
6     43.863    84.853    58.241    89.286    76.42    0         50.99    6.0    77.897    57.689    53.852    15.232    80.324    67.082    47.539    72.691    72.691    75.895    43.863    45.695    20.1    55.317    8.0    90.686    48.703    60.133    77.82    10.0    28.636    54.406    60.828    26.077    30.067    82.219    51.923    94.763    74.726    27.203    
7     43.863    34.059    57.201    38.626    31.623    50.99    0         50.16    48.042    42.048    18.439    60.926    30.529    67.676    52.345    86.279    29.732    67.231    12.806    11.314    52.953    27.203    58.856    53.141    49.518    17.205    31.241    58.822    22.361    6.325    18.439    26.833    55.714    52.154    4.0    60.166    68.877    30.0    
8     38.471    84.214    52.498    87.864    77.279    6.0    50.16    0         73.539    52.802    50.99    20.881    78.588    61.188    41.761    66.753    73.756    70.228    41.761    43.681    14.142    51.614    10.0    86.833    43.081    60.828    75.392    15.232    28.0    52.953    58.31    27.203    24.083    77.795    50.636    90.554    68.964    29.53    
9     38.471    56.036    36.056    48.083    70.228    77.897    48.042    73.539    0         22.361    30.594    92.455    40.0    40.792    41.761    63.561    70.88    31.305    41.761    41.231    66.03    24.166    83.451    16.125    37.947    62.514    30.0    87.864    57.271    42.0    30.067    65.391    60.828    4.472    44.045    17.205    34.928    70.937    
10    16.125    63.246    17.889    59.093    71.218    57.689    42.048    52.802    22.361    0         24.413    72.719    49.193    26.907    20.1    48.374    70.456    25.298    31.048    31.623    44.045    15.62    62.482    37.947    16.125    59.059    40.497    67.676    42.19    37.736    29.732    50.359    38.471    26.077    38.471    39.446    26.833    56.321    
11    30.463    41.231    41.037    40.2    46.861    53.852    18.439    50.99    30.594    24.413    0         66.843    30.067    50.99    38.471    71.218    46.043    49.193    11.662    10.77    48.662    8.944    60.828    38.833    34.986    34.928    24.739    63.246    28.425    13.416    8.0    36.056    48.042    34.928    14.56    44.721    51.108    41.183    
12    59.093    93.68    73.376    99.539    82.219    15.232    60.926    20.881    92.455    72.719    66.843    0         91.236    82.0    62.642    86.093    78.102    91.082    56.036    57.689    34.234    69.311    14.142    104.652    63.906    66.753    89.889    6.0    39.446    65.299    73.239    34.176    44.181    96.83    62.61    109.124    89.844    32.558    
13    59.666    16.125    67.082    10.198    34.0    80.324    30.529    78.588    40.0    49.193    30.067    91.236    0         75.472    67.052    97.529    36.222    69.426    36.878    34.928    78.23    35.44    87.932    34.928    63.246    34.0    10.0    88.769    52.0    26.0    22.091    57.306    78.102    42.19    28.636    43.174    72.471    60.465    
14    26.683    90.0    10.77    85.088    97.837    67.082    67.676    61.188    40.792    26.907    50.99    82.0    75.472    0         20.0    22.804    96.83    13.416    55.57    56.604    48.083    42.426    68.964    56.321    20.396    84.876    66.242    76.158    62.097    64.031    56.639    69.426    38.626    42.19    64.405    54.037    10.0    75.313    
15    8.485    79.624    10.77    77.201    83.738    47.539    52.345    41.761    41.761    20.1    38.471    62.642    67.052    20.0    0         34.059    82.073    28.636    39.598    41.037    29.53    31.623    50.16    57.723    4.0    69.311    59.228    56.921    43.081    50.0    45.695    50.0    21.26    44.944    49.679    58.31    27.203    55.785    
16    42.521    111.517    30.529    107.331    117.456    72.691    86.279    66.753    63.561    48.374    71.218    86.093    97.529    22.804    34.059    0         115.966    34.0    73.593    74.967    52.612    63.246    72.028    78.918    36.77    103.325    88.566    80.1    76.158    83.546    77.666    82.292    42.755    64.777    83.451    76.105    30.0    87.727    
17    73.593    25.06    86.556    36.77    4.472    72.691    29.732    73.756    70.88    70.456    46.043    78.102    36.222    96.83    82.073    115.966    0         95.016    42.521    41.037    79.85    54.918    80.623    70.114    79.196    13.416    44.045    78.026    46.819    32.802    42.048    46.69    84.119    74.216    32.558    78.23    97.098    46.043    
18    32.558    84.853    17.889    78.409    95.415    75.895    67.231    70.228    31.305    25.298    49.193    91.082    69.426    13.416    28.636    34.0    95.016    0         56.321    56.921    58.138    40.249    78.791    45.607    27.203    84.095    59.666    85.44    66.121    62.61    53.254    74.027    49.396    31.623    63.561    42.19    4.0    80.025    
19    31.113    44.407    44.944    46.39    44.407    43.863    12.806    41.761    41.761    31.048    11.662    56.036    36.878    55.57    39.598    73.593    42.521    56.321    0         2.0    42.048    18.111    51.264    50.478    36.878    29.732    34.0    52.839    16.971    12.166    17.205    24.413    43.681    46.174    10.77    56.356    57.585    29.53    
20    32.558    42.426    46.043    44.407    42.802    45.695    11.314    43.681    41.231    31.623    10.77    57.689    34.928    56.604    41.037    74.967    41.037    56.921    2.0    0         44.045    18.0    53.141    49.396    38.21    28.425    32.249    54.589    18.439    10.198    15.62    25.612    45.607    45.607    8.944    55.462    58.31    30.529    
21    28.284    86.371    40.249    88.091    82.873    20.1    52.953    14.142    66.03    44.045    48.662    34.234    78.23    48.083    29.53    52.612    79.85    58.138    42.048    44.045    0         46.819    20.881    80.623    31.623    66.483    73.348    28.284    33.106    54.148    56.569    35.609    10.0    70.0    52.345    83.235    56.462    39.598    
22    24.331    48.374    32.802    45.607    55.606    55.317    27.203    51.614    24.166    15.62    8.944    69.311    35.44    42.426    31.623    63.246    54.918    40.249    18.111    18.0    46.819    0         61.612    35.384    27.857    43.863    28.071    65.115    33.106    22.361    14.422    41.231    44.407    28.636    23.409    40.0    42.19    46.819    
23    47.707    92.779    60.926    97.015    84.38    8.0    58.856    10.0    83.451    62.482    60.828    14.142    87.932    68.964    50.16    72.028    80.623    78.791    51.264    53.141    20.881    61.612    0         96.83    51.884    68.118    85.088    8.246    36.497    62.097    68.029    34.059    30.594    87.681    59.666    100.499    77.253    34.928    
24    53.852    50.596    52.154    40.249    68.469    90.686    53.141    86.833    16.125    37.947    38.833    104.652    34.928    56.321    57.723    78.918    70.114    45.607    50.478    49.396    80.623    35.384    96.83    0         53.852    64.498    26.077    100.499    67.201    46.819    34.928    74.887    76.158    14.142    49.396    8.246    49.477    79.925    
25    6.325    76.026    10.0    73.376    80.722    48.703    49.518    43.081    37.947    16.125    34.986    63.906    63.246    20.396    4.0    36.77    79.196    27.203    36.878    38.21    31.623    27.857    51.884    53.852    0         66.603    55.317    58.31    41.761    46.861    42.048    49.031    24.083    41.231    46.69    54.626    26.306    54.918    
26    60.828    28.844    74.404    38.21    16.492    60.133    17.205    60.828    62.514    59.059    34.928    66.753    34.0    84.876    69.311    103.325    13.416    84.095    29.732    28.425    66.483    43.863    68.118    64.498    66.603    0         39.294    66.121    33.526    21.541    32.558    34.059    70.711    66.272    20.591    72.25    85.884    34.234    
27    52.345    26.077    58.31    18.868    42.426    77.82    31.241    75.392    30.0    40.497    24.739    89.889    10.0    66.242    59.228    88.566    44.045    59.666    34.0    32.249    73.348    28.071    85.088    26.077    55.317    39.294    0         86.833    50.478    25.456    17.088    56.851    72.111    32.249    28.284    34.234    62.801    60.828    
28    53.666    92.195    67.676    97.406    82.0    10.0    58.822    15.232    87.864    67.676    63.246    6.0    88.769    76.158    56.921    80.1    78.026    85.44    52.839    54.589    28.284    65.115    8.246    100.499    58.31    66.121    86.833    0         36.77    62.769    69.971    32.558    38.21    92.195    60.166    104.69    84.119    32.0    
29    35.44    56.321    51.42    60.729    50.0    28.636    22.361    28.0    57.271    42.19    28.425    39.446    52.0    62.097    43.081    76.158    46.819    66.121    16.971    18.439    33.106    33.106    36.497    67.201    41.761    33.526    50.478    36.77    0         26.0    34.059    8.246    38.419    61.741    23.409    72.719    66.483    14.142    
30    41.617    32.249    53.814    34.928    33.941    54.406    6.325    52.953    42.0    37.736    13.416    65.299    26.0    64.031    50.0    83.546    32.802    62.61    12.166    10.198    54.148    22.361    62.097    46.819    46.861    21.541    25.456    62.769    26.0    0         12.166    31.623    55.785    46.043    2.828    53.852    64.498    35.384    
31    37.947    34.0    47.202    32.249    42.19    60.828    18.439    58.31    30.067    29.732    8.0    73.239    22.091    56.639    45.695    77.666    42.048    53.254    17.205    15.62    56.569    14.422    68.029    34.928    42.048    32.558    17.088    69.971    34.059    12.166    0         41.037    56.036    34.0    14.56    41.761    55.606    45.607    
32    42.755    59.666    58.856    65.391    50.359    26.077    26.833    27.203    65.391    50.359    36.056    34.176    57.306    69.426    50.0    82.292    46.69    74.027    24.413    25.612    35.609    41.231    34.059    74.887    49.031    34.059    56.851    32.558    8.246    31.623    41.037    0         42.521    69.857    28.844    80.623    74.243    6.0    
33    22.361    87.864    31.623    88.204    86.764    30.067    55.714    24.083    60.828    38.471    48.042    44.181    78.102    38.626    21.26    42.755    84.119    49.396    43.681    45.607    10.0    44.407    30.594    76.158    24.083    70.711    72.111    38.21    38.419    55.785    56.036    42.521    0         64.498    54.406    77.897    47.413    47.202    
34    42.19    58.31    38.471    49.679    73.376    82.219    52.154    77.795    4.472    26.077    34.928    96.83    42.19    42.19    44.944    64.777    74.216    31.623    46.174    45.607    70.0    28.636    87.681    14.142    41.231    66.272    32.249    92.195    61.741    46.043    34.0    69.857    64.498    0         48.166    13.416    35.44    75.392    
35    41.231    34.059    54.037    37.363    34.059    51.923    4.0    50.636    44.045    38.471    14.56    62.61    28.636    64.405    49.679    83.451    32.558    63.561    10.77    8.944    52.345    23.409    59.666    49.396    46.69    20.591    28.284    60.166    23.409    2.828    14.56    28.844    54.406    48.166    0         56.321    65.299    32.558    
36    55.57    58.822    51.42    48.332    76.655    94.763    60.166    90.554    17.205    39.446    44.721    109.124    43.174    54.037    58.31    76.105    78.23    42.19    56.356    55.462    83.235    40.0    100.499    8.246    54.626    72.25    34.234    104.69    72.719    53.852    41.761    80.623    77.897    13.416    56.321    0         46.174    85.884    
37    32.062    87.727    16.492    81.609    97.652    74.726    68.877    68.964    34.928    26.833    51.108    89.844    72.471    10.0    27.203    30.0    97.098    4.0    57.585    58.31    56.462    42.19    77.253    49.477    26.306    85.884    62.801    84.119    66.483    64.498    55.606    74.243    47.413    35.44    65.299    46.174    0         80.225    
38    48.662    61.351    64.777    68.0    50.0    27.203    30.0    29.53    70.937    56.321    41.183    32.558    60.465    75.313    55.785    87.727    46.043    80.025    29.53    30.529    39.598    46.819    34.928    79.925    54.918    34.234    60.828    32.0    14.142    35.384    45.607    6.0    47.202    75.392    32.558    85.884    80.225    0         


Demandas:
1: 0.0
2: 12.0
3: 5.0
4: 8.0
5: 12.0
6: 18.0
7: 12.0
8: 11.0
9: 19.0
10: 23.0
11: 8.0
12: 25.0
13: 1.0
14: 5.0
15: 17.0
16: 13.0
17: 9.0
18: 13.0
19: 19.0
20: 5.0
21: 26.0
22: 9.0
23: 20.0
24: 21.0
25: 8.0
26: 12.0
27: 13.0
28: 12.0
29: 4.0
30: 19.0
31: 25.0
32: 7.0
33: 3.0
34: 2.0
35: 24.0
36: 13.0
37: 14.0
38: 14.0
+-+-+-+-+-+-+-+-+-+-+-+-+-+-+-+ SOLUCION INICIAL +-+-+-+-+-+-+-+-+-+-+-+-+-+-+-+-

Ruta #1: [1, 25, 15, 3, 14, 37, 18, 10, 22, 20]
Costo asociado: 137.341      Capacidad: 99.0

Ruta #2: [1, 33, 21, 8, 6, 23, 28, 32]
Costo asociado: 144.06199999999998      Capacidad: 97.0

Ruta #3: [1, 11, 31, 30, 35, 7, 26]
Costo asociado: 135.49      Capacidad: 100.0

Ruta #4: [1, 19, 29, 38, 12, 17, 5, 2, 13, 34]
Costo asociado: 299.404      Capacidad: 98.0

Ruta #5: [1, 9, 24, 36, 27, 4, 16]
Costo asociado: 265.796      Capacidad: 87.0

--> Costo total: 982.0930000000001          Capacidad total: 481.0

+-+-+-+-+-+-+-+-+-+-+-+-+-+-+-+-+-+-+-+-+-+- Iteracion 37  +-+-+-+-+-+-+-+-+-+-+-+-+-+-+-+-+-+-+-+-+-+-


Ruta #1: [1, 25, 15, 3, 14, 37, 18, 10, 22, 20]
Costo asociado: 137.341      Capacidad: 99.0

Ruta #2: [1, 33, 21, 8, 6, 23, 28, 32]
Costo asociado: 144.06199999999998      Capacidad: 97.0

Ruta #3: [1, 11, 31, 30, 35, 7, 26]
Costo asociado: 135.49      Capacidad: 100.0

Ruta #4: [1, 19, 29, 38, 12, 17, 5, 2, 13, 34]
Costo asociado: 299.404      Capacidad: 98.0

Ruta #5: [1, 9, 24, 36, 27, 4, 16]
Costo asociado: 265.796      Capacidad: 87.0

--> Costo total: 975.0160000000001          Capacidad total: 481.0

+-+-+-+-+-+-+-+-+-+-+-+-+-+-+-+-+-+-+-+-+-+- Iteracion 37  +-+-+-+-+-+-+-+-+-+-+-+-+-+-+-+-+-+-+-+-+-+-

La solución anterior duró 0min 0seg    -------> Nuevo optimo local. Costo: 975.0160000000001       ==> Optimo: 730.0  Desvio: 33.6%
Lista tabu: [((15,3,10.77),1), ((14,37,10.0),1), ((15,3,10.77),2), ((10,22,15.62),2), ((10,15,20.1),1), ((8,6,6.0),3), ((23,28,8.246),3), ((8,23,10.0),2), ((21,8,14.142),4), ((23,28,8.246),4), ((21,23,20.881),3), ((3,14,10.77),5), ((18,10,25.298),5), ((3,18,17.889),4), ((3,14,10.77),6), ((18,10,25.298),6), ((3,18,17.889),5), ((31,30,12.166),7), ((35,7,4.0),7), ((31,35,14.56),6)]

+-+-+-+-+-+-+-+-+-+-+-+-+-+-+-+-+-+-+-+-+-+- Iteracion 48  +-+-+-+-+-+-+-+-+-+-+-+-+-+-+-+-+-+-+-+-+-+-


Ruta #1: [1, 25, 15, 3, 14, 37, 18, 10, 22, 20]
Costo asociado: 137.341      Capacidad: 99.0

Ruta #2: [1, 33, 21, 8, 6, 23, 28, 32]
Costo asociado: 144.06199999999998      Capacidad: 97.0

Ruta #3: [1, 11, 31, 30, 35, 7, 26]
Costo asociado: 135.49      Capacidad: 100.0

Ruta #4: [1, 19, 29, 38, 12, 17, 5, 2, 13, 34]
Costo asociado: 299.404      Capacidad: 98.0

Ruta #5: [1, 9, 36, 24, 27, 4, 16]
Costo asociado: 258.719      Capacidad: 87.0

--> Costo total: 974.1320000000001          Capacidad total: 481.0

+-+-+-+-+-+-+-+-+-+-+-+-+-+-+-+-+-+-+-+-+-+- Iteracion 48  +-+-+-+-+-+-+-+-+-+-+-+-+-+-+-+-+-+-+-+-+-+-

La solución anterior duró 0min 0seg    -------> Nuevo optimo local. Costo: 974.1320000000001       ==> Optimo: 730.0  Desvio: 33.4%
Lista tabu: [((9,24,16.125),1), ((36,27,34.234),1), ((11,31,8.0),1), ((7,26,17.205),1), ((25,15,4.0),2), ((10,22,15.62),2), ((10,25,16.125),1), ((25,15,4.0),3), ((14,37,10.0),3), ((14,25,20.396),2), ((1,25,6.325),4), ((15,3,10.77),4), ((1,15,8.485),3), ((3,14,10.77),5), ((37,18,4.0),5), ((3,37,16.492),4), ((3,14,10.77),6), ((37,18,4.0),6), ((3,37,16.492),5), ((9,36,17.205),7), ((24,27,26.077),7), ((9,24,16.125),6)]

+-+-+-+-+-+-+-+-+-+-+-+-+-+-+-+-+-+-+-+-+-+- Iteracion 122  +-+-+-+-+-+-+-+-+-+-+-+-+-+-+-+-+-+-+-+-+-+-


Ruta #1: [1, 25, 15, 3, 14, 37, 18, 10, 22, 20]
Costo asociado: 137.341      Capacidad: 99.0

Ruta #2: [1, 33, 21, 8, 6, 23, 28, 32]
Costo asociado: 144.06199999999998      Capacidad: 97.0

Ruta #3: [1, 11, 31, 30, 26, 7, 35]
Costo asociado: 134.606      Capacidad: 100.0

Ruta #4: [1, 19, 29, 38, 12, 17, 5, 2, 13, 34]
Costo asociado: 299.404      Capacidad: 98.0

Ruta #5: [1, 9, 36, 24, 27, 4, 16]
Costo asociado: 258.719      Capacidad: 87.0

--> Costo total: 970.415          Capacidad total: 481.0

+-+-+-+-+-+-+-+-+-+-+-+-+-+-+-+-+-+-+-+-+-+- Iteracion 122  +-+-+-+-+-+-+-+-+-+-+-+-+-+-+-+-+-+-+-+-+-+-

La solución anterior duró 0min 1seg    -------> Nuevo optimo local. Costo: 970.415       ==> Optimo: 730.0  Desvio: 32.9%
Lista tabu: [((31,30,12.166),1), ((35,1,41.231),1), ((7,35,4.0),1), ((30,26,21.541),2), ((7,35,4.0),2), ((7,30,6.325),1), ((8,6,6.0),3), ((28,32,32.558),3), ((23,28,8.246),3), ((8,28,15.232),2), ((14,37,10.0),4), ((18,10,25.298),4), ((14,18,13.416),3), ((3,14,10.77),5), ((37,18,4.0),5), ((3,37,16.492),4), ((15,3,10.77),6), ((10,22,15.62),6), ((18,10,25.298),6), ((10,15,20.1),5), ((3,14,10.77),7), ((10,22,15.62),7), ((18,10,25.298),7), ((3,10,17.889),6)]

+-+-+-+-+-+-+-+-+-+-+-+-+-+-+-+-+-+-+-+-+-+- Iteracion 151  +-+-+-+-+-+-+-+-+-+-+-+-+-+-+-+-+-+-+-+-+-+-


Ruta #1: [1, 25, 15, 3, 37, 18, 10, 22, 20]
Costo asociado: 133.06300000000002      Capacidad: 94.0

Ruta #2: [1, 33, 21, 8, 6, 23, 28, 32]
Costo asociado: 144.06199999999998      Capacidad: 97.0

Ruta #3: [1, 11, 31, 30, 26, 7, 35]
Costo asociado: 134.606      Capacidad: 100.0

Ruta #4: [1, 19, 29, 38, 12, 17, 5, 2, 13, 34]
Costo asociado: 299.404      Capacidad: 98.0

Ruta #5: [1, 9, 36, 24, 27, 4, 14, 16]
Costo asociado: 259.28      Capacidad: 92.0

--> Costo total: 946.384          Capacidad total: 481.0

+-+-+-+-+-+-+-+-+-+-+-+-+-+-+-+-+-+-+-+-+-+- Iteracion 151  +-+-+-+-+-+-+-+-+-+-+-+-+-+-+-+-+-+-+-+-+-+-

La solución anterior duró 0min 0seg    -------> Nuevo optimo local. Costo: 946.384       ==> Optimo: 730.0  Desvio: 29.599999999999998%
Lista tabu: [((15,3,10.77),1), ((3,37,16.492),1), ((4,14,85.088),1), ((3,37,16.492),2), ((10,22,15.62),2), ((18,10,25.298),2), ((3,10,17.889),1), ((25,15,4.0),3), ((3,37,16.492),3), ((3,25,10.0),2), ((25,15,4.0),4), ((3,37,16.492),4), ((3,25,10.0),3), ((1,25,6.325),5), ((3,37,16.492),5), ((15,3,10.77),5), ((1,3,16.125),4), ((15,3,10.77),6), ((10,22,15.62),6), ((18,10,25.298),6), ((10,15,20.1),5), ((4,14,85.088),7), ((14,16,22.804),7), ((3,37,16.492),7), ((14,37,10.0),6)]

+-+-+-+-+-+-+-+-+-+-+-+-+-+-+-+-+-+-+-+-+-+- Iteracion 242  +-+-+-+-+-+-+-+-+-+-+-+-+-+-+-+-+-+-+-+-+-+-


Ruta #1: [1, 25, 15, 3, 37, 18, 10, 22, 20]
Costo asociado: 133.06300000000002      Capacidad: 94.0

Ruta #2: [1, 33, 21, 8, 6, 23, 28, 32]
Costo asociado: 144.06199999999998      Capacidad: 97.0

Ruta #3: [1, 11, 31, 30, 26, 7, 35]
Costo asociado: 134.606      Capacidad: 100.0

Ruta #4: [1, 19, 29, 38, 12, 17, 5, 2, 13]
Costo asociado: 274.69      Capacidad: 96.0

Ruta #5: [1, 9, 34, 36, 24, 27, 4, 14, 16]
Costo asociado: 259.96299999999997      Capacidad: 94.0

--> Costo total: 942.578          Capacidad total: 481.0

+-+-+-+-+-+-+-+-+-+-+-+-+-+-+-+-+-+-+-+-+-+- Iteracion 242  +-+-+-+-+-+-+-+-+-+-+-+-+-+-+-+-+-+-+-+-+-+-

La solución anterior duró 0min 1seg    -------> Nuevo optimo local. Costo: 942.578       ==> Optimo: 730.0  Desvio: 29.099999999999998%
Lista tabu: [((31,30,12.166),1), ((30,26,21.541),1), ((7,35,4.0),1), ((35,1,41.231),1), ((15,3,10.77),2), ((3,37,16.492),2), ((18,10,25.298),2), ((10,22,15.62),2), ((10,15,20.1),1), ((25,15,4.0),3), ((3,37,16.492),3), ((3,25,10.0),2), ((1,25,6.325),4), ((25,15,4.0),4), ((18,10,25.298),4), ((10,22,15.62),4), ((1,10,16.125),3), ((12,17,78.102),5), ((17,5,4.472),5), ((23,28,8.246),5), ((28,32,32.558),5), ((12,28,6.0),4), ((26,7,17.205),6), ((35,1,41.231),6), ((26,35,20.591),5), ((15,3,10.77),7), ((3,37,16.492),7), ((18,10,25.298),7), ((10,22,15.62),7), ((10,15,20.1),6)]

+-+-+-+-+-+-+-+-+-+-+-+-+-+-+-+-+-+-+-+-+-+- Iteracion 370  +-+-+-+-+-+-+-+-+-+-+-+-+-+-+-+-+-+-+-+-+-+-


Ruta #1: [1, 25, 15, 3, 37, 18, 10, 22, 20]
Costo asociado: 133.06300000000002      Capacidad: 94.0

Ruta #2: [1, 32, 38, 23, 6, 8, 21, 33]
Costo asociado: 144.18599999999998      Capacidad: 99.0

Ruta #3: [1, 11, 31, 30, 26, 7, 35]
Costo asociado: 134.606      Capacidad: 100.0

Ruta #4: [1, 19, 29, 28, 12, 17, 5, 2, 13]
Costo asociado: 270.76      Capacidad: 94.0

Ruta #5: [1, 9, 34, 36, 24, 27, 4, 14, 16]
Costo asociado: 259.96299999999997      Capacidad: 94.0

--> Costo total: 919.819          Capacidad total: 481.0

+-+-+-+-+-+-+-+-+-+-+-+-+-+-+-+-+-+-+-+-+-+- Iteracion 370  +-+-+-+-+-+-+-+-+-+-+-+-+-+-+-+-+-+-+-+-+-+-

La solución anterior duró 0min 1seg    -------> Nuevo optimo local. Costo: 919.819       ==> Optimo: 730.0  Desvio: 26.0%
Lista tabu: [((15,3,10.77),1), ((3,37,16.492),1), ((4,14,85.088),1), ((15,3,10.77),2), ((10,22,15.62),2), ((18,10,25.298),2), ((10,15,20.1),1), ((4,14,85.088),3), ((14,16,22.804),3), ((37,18,4.0),3), ((14,18,13.416),2), ((23,6,8.0),4), ((8,21,14.142),4), ((8,23,10.0),3), ((25,15,4.0),5), ((3,37,16.492),5), ((3,25,10.0),4), ((4,14,85.088),6), ((14,16,22.804),6), ((25,15,4.0),6), ((14,15,20.0),5), ((1,25,6.325),7), ((15,3,10.77),7), ((1,15,8.485),6)]

Ruta #1: [1, 25, 15, 3, 37, 18, 10, 22]
Costo asociado: 106.83600000000001      Capacidad: 89.0

Ruta #2: [1, 32, 38, 23, 6, 8, 21, 33]
Costo asociado: 144.18599999999998      Capacidad: 99.0

Ruta #3: [1, 11, 31, 30, 26, 7, 35]
Costo asociado: 134.606      Capacidad: 100.0

Ruta #4: [1, 19, 20, 29, 28, 12, 17, 5, 2, 13]
Costo asociado: 274.228      Capacidad: 99.0

Ruta #5: [1, 9, 34, 36, 24, 27, 4, 14, 16]
Costo asociado: 259.96299999999997      Capacidad: 94.0

--> Costo total: 942.578          Capacidad total: 481.0

+-+-+-+-+-+-+-+-+-+-+-+-+-+-+-+-+-+-+-+-+-+- Iteracion 842  +-+-+-+-+-+-+-+-+-+-+-+-+-+-+-+-+-+-+-+-+-+-


Ruta #1: [1, 25, 15, 3, 37, 18, 10, 22]
Costo asociado: 106.83600000000001      Capacidad: 89.0

Ruta #2: [1, 32, 38, 23, 6, 8, 21, 33]
Costo asociado: 144.18599999999998      Capacidad: 99.0

Ruta #3: [1, 11, 31, 30, 26, 7, 35]
Costo asociado: 134.606      Capacidad: 100.0

Ruta #4: [1, 19, 20, 29, 28, 12, 17, 5, 2, 13]
Costo asociado: 274.228      Capacidad: 99.0

Ruta #5: [1, 9, 34, 36, 24, 27, 4, 14, 16]
Costo asociado: 259.96299999999997      Capacidad: 94.0

--> Costo total: 919.819          Capacidad total: 481.0

+-+-+-+-+-+-+-+-+-+-+-+-+-+-+-+-+-+-+-+-+-+- Iteracion 842  +-+-+-+-+-+-+-+-+-+-+-+-+-+-+-+-+-+-+-+-+-+-

Nuevo optimo. Costo: 919.819
Lista tabu: [((26,7,17.205),1), ((35,1,41.231),1), ((1,25,6.325),2), ((15,3,10.77),2), ((1,15,8.485),1), ((9,34,4.472),3), ((24,27,26.077),3), ((36,24,8.246),3), ((9,24,16.125),2), ((3,37,16.492),4), ((18,10,25.298),4), ((3,18,17.889),3), ((26,7,17.205),5), ((35,1,41.231),5), ((26,35,20.591),4), ((26,7,17.205),6), ((35,1,41.231),6), ((26,35,20.591),5), ((2,13,16.125),7), ((13,1,59.666),7), ((24,27,26.077),7), ((13,27,10.0),6)]

Ruta #1: [1, 25, 15, 3, 37, 18, 10, 22]
Costo asociado: 106.83600000000001      Capacidad: 89.0

Ruta #2: [1, 32, 38, 23, 6, 8, 21, 33]
Costo asociado: 144.18599999999998      Capacidad: 99.0

Ruta #3: [1, 11, 31, 30, 26, 7, 35]
Costo asociado: 134.606      Capacidad: 100.0

Ruta #4: [1, 19, 20, 29, 28, 12, 17, 5, 2, 13]
Costo asociado: 274.228      Capacidad: 99.0

Ruta #5: [1, 9, 34, 36, 24, 27, 4, 14, 16]
Costo asociado: 259.96299999999997      Capacidad: 94.0

--> Costo total: 970.415          Capacidad total: 481.0

+-+-+-+-+-+-+-+-+-+-+-+-+-+-+-+-+-+-+-+-+-+- Iteracion 1143  +-+-+-+-+-+-+-+-+-+-+-+-+-+-+-+-+-+-+-+-+-+-


Ruta #1: [1, 25, 15, 3, 37, 18, 10, 22]
Costo asociado: 106.83600000000001      Capacidad: 89.0

Ruta #2: [1, 32, 38, 23, 6, 8, 21, 33]
Costo asociado: 144.18599999999998      Capacidad: 99.0

Ruta #3: [1, 11, 31, 30, 26, 7, 35]
Costo asociado: 134.606      Capacidad: 100.0

Ruta #4: [1, 19, 20, 29, 28, 12, 17, 5, 2, 13]
Costo asociado: 274.228      Capacidad: 99.0

Ruta #5: [1, 9, 34, 36, 24, 27, 4, 14, 16]
Costo asociado: 259.96299999999997      Capacidad: 94.0

--> Costo total: 946.384          Capacidad total: 481.0

+-+-+-+-+-+-+-+-+-+-+-+-+-+-+-+-+-+-+-+-+-+- Iteracion 1143  +-+-+-+-+-+-+-+-+-+-+-+-+-+-+-+-+-+-+-+-+-+-

Nuevo optimo. Costo: 946.384
Lista tabu: [((8,6,6.0),1), ((23,28,8.246),1), ((30,26,21.541),2), ((7,35,4.0),2), ((7,30,6.325),1), ((3,37,16.492),3), ((10,22,15.62),3), ((3,10,17.889),2), ((11,31,8.0),4), ((30,26,21.541),4), ((11,30,13.416),3), ((11,31,8.0),5), ((35,1,41.231),5), ((11,35,14.56),4), ((31,30,12.166),6), ((35,1,41.231),6), ((31,35,14.56),5), ((30,26,21.541),7), ((35,1,41.231),7), ((7,35,4.0),7), ((30,35,2.828),6)]

+-+-+-+-+-+-+-+-+-+-+-+-+-+-+-+-+-+-+-+-+-+- Iteracion 1230  +-+-+-+-+-+-+-+-+-+-+-+-+-+-+-+-+-+-+-+-+-+-


Ruta #1: [1, 25, 15, 3, 37, 18, 10, 22]
Costo asociado: 106.83600000000001      Capacidad: 89.0

Ruta #2: [1, 32, 38, 23, 6, 8, 21, 33]
Costo asociado: 144.18599999999998      Capacidad: 99.0

Ruta #3: [1, 11, 31, 30, 26, 7, 35]
Costo asociado: 134.606      Capacidad: 100.0

Ruta #4: [1, 19, 20, 29, 28, 12, 17, 5, 2, 13]
Costo asociado: 274.228      Capacidad: 99.0

Ruta #5: [1, 9, 34, 36, 24, 27, 4, 14, 16]
Costo asociado: 259.96299999999997      Capacidad: 94.0

--> Costo total: 942.578          Capacidad total: 481.0

+-+-+-+-+-+-+-+-+-+-+-+-+-+-+-+-+-+-+-+-+-+- Iteracion 1230  +-+-+-+-+-+-+-+-+-+-+-+-+-+-+-+-+-+-+-+-+-+-

Nuevo optimo. Costo: 942.578
Lista tabu: [((11,31,8.0),1), ((31,30,12.166),1), ((7,35,4.0),1), ((35,1,41.231),1), ((30,26,21.541),2), ((7,35,4.0),2), ((7,30,6.325),1), ((25,15,4.0),3), ((3,37,16.492),3), ((3,25,10.0),2), ((12,17,78.102),4), ((17,5,4.472),4), ((23,28,8.246),4), ((28,32,32.558),4), ((12,28,6.0),3), ((14,16,22.804),5), ((16,1,42.521),5), ((3,37,16.492),5), ((37,18,4.0),5), ((14,37,10.0),4), ((17,5,4.472),6), ((5,2,21.541),6), ((30,26,21.541),6), ((26,7,17.205),6), ((17,26,13.416),5), ((30,26,21.541),7), ((7,35,4.0),7), ((7,30,6.325),6)]

Ruta #1: [1, 25, 15, 3, 37, 18, 10, 22]
Costo asociado: 106.83600000000001      Capacidad: 89.0

Ruta #2: [1, 32, 38, 23, 6, 8, 21, 33]
Costo asociado: 144.18599999999998      Capacidad: 99.0

Ruta #3: [1, 11, 31, 30, 26, 7, 35]
Costo asociado: 134.606      Capacidad: 100.0

Ruta #4: [1, 19, 20, 29, 28, 12, 17, 5, 2, 13]
Costo asociado: 274.228      Capacidad: 99.0

Ruta #5: [1, 9, 34, 36, 24, 27, 4, 14, 16]
Costo asociado: 259.96299999999997      Capacidad: 94.0

--> Costo total: 943.462          Capacidad total: 481.0

+-+-+-+-+-+-+-+-+-+-+-+-+-+-+-+-+-+-+-+-+-+- Iteracion 1441  +-+-+-+-+-+-+-+-+-+-+-+-+-+-+-+-+-+-+-+-+-+-


Ruta #1: [1, 25, 15, 3, 37, 18, 10, 22]
Costo asociado: 106.83600000000001      Capacidad: 89.0

Ruta #2: [1, 32, 38, 23, 6, 8, 21, 33]
Costo asociado: 144.18599999999998      Capacidad: 99.0

Ruta #3: [1, 11, 31, 30, 26, 7, 35]
Costo asociado: 134.606      Capacidad: 100.0

Ruta #4: [1, 19, 20, 29, 28, 12, 17, 5, 2, 13]
Costo asociado: 274.228      Capacidad: 99.0

Ruta #5: [1, 9, 34, 36, 24, 27, 4, 14, 16]
Costo asociado: 259.96299999999997      Capacidad: 94.0

--> Costo total: 943.088          Capacidad total: 481.0

+-+-+-+-+-+-+-+-+-+-+-+-+-+-+-+-+-+-+-+-+-+- Iteracion 1441  +-+-+-+-+-+-+-+-+-+-+-+-+-+-+-+-+-+-+-+-+-+-

Nuevo optimo. Costo: 943.088
Lista tabu: [((6,8,6.0),1), ((21,33,10.0),1), ((1,25,6.325),2), ((10,22,15.62),2), ((1,10,16.125),1), ((3,37,16.492),3), ((10,22,15.62),3), ((3,10,17.889),2), ((34,36,13.416),4), ((24,27,26.077),4), ((24,34,14.142),3), ((6,8,6.0),5), ((21,33,10.0),5), ((6,21,20.1),4), ((30,35,2.828),6), ((7,26,17.205),6), ((7,30,6.325),5), ((31,30,12.166),7), ((7,26,17.205),7), ((7,31,18.439),6)]

+-+-+-+-+-+-+-+-+-+-+-+-+-+-+-+-+-+-+-+-+-+- Iteracion 1497  +-+-+-+-+-+-+-+-+-+-+-+-+-+-+-+-+-+-+-+-+-+-


Ruta #1: [1, 25, 15, 3, 37, 18, 10, 22]
Costo asociado: 106.83600000000001      Capacidad: 89.0

Ruta #2: [1, 32, 38, 23, 6, 8, 21, 33]
Costo asociado: 144.18599999999998      Capacidad: 99.0

Ruta #3: [1, 11, 31, 30, 26, 7, 35]
Costo asociado: 134.606      Capacidad: 100.0

Ruta #4: [1, 19, 20, 29, 28, 12, 17, 5, 2, 13]
Costo asociado: 274.228      Capacidad: 99.0

Ruta #5: [1, 9, 34, 36, 24, 27, 4, 14, 16]
Costo asociado: 259.96299999999997      Capacidad: 94.0

--> Costo total: 920.329          Capacidad total: 481.0

+-+-+-+-+-+-+-+-+-+-+-+-+-+-+-+-+-+-+-+-+-+- Iteracion 1497  +-+-+-+-+-+-+-+-+-+-+-+-+-+-+-+-+-+-+-+-+-+-

Nuevo optimo. Costo: 920.329
Lista tabu: [((31,30,12.166),1), ((7,1,43.863),1), ((34,36,13.416),2), ((24,27,26.077),2), ((24,34,14.142),1), ((1,25,6.325),3), ((15,3,10.77),3), ((1,15,8.485),2), ((11,31,8.0),4), ((35,26,20.591),4), ((30,35,2.828),4), ((11,35,14.56),3), ((6,8,6.0),5), ((21,33,10.0),5), ((6,21,20.1),4), ((30,35,2.828),6), ((7,1,43.863),6), ((26,7,17.205),6), ((7,30,6.325),5), ((4,14,85.088),7), ((14,16,22.804),7), ((37,18,4.0),7), ((14,18,13.416),6)]

Ruta #1: [1, 25, 15, 3, 37, 18, 10, 22]
Costo asociado: 106.83600000000001      Capacidad: 89.0

Ruta #2: [1, 32, 38, 23, 6, 8, 21, 33]
Costo asociado: 144.18599999999998      Capacidad: 99.0

Ruta #3: [1, 11, 31, 30, 26, 7, 35]
Costo asociado: 134.606      Capacidad: 100.0

Ruta #4: [1, 19, 20, 29, 28, 12, 17, 5, 2, 13]
Costo asociado: 274.228      Capacidad: 99.0

Ruta #5: [1, 9, 34, 36, 24, 27, 4, 14, 16]
Costo asociado: 259.96299999999997      Capacidad: 94.0

--> Costo total: 923.261          Capacidad total: 481.0

+-+-+-+-+-+-+-+-+-+-+-+-+-+-+-+-+-+-+-+-+-+- Iteracion 1712  +-+-+-+-+-+-+-+-+-+-+-+-+-+-+-+-+-+-+-+-+-+-


Ruta #1: [1, 25, 15, 3, 37, 18, 10, 22]
Costo asociado: 106.83600000000001      Capacidad: 89.0

Ruta #2: [1, 32, 38, 23, 6, 8, 21, 33]
Costo asociado: 144.18599999999998      Capacidad: 99.0

Ruta #3: [1, 11, 31, 30, 26, 7, 35]
Costo asociado: 134.606      Capacidad: 100.0

Ruta #4: [1, 19, 20, 29, 28, 12, 17, 5, 2, 13]
Costo asociado: 274.228      Capacidad: 99.0

Ruta #5: [1, 9, 34, 36, 24, 27, 4, 14, 16]
Costo asociado: 259.96299999999997      Capacidad: 94.0

--> Costo total: 920.329          Capacidad total: 481.0

+-+-+-+-+-+-+-+-+-+-+-+-+-+-+-+-+-+-+-+-+-+- Iteracion 1712  +-+-+-+-+-+-+-+-+-+-+-+-+-+-+-+-+-+-+-+-+-+-

Nuevo optimo. Costo: 920.329
Lista tabu: [((1,25,6.325),1), ((15,3,10.77),1), ((11,31,8.0),2), ((35,26,20.591),2), ((11,35,14.56),1), ((35,26,20.591),3), ((7,1,43.863),3), ((7,35,4.0),2), ((17,5,4.472),4), ((5,2,21.541),4), ((35,26,20.591),4), ((26,7,17.205),4), ((17,26,13.416),3), ((22,10,15.62),5), ((10,37,26.833),5), ((11,31,8.0),5), ((31,30,12.166),5), ((22,31,14.422),4), ((19,20,2.0),6), ((29,28,36.77),6), ((19,29,16.971),5), ((6,8,6.0),7), ((8,21,14.142),7), ((29,28,36.77),7), ((28,12,6.0),7), ((6,28,10.0),6)]

Ruta #1: [1, 25, 15, 3, 37, 18, 10, 22]
Costo asociado: 106.83600000000001      Capacidad: 89.0

Ruta #2: [1, 32, 38, 23, 6, 8, 21, 33]
Costo asociado: 144.18599999999998      Capacidad: 99.0

Ruta #3: [1, 11, 31, 30, 26, 7, 35]
Costo asociado: 134.606      Capacidad: 100.0

Ruta #4: [1, 19, 20, 29, 28, 12, 17, 5, 2, 13]
Costo asociado: 274.228      Capacidad: 99.0

Ruta #5: [1, 9, 34, 36, 24, 27, 4, 14, 16]
Costo asociado: 259.96299999999997      Capacidad: 94.0

--> Costo total: 942.366          Capacidad total: 481.0

+-+-+-+-+-+-+-+-+-+-+-+-+-+-+-+-+-+-+-+-+-+- Iteracion 1924  +-+-+-+-+-+-+-+-+-+-+-+-+-+-+-+-+-+-+-+-+-+-


Ruta #1: [1, 25, 15, 3, 37, 18, 10, 22]
Costo asociado: 106.83600000000001      Capacidad: 89.0

Ruta #2: [1, 32, 38, 23, 6, 8, 21, 33]
Costo asociado: 144.18599999999998      Capacidad: 99.0

Ruta #3: [1, 11, 31, 30, 26, 7, 35]
Costo asociado: 134.606      Capacidad: 100.0

Ruta #4: [1, 19, 20, 29, 28, 12, 17, 5, 2, 13]
Costo asociado: 274.228      Capacidad: 99.0

Ruta #5: [1, 9, 34, 36, 24, 27, 4, 14, 16]
Costo asociado: 259.96299999999997      Capacidad: 94.0

--> Costo total: 940.915          Capacidad total: 481.0

+-+-+-+-+-+-+-+-+-+-+-+-+-+-+-+-+-+-+-+-+-+- Iteracion 1924  +-+-+-+-+-+-+-+-+-+-+-+-+-+-+-+-+-+-+-+-+-+-

Nuevo optimo. Costo: 940.915
Lista tabu: [((9,34,4.472),1), ((36,24,8.246),1), ((10,18,25.298),2), ((25,22,27.857),2), ((10,25,16.125),1), ((23,6,8.0),3), ((8,21,14.142),3), ((8,23,10.0),2), ((35,26,20.591),4), ((7,1,43.863),4), ((7,35,4.0),3), ((23,6,8.0),5), ((21,33,10.0),5), ((21,23,20.881),4), ((11,31,8.0),6), ((7,1,43.863),6), ((7,11,18.439),5), ((34,36,13.416),7), ((24,27,26.077),7), ((24,34,14.142),6)]

+-+-+-+-+-+-+-+-+-+-+-+-+-+-+-+-+-+-+-+-+-+- Iteracion 2111  +-+-+-+-+-+-+-+-+-+-+-+-+-+-+-+-+-+-+-+-+-+-


Ruta #1: [1, 25, 15, 3, 37, 18, 10, 22]
Costo asociado: 106.83600000000001      Capacidad: 89.0

Ruta #2: [1, 32, 38, 23, 6, 8, 21, 33]
Costo asociado: 144.18599999999998      Capacidad: 99.0

Ruta #3: [1, 11, 31, 30, 26, 7, 35]
Costo asociado: 134.606      Capacidad: 100.0

Ruta #4: [1, 19, 20, 29, 28, 12, 17, 5, 2, 13]
Costo asociado: 274.228      Capacidad: 99.0

Ruta #5: [1, 9, 34, 36, 24, 27, 4, 14, 16]
Costo asociado: 259.96299999999997      Capacidad: 94.0

--> Costo total: 940.394          Capacidad total: 481.0

+-+-+-+-+-+-+-+-+-+-+-+-+-+-+-+-+-+-+-+-+-+- Iteracion 2111  +-+-+-+-+-+-+-+-+-+-+-+-+-+-+-+-+-+-+-+-+-+-

Nuevo optimo. Costo: 940.394
Lista tabu: [((3,37,16.492),1), ((18,1,32.558),1), ((31,30,12.166),2), ((7,1,43.863),2), ((7,31,18.439),1), ((9,34,4.472),3), ((36,24,8.246),3), ((9,36,17.205),2), ((19,20,2.0),4), ((29,28,36.77),4), ((19,29,16.971),3), ((22,25,27.857),5), ((31,30,12.166),5), ((22,30,22.361),4), ((9,34,4.472),6), ((36,24,8.246),6), ((9,36,17.205),5), ((22,25,27.857),7), ((31,30,12.166),7), ((22,30,22.361),6)]

+-+-+-+-+-+-+-+-+-+-+-+-+-+-+-+-+-+-+-+-+-+- Iteracion 2192  +-+-+-+-+-+-+-+-+-+-+-+-+-+-+-+-+-+-+-+-+-+-


Ruta #1: [1, 25, 15, 3, 37, 18, 10, 22]
Costo asociado: 106.83600000000001      Capacidad: 89.0

Ruta #2: [1, 32, 38, 23, 6, 8, 21, 33]
Costo asociado: 144.18599999999998      Capacidad: 99.0

Ruta #3: [1, 11, 31, 30, 26, 7, 35]
Costo asociado: 134.606      Capacidad: 100.0

Ruta #4: [1, 19, 20, 29, 28, 12, 17, 5, 2, 13]
Costo asociado: 274.228      Capacidad: 99.0

Ruta #5: [1, 9, 34, 36, 24, 27, 4, 14, 16]
Costo asociado: 259.96299999999997      Capacidad: 94.0

--> Costo total: 935.4960000000001          Capacidad total: 481.0

+-+-+-+-+-+-+-+-+-+-+-+-+-+-+-+-+-+-+-+-+-+- Iteracion 2192  +-+-+-+-+-+-+-+-+-+-+-+-+-+-+-+-+-+-+-+-+-+-

Nuevo optimo. Costo: 935.4960000000001
Lista tabu: [((4,14,85.088),1), ((14,16,22.804),1), ((1,15,8.485),1), ((11,31,8.0),2), ((30,35,2.828),2), ((11,30,13.416),1), ((11,31,8.0),3), ((35,26,20.591),3), ((30,35,2.828),3), ((11,35,14.56),2), ((1,15,8.485),4), ((25,22,27.857),4), ((1,25,6.325),3), ((19,20,2.0),5), ((29,28,36.77),5), ((19,29,16.971),4), ((31,30,12.166),6), ((35,26,20.591),6), ((31,35,14.56),5), ((35,26,20.591),7), ((7,1,43.863),7), ((7,35,4.0),6)]

Ruta #1: [1, 25, 15, 3, 37, 18, 10, 22]
Costo asociado: 106.83600000000001      Capacidad: 89.0

Ruta #2: [1, 32, 38, 23, 6, 8, 21, 33]
Costo asociado: 144.18599999999998      Capacidad: 99.0

Ruta #3: [1, 11, 31, 30, 26, 7, 35]
Costo asociado: 134.606      Capacidad: 100.0

Ruta #4: [1, 19, 20, 29, 28, 12, 17, 5, 2, 13]
Costo asociado: 274.228      Capacidad: 99.0

Ruta #5: [1, 9, 34, 36, 24, 27, 4, 14, 16]
Costo asociado: 259.96299999999997      Capacidad: 94.0

--> Costo total: 937.1020000000001          Capacidad total: 481.0

+-+-+-+-+-+-+-+-+-+-+-+-+-+-+-+-+-+-+-+-+-+- Iteracion 2453  +-+-+-+-+-+-+-+-+-+-+-+-+-+-+-+-+-+-+-+-+-+-


Ruta #1: [1, 25, 15, 3, 37, 18, 10, 22]
Costo asociado: 106.83600000000001      Capacidad: 89.0

Ruta #2: [1, 32, 38, 23, 6, 8, 21, 33]
Costo asociado: 144.18599999999998      Capacidad: 99.0

Ruta #3: [1, 11, 31, 30, 26, 7, 35]
Costo asociado: 134.606      Capacidad: 100.0

Ruta #4: [1, 19, 20, 29, 28, 12, 17, 5, 2, 13]
Costo asociado: 274.228      Capacidad: 99.0

Ruta #5: [1, 9, 34, 36, 24, 27, 4, 14, 16]
Costo asociado: 259.96299999999997      Capacidad: 94.0

--> Costo total: 935.4960000000001          Capacidad total: 481.0

+-+-+-+-+-+-+-+-+-+-+-+-+-+-+-+-+-+-+-+-+-+- Iteracion 2453  +-+-+-+-+-+-+-+-+-+-+-+-+-+-+-+-+-+-+-+-+-+-

Nuevo optimo. Costo: 935.4960000000001
Lista tabu: [((23,6,8.0),1), ((21,33,10.0),1), ((1,25,6.325),2), ((10,37,26.833),2), ((1,10,16.125),1), ((6,8,6.0),3), ((21,33,10.0),3), ((6,21,20.1),2), ((31,30,12.166),4), ((7,1,43.863),4), ((7,31,18.439),3), ((25,15,4.0),5), ((10,37,26.833),5), ((10,25,16.125),4), ((3,14,10.77),6), ((37,18,4.0),6), ((3,18,17.889),5), ((11,31,8.0),7), ((30,35,2.828),7), ((11,30,13.416),6)]

Ruta #1: [1, 25, 15, 3, 37, 18, 10, 22]
Costo asociado: 106.83600000000001      Capacidad: 89.0

Ruta #2: [1, 32, 38, 23, 6, 8, 21, 33]
Costo asociado: 144.18599999999998      Capacidad: 99.0

Ruta #3: [1, 11, 31, 30, 26, 7, 35]
Costo asociado: 134.606      Capacidad: 100.0

Ruta #4: [1, 19, 20, 29, 28, 12, 17, 5, 2, 13]
Costo asociado: 274.228      Capacidad: 99.0

Ruta #5: [1, 9, 34, 36, 24, 27, 4, 14, 16]
Costo asociado: 259.96299999999997      Capacidad: 94.0

--> Costo total: 940.394          Capacidad total: 481.0

+-+-+-+-+-+-+-+-+-+-+-+-+-+-+-+-+-+-+-+-+-+- Iteracion 2654  +-+-+-+-+-+-+-+-+-+-+-+-+-+-+-+-+-+-+-+-+-+-


Ruta #1: [1, 25, 15, 3, 37, 18, 10, 22]
Costo asociado: 106.83600000000001      Capacidad: 89.0

Ruta #2: [1, 32, 38, 23, 6, 8, 21, 33]
Costo asociado: 144.18599999999998      Capacidad: 99.0

Ruta #3: [1, 11, 31, 30, 26, 7, 35]
Costo asociado: 134.606      Capacidad: 100.0

Ruta #4: [1, 19, 20, 29, 28, 12, 17, 5, 2, 13]
Costo asociado: 274.228      Capacidad: 99.0

Ruta #5: [1, 9, 34, 36, 24, 27, 4, 14, 16]
Costo asociado: 259.96299999999997      Capacidad: 94.0

