+-+-+-+-+-+-+-+-+-+-+-+-+-+-+ GRAFO CARGADO +-+-+-+-+-+-+-+-+-+-+-+-+-+-+-
        1         2         3         4         5         6         7         8         9         10        11        12        13        14        15        16        17        18        19        20        21        22        23        24        25        26        27        28        29        30        31        32        33        34        35        36
1     0         33.106    72.25    70.937    106.151    21.633    70.0    17.205    78.918    48.826    10.0    28.284    60.828    76.655    55.462    56.921    13.416    72.111    62.29    88.814    26.306    56.143    60.0    69.857    46.174    32.311    14.142    47.074    54.406    76.942    72.25    78.816    64.0    69.857    60.166    76.026    
2     33.106    0         89.286    69.857    101.134    36.715    71.021    48.826    101.134    54.037    42.19    18.111    57.723    46.174    64.281    83.235    24.083    45.695    37.736    78.23    47.707    31.623    33.106    78.026    24.083    26.0    42.521    28.844    58.034    52.839    46.519    68.964    36.77    48.415    70.456    94.255    
3     72.25    89.286    0         43.863    66.272    54.332    39.395    60.166    18.974    38.833    65.115    71.47    48.415    107.815    28.425    30.0    84.0    94.763    86.556    68.964    46.043    84.404    90.0    23.409    78.892    64.622    58.549    73.783    38.21    92.195    93.338    63.561    92.455    83.546    22.627    5.657    
4     70.937    69.857    43.863    0         35.384    49.518    4.472    68.819    62.769    22.804    69.426    53.141    12.166    70.682    22.361    64.0    77.175    56.356    50.596    26.077    50.478    50.99    55.785    20.591    50.0    44.944    62.482    44.0    17.205    51.614    54.589    19.698    56.921    43.909    24.083    49.193    
5     106.151    101.134    66.272    35.384    0         84.853    37.202    104.019    84.0    58.138    104.805    86.093    45.607    88.091    55.57    93.145    111.606    74.0    72.691    26.0    85.604    75.71    78.918    46.174    78.435    78.23    97.837    72.801    52.498    66.121    72.0    32.985    78.409    62.129    54.626    70.029    
6     21.633    36.715    54.332    49.518    84.853    0         48.415    22.361    64.622    27.203    20.591    21.26    40.0    69.857    34.176    46.861    30.594    61.612    51.42    68.964    11.314    46.174    51.264    48.703    36.77    18.974    14.56    34.928    32.802    64.281    61.188    59.059    55.027    56.036    39.294    58.856    
7     70.0    71.021    39.395    4.472    37.202    48.415    0         66.843    58.31    21.26    67.882    53.852    14.142    74.243    18.974    60.033    76.942    60.033    53.852    30.265    48.415    53.852    58.822    16.125    52.154    45.607    60.828    46.174    15.62    55.606    58.31    24.166    60.166    47.707    20.0    44.721    
8     17.205    48.826    60.166    68.819    104.019    22.361    66.843    0         64.031    46.043    7.211    39.294    60.828    89.286    49.518    40.792    30.529    82.608    72.443    90.377    18.439    66.753    71.386    62.801    56.886    40.05    8.0    56.143    51.614    86.023    82.389    80.623    75.313    78.026    52.802    63.151    
9     78.918    101.134    18.974    62.769    84.0    64.622    58.31    64.031    0         55.172    70.257    84.119    66.573    124.451    45.607    24.739    91.782    111.946    103.247    87.932    54.406    100.499    106.151    42.379    94.021    78.23    64.777    89.376    55.606    110.0    110.635    82.462    108.904    101.213    40.497    14.142    
10    48.826    54.037    38.833    22.804    58.138    27.203    21.26    46.043    55.172    0         46.69    36.0    16.125    69.311    10.77    48.083    56.462    56.851    48.083    45.607    27.785    45.607    51.225    24.0    40.249    28.071    39.699    34.986    5.657    55.57    55.606    36.497    53.814    46.648    17.088    44.407    
11    10.0    42.19    65.115    69.426    104.805    20.591    67.882    7.211    70.257    46.69    0         34.234    60.465    83.952    51.614    47.539    23.324    78.102    68.029    89.554    20.591    62.129    66.483    65.513    52.154    36.222    7.211    52.038    52.345    82.098    78.026    79.649    70.456    74.431    55.57    68.469    
12    28.284    18.111    71.47    53.141    86.093    21.26    53.852    39.294    84.119    36.0    34.234    0         41.231    50.0    46.174    67.941    27.203    44.0    34.059    65.115    32.558    28.0    32.249    60.0    18.0    8.246    31.623    18.974    40.2    48.662    44.045    55.317    36.222    41.761    52.345    76.551    
13    60.828    57.723    48.415    12.166    45.607    40.0    14.142    60.828    66.573    16.125    60.465    41.231    0         61.057    21.541    63.151    66.03    47.202    40.249    29.732    43.081    39.85    44.944    27.203    38.053    33.106    53.852    32.062    12.166    43.863    45.607    20.396    46.519    35.384    26.077    54.037    
14    76.655    46.174    107.815    70.682    88.091    69.857    74.243    89.286    124.451    69.311    83.952    50.0    61.057    0         79.398    113.719    70.029    14.56    21.26    62.129    80.498    24.413    18.868    88.204    33.106    50.99    81.609    36.056    69.656    22.0    16.492    57.271    15.62    27.203    85.276    113.455    
15    55.462    64.281    28.425    22.361    55.57    34.176    18.974    49.518    45.607    10.77    51.614    46.174    21.541    79.398    0         42.19    64.56    66.483    58.138    48.042    31.241    56.036    61.612    14.56    50.99    38.471    44.407    45.651    10.0    64.405    65.115    40.2    64.031    55.606    6.325    34.059    
16    56.921    83.235    30.0    64.0    93.145    46.861    60.033    40.792    24.739    48.083    47.539    67.941    63.151    113.719    42.19    0         70.228    102.956    93.295    90.022    35.609    89.308    94.868    47.074    81.216    63.781    43.081    77.666    50.99    102.956    102.0    82.389    98.184    94.021    40.05    29.732    
17    13.416    24.083    84.0    77.175    111.606    30.594    76.942    30.529    91.782    56.462    23.324    27.203    66.03    70.029    64.56    70.228    0         67.912    58.822    91.935    38.053    52.498    55.317    79.12    43.081    33.941    27.203    45.651    61.741    74.0    68.411    82.024    59.228    68.029    69.857    88.091    
18    72.111    45.695    94.763    56.356    74.0    61.612    60.033    82.608    111.946    56.851    78.102    44.0    47.202    14.56    66.483    102.956    67.912    0         10.198    48.0    71.47    16.0    12.649    74.404    26.0    42.755    74.673    26.683    56.569    8.944    2.0    42.755    8.944    12.649    72.139    100.419    
19    62.29    37.736    86.556    50.596    72.691    51.42    53.852    72.443    103.247    48.083    68.029    34.059    40.249    21.26    58.138    93.295    58.822    10.198    0         47.074    61.351    6.325    6.325    67.231    16.125    32.558    64.498    16.492    48.415    15.232    10.0    40.05    6.325    11.662    64.031    92.195    
20    88.814    78.23    68.964    26.077    26.0    68.964    30.265    90.377    87.932    45.607    89.554    65.115    29.732    62.129    48.042    90.022    91.935    48.0    47.074    0         72.801    50.596    53.367    45.607    54.589    58.0    83.187    49.396    40.792    40.2    46.0    10.0    52.612    36.222    50.16    74.0    
21    26.306    47.707    46.043    50.478    85.604    11.314    48.415    18.439    54.406    27.785    20.591    32.558    43.081    80.498    31.241    35.609    38.053    71.47    61.351    72.801    0         56.462    61.741    44.944    47.413    29.53    13.416    44.944    33.287    73.348    70.88    63.246    65.391    64.777    34.986    50.04    
22    56.143    31.623    84.404    50.99    75.71    46.174    53.852    66.753    100.499    45.607    62.129    28.0    39.85    24.413    56.036    89.308    52.498    16.0    6.325    50.596    56.462    0         5.657    66.212    10.0    27.203    58.856    11.662    46.648    21.541    16.125    42.755    8.944    16.971    62.129    90.0    
23    60.0    33.106    90.0    55.785    78.918    51.264    58.822    71.386    106.151    51.225    66.483    32.249    44.944    18.868    61.612    94.868    55.317    12.649    6.325    53.367    61.741    5.657    0         71.554    14.56    32.311    63.561    17.205    52.154    20.0    13.416    46.174    4.0    17.889    67.676    95.603    
24    69.857    78.026    23.409    20.591    46.174    48.703    16.125    62.801    42.379    24.0    65.513    60.0    27.203    88.204    14.56    47.074    79.12    74.404    67.231    45.607    44.944    66.212    71.554    0         62.642    52.038    58.31    56.921    20.396    70.767    72.801    40.249    73.43    62.482    10.0    28.636    
25    46.174    24.083    78.892    50.0    78.435    36.77    52.154    56.886    94.021    40.249    52.154    18.0    38.053    33.106    50.99    81.216    43.081    26.0    16.125    54.589    47.413    10.0    14.56    62.642    0         17.889    49.031    6.0    42.379    31.048    26.077    45.695    18.439    25.06    57.271    84.38    
26    32.311    26.0    64.622    44.944    78.23    18.974    45.607    40.05    78.23    28.071    36.222    8.246    33.106    50.99    38.471    63.781    33.941    42.755    32.558    58.0    29.53    27.203    32.311    52.038    17.889    0         32.062    16.125    32.062    46.0    42.426    48.083    36.056    38.21    44.721    69.857    
27    14.142    42.521    58.549    62.482    97.837    14.56    60.828    8.0    64.777    39.699    7.211    31.623    53.852    81.609    44.407    43.081    27.203    74.673    64.498    83.187    13.416    58.856    63.561    58.31    49.031    32.062    0         48.166    45.343    78.026    74.431    73.348    67.469    70.029    48.374    62.129    
28    47.074    28.844    73.783    44.0    72.801    34.928    46.174    56.143    89.376    34.986    52.038    18.974    32.062    36.056    45.651    77.666    45.651    26.683    16.492    49.396    44.944    11.662    17.205    56.921    6.0    16.125    48.166    0         36.77    30.067    26.306    40.249    20.591    22.804    51.884    79.322    
29    54.406    58.034    38.21    17.205    52.498    32.802    15.62    51.614    55.606    5.657    52.345    40.2    12.166    69.656    10.0    50.99    61.741    56.569    48.415    40.792    33.287    46.648    52.154    20.396    42.379    32.062    45.343    36.77    0         54.406    55.172    32.062    54.406    45.607    15.62    43.863    
30    76.942    52.839    92.195    51.614    66.121    64.281    55.606    86.023    110.0    55.57    82.098    48.662    43.863    22.0    64.405    102.956    74.0    8.944    15.232    40.2    73.348    21.541    20.0    70.767    31.048    46.0    78.026    30.067    54.406    0         7.211    36.056    16.971    8.944    69.656    97.837    
31    72.25    46.519    93.338    54.589    72.0    61.188    58.31    82.389    110.635    55.606    78.026    44.045    45.607    16.492    65.115    102.0    68.411    2.0    10.0    46.0    70.88    16.125    13.416    72.801    26.077    42.426    74.431    26.306    55.172    7.211    0         40.792    10.0    10.77    70.711    98.995    
32    78.816    68.964    63.561    19.698    32.985    59.059    24.166    80.623    82.462    36.497    79.649    55.317    20.396    57.271    40.2    82.389    82.024    42.755    40.05    10.0    63.246    42.755    46.174    40.249    45.695    48.083    73.348    40.249    32.062    36.056    40.792    0         46.0    30.265    43.174    68.877    
33    64.0    36.77    92.455    56.921    78.409    55.027    60.166    75.313    108.904    53.814    70.456    36.222    46.519    15.62    64.031    98.184    59.228    8.944    6.325    52.612    65.391    8.944    4.0    73.43    18.439    36.056    67.469    20.591    54.406    16.971    10.0    46.0    0         16.492    70.0    98.082    
34    69.857    48.415    83.546    43.909    62.129    56.036    47.707    78.026    101.213    46.648    74.431    41.761    35.384    27.203    55.606    94.021    68.029    12.649    11.662    36.222    64.777    16.971    17.889    62.482    25.06    38.21    70.029    22.804    45.607    8.944    10.77    30.265    16.492    0         60.959    89.196    
35    60.166    70.456    22.627    24.083    54.626    39.294    20.0    52.802    40.497    17.088    55.57    52.345    26.077    85.276    6.325    40.05    69.857    72.139    64.031    50.16    34.986    62.129    67.676    10.0    57.271    44.721    48.374    51.884    15.62    69.656    70.711    43.174    70.0    60.959    0         28.284    
36    76.026    94.255    5.657    49.193    70.029    58.856    44.721    63.151    14.142    44.407    68.469    76.551    54.037    113.455    34.059    29.732    88.091    100.419    92.195    74.0    50.04    90.0    95.603    28.636    84.38    69.857    62.129    79.322    43.863    97.837    98.995    68.877    98.082    89.196    28.284    0         


Demandas:
1: 0.0
2: 1.0
3: 14.0
4: 15.0
5: 11.0
6: 18.0
7: 2.0
8: 22.0
9: 7.0
10: 18.0
11: 23.0
12: 12.0
13: 21.0
14: 2.0
15: 14.0
16: 9.0
17: 10.0
18: 4.0
19: 19.0
20: 2.0
21: 20.0
22: 15.0
23: 11.0
24: 6.0
25: 13.0
26: 19.0
27: 13.0
28: 8.0
29: 15.0
30: 18.0
31: 11.0
32: 21.0
33: 12.0
34: 2.0
35: 23.0
36: 11.0
+-+-+-+-+-+-+-+-+-+-+-+-+-+-+-+ SOLUCION INICIAL +-+-+-+-+-+-+-+-+-+-+-+-+-+-+-+-

Ruta #1: [1, 3, 10, 15, 35, 36, 9, 16]
Costo asociado: 252.26399999999998      Capacidad: 96.0

Ruta #2: [1, 4, 29, 13, 24, 7, 5, 20, 32]
Costo asociado: 295.654      Capacidad: 93.0

Ruta #3: [1, 6, 21, 12, 25, 28, 26, 17]
Costo asociado: 152.987      Capacidad: 100.0

Ruta #4: [1, 8, 11, 27]
Costo asociado: 45.76899999999999      Capacidad: 58.0

Ruta #5: [1, 2, 14, 23, 33, 18, 31, 30, 34, 19, 22]
Costo asociado: 203.37699999999998      Capacidad: 95.0

--> Costo total: 950.0509999999999          Capacidad total: 442.0

+-+-+-+-+-+-+-+-+-+-+-+-+-+-+-+-+-+-+-+-+-+-+-+-+- Iteracion 8  +-+-+-+-+-+-+-+-+-+-+-+-+-+-+-+-+-+-+-+-+-+-+-+-+-


Ruta #1: [1, 3, 10, 15, 35, 36, 9, 16]
Costo asociado: 252.26399999999998      Capacidad: 96.0

Ruta #2: [1, 4, 29, 13, 24, 7, 5, 20, 32]
Costo asociado: 295.654      Capacidad: 93.0

Ruta #3: [1, 6, 21, 25, 28, 26, 12, 17]
Costo asociado: 151.35      Capacidad: 100.0

Ruta #4: [1, 8, 11, 27]
Costo asociado: 45.76899999999999      Capacidad: 58.0

Ruta #5: [1, 2, 14, 23, 33, 18, 31, 30, 34, 19, 22]
Costo asociado: 203.37699999999998      Capacidad: 95.0

--> Costo total: 948.414          Capacidad total: 442.0

La solución anterior duró 0min 0seg    -------> Nuevo optimo local. Costo: 948.414       ==> Optimo: 799.0  Desvio: 18.7%
Lista tabu: [((29,13,12.166),1), ((13,24,27.203),1), ((15,35,6.325),1), ((35,36,28.284),1), ((34,19,11.662),2), ((23,33,4.0),2), ((14,23,18.868),2), ((23,34,17.889),1), ((1,6,21.633),3), ((6,21,11.314),3), ((27,1,14.142),3), ((6,27,14.56),2), ((6,21,11.314),4), ((21,12,32.558),4), ((27,1,14.142),4), ((21,27,13.416),3), ((1,6,21.633),5), ((6,21,11.314),5), ((11,27,7.211),5), ((27,1,14.142),5), ((6,11,20.591),4), ((12,25,18.0),6), ((25,28,6.0),6), ((23,33,4.0),6), ((33,18,8.944),6), ((28,33,20.591),5), ((34,19,11.662),7), ((31,30,7.211),7), ((19,30,15.232),6)]

+-+-+-+-+-+-+-+-+-+-+-+-+-+-+-+-+-+-+-+-+-+-+-+-+- Iteracion 9  +-+-+-+-+-+-+-+-+-+-+-+-+-+-+-+-+-+-+-+-+-+-+-+-+-


Ruta #1: [1, 10, 15, 35, 3, 36, 9, 16]
Costo asociado: 190.00699999999998      Capacidad: 96.0

Ruta #2: [1, 4, 29, 13, 24, 7, 5, 20, 32]
Costo asociado: 295.654      Capacidad: 93.0

Ruta #3: [1, 6, 21, 25, 28, 26, 12, 17]
Costo asociado: 151.35      Capacidad: 100.0

Ruta #4: [1, 8, 11, 27]
Costo asociado: 45.76899999999999      Capacidad: 58.0

Ruta #5: [1, 2, 14, 23, 33, 18, 31, 30, 34, 19, 22]
Costo asociado: 203.37699999999998      Capacidad: 95.0

--> Costo total: 886.1569999999999          Capacidad total: 442.0

La solución anterior duró 0min 0seg    -------> Nuevo optimo local. Costo: 886.157       ==> Optimo: 799.0  Desvio: 10.9%
Lista tabu: [((34,19,11.662),1), ((23,33,4.0),1), ((14,23,18.868),1), ((1,6,21.633),2), ((6,21,11.314),2), ((27,1,14.142),2), ((6,27,14.56),1), ((6,21,11.314),3), ((21,12,32.558),3), ((27,1,14.142),3), ((21,27,13.416),2), ((1,6,21.633),4), ((6,21,11.314),4), ((11,27,7.211),4), ((27,1,14.142),4), ((6,11,20.591),3), ((12,25,18.0),5), ((25,28,6.0),5), ((23,33,4.0),5), ((33,18,8.944),5), ((28,33,20.591),4), ((34,19,11.662),6), ((31,30,7.211),6), ((19,30,15.232),5), ((26,17,33.941),11), ((12,25,18.0),11), ((21,12,32.558),11), ((26,12,8.246),10)]

+-+-+-+-+-+-+-+-+-+-+-+-+-+-+-+-+-+-+-+-+-+-+-+-+- Iteracion 10  +-+-+-+-+-+-+-+-+-+-+-+-+-+-+-+-+-+-+-+-+-+-+-+-+-


Ruta #1: [1, 10, 15, 35, 3, 36, 9, 16]
Costo asociado: 190.00699999999998      Capacidad: 96.0

Ruta #2: [1, 29, 13, 24, 7, 5, 20, 32, 4]
Costo asociado: 273.737      Capacidad: 93.0

Ruta #3: [1, 6, 21, 25, 28, 26, 12, 17]
Costo asociado: 151.35      Capacidad: 100.0

Ruta #4: [1, 8, 11, 27]
Costo asociado: 45.76899999999999      Capacidad: 58.0

Ruta #5: [1, 2, 14, 23, 33, 18, 31, 30, 34, 19, 22]
Costo asociado: 203.37699999999998      Capacidad: 95.0

--> Costo total: 864.24          Capacidad total: 442.0

La solución anterior duró 0min 0seg    -------> Nuevo optimo local. Costo: 864.24       ==> Optimo: 799.0  Desvio: 8.200000000000001%
Lista tabu: [((1,6,21.633),1), ((6,21,11.314),1), ((27,1,14.142),1), ((6,21,11.314),2), ((21,12,32.558),2), ((27,1,14.142),2), ((21,27,13.416),1), ((1,6,21.633),3), ((6,21,11.314),3), ((11,27,7.211),3), ((27,1,14.142),3), ((6,11,20.591),2), ((12,25,18.0),4), ((25,28,6.0),4), ((23,33,4.0),4), ((33,18,8.944),4), ((28,33,20.591),3), ((34,19,11.662),5), ((31,30,7.211),5), ((19,30,15.232),4), ((26,17,33.941),10), ((12,25,18.0),10), ((21,12,32.558),10), ((26,12,8.246),9), ((35,36,28.284),11), ((3,10,38.833),11), ((1,3,72.25),11), ((35,3,22.627),10)]

+-+-+-+-+-+-+-+-+-+-+-+-+-+-+-+-+-+-+-+-+-+-+-+-+- Iteracion 14  +-+-+-+-+-+-+-+-+-+-+-+-+-+-+-+-+-+-+-+-+-+-+-+-+-


Ruta #1: [1, 10, 15, 35, 3, 36, 9, 16]
Costo asociado: 190.00699999999998      Capacidad: 96.0

Ruta #2: [1, 29, 4, 24, 7, 5, 20, 32, 13]
Costo asociado: 262.75300000000004      Capacidad: 93.0

Ruta #3: [1, 6, 21, 25, 28, 26, 12, 17]
Costo asociado: 151.35      Capacidad: 100.0

Ruta #4: [1, 8, 11, 27]
Costo asociado: 45.76899999999999      Capacidad: 58.0

Ruta #5: [1, 2, 14, 23, 33, 18, 31, 30, 34, 19, 22]
Costo asociado: 203.37699999999998      Capacidad: 95.0

--> Costo total: 853.256          Capacidad total: 442.0

La solución anterior duró 0min 0seg    -------> Nuevo optimo local. Costo: 853.256       ==> Optimo: 799.0  Desvio: 6.800000000000001%
Lista tabu: [((34,19,11.662),1), ((31,30,7.211),1), ((26,17,33.941),6), ((12,25,18.0),6), ((21,12,32.558),6), ((26,12,8.246),5), ((35,36,28.284),7), ((3,10,38.833),7), ((1,3,72.25),7), ((35,3,22.627),6), ((32,1,78.816),8), ((4,29,17.205),8), ((1,4,70.937),8), ((4,32,19.698),7), ((34,19,11.662),5), ((22,1,56.143),5), ((22,34,16.971),4), ((34,19,11.662),6), ((23,33,4.0),6), ((14,23,18.868),6), ((23,34,17.889),5), ((28,26,16.125),7), ((12,17,27.203),7), ((12,28,18.974),6)]

+-+-+-+-+-+-+-+-+-+-+-+-+-+-+-+-+-+-+-+-+-+-+-+-+- Iteracion 22  +-+-+-+-+-+-+-+-+-+-+-+-+-+-+-+-+-+-+-+-+-+-+-+-+-


Ruta #1: [1, 10, 15, 35, 3, 36, 9, 16]
Costo asociado: 190.00699999999998      Capacidad: 96.0

Ruta #2: [1, 29, 4, 24, 7, 5, 20, 32, 13]
Costo asociado: 262.75300000000004      Capacidad: 93.0

Ruta #3: [1, 6, 21, 25, 28, 26, 12, 17]
Costo asociado: 151.35      Capacidad: 100.0

Ruta #4: [1, 8, 11, 27]
Costo asociado: 45.76899999999999      Capacidad: 58.0

Ruta #5: [1, 22, 19, 34, 30, 31, 18, 33, 14, 23, 2]
Costo asociado: 201.929      Capacidad: 95.0

--> Costo total: 851.808          Capacidad total: 442.0

La solución anterior duró 0min 0seg    -------> Nuevo optimo local. Costo: 851.808       ==> Optimo: 799.0  Desvio: 6.6000000000000005%
Lista tabu: [((29,13,12.166),4), ((13,24,27.203),4), ((32,4,19.698),4), ((4,1,70.937),4), ((4,24,20.591),3), ((21,25,47.413),1), ((25,28,6.0),1), ((14,23,18.868),1), ((23,33,4.0),1), ((33,18,8.944),2), ((34,19,11.662),2), ((33,34,16.492),1), ((29,4,17.205),3), ((13,1,60.828),3), ((32,13,20.396),3), ((29,13,12.166),2), ((14,23,18.868),4), ((23,33,4.0),4), ((21,25,47.413),4), ((25,28,6.0),4), ((23,28,17.205),3), ((21,25,47.413),5), ((25,28,6.0),5), ((14,23,18.868),5), ((23,33,4.0),5), ((25,33,18.439),4), ((34,19,11.662),6), ((33,18,8.944),6), ((18,19,10.198),5), ((28,26,16.125),7), ((12,17,27.203),7), ((12,28,18.974),6)]

+-+-+-+-+-+-+-+-+-+-+-+-+-+-+-+-+-+-+-+-+-+-+-+-+- Iteracion 23  +-+-+-+-+-+-+-+-+-+-+-+-+-+-+-+-+-+-+-+-+-+-+-+-+-


Ruta #1: [1, 10, 15, 35, 3, 36, 9, 16]
Costo asociado: 190.00699999999998      Capacidad: 96.0

Ruta #2: [1, 29, 4, 24, 7, 5, 20, 32, 13]
Costo asociado: 262.75300000000004      Capacidad: 93.0

Ruta #3: [1, 6, 21, 25, 28, 26, 12, 17]
Costo asociado: 151.35      Capacidad: 100.0

Ruta #4: [1, 11, 8, 27]
Costo asociado: 39.352999999999994      Capacidad: 58.0

Ruta #5: [1, 22, 19, 34, 30, 31, 18, 33, 14, 23, 2]
Costo asociado: 201.929      Capacidad: 95.0

--> Costo total: 845.3919999999999          Capacidad total: 442.0

La solución anterior duró 0min 0seg    -------> Nuevo optimo local. Costo: 845.392       ==> Optimo: 799.0  Desvio: 5.800000000000001%
Lista tabu: [((29,13,12.166),3), ((13,24,27.203),3), ((32,4,19.698),3), ((4,1,70.937),3), ((4,24,20.591),2), ((33,18,8.944),1), ((34,19,11.662),1), ((29,4,17.205),2), ((13,1,60.828),2), ((32,13,20.396),2), ((29,13,12.166),1), ((14,23,18.868),3), ((23,33,4.0),3), ((21,25,47.413),3), ((25,28,6.0),3), ((23,28,17.205),2), ((21,25,47.413),4), ((25,28,6.0),4), ((14,23,18.868),4), ((23,33,4.0),4), ((25,33,18.439),3), ((34,19,11.662),5), ((33,18,8.944),5), ((18,19,10.198),4), ((28,26,16.125),6), ((12,17,27.203),6), ((12,28,18.974),5), ((23,33,4.0),11), ((2,14,46.174),11), ((33,14,15.62),10)]

+-+-+-+-+-+-+-+-+-+-+-+-+-+-+-+-+-+-+-+-+-+-+-+-+- Iteracion 36  +-+-+-+-+-+-+-+-+-+-+-+-+-+-+-+-+-+-+-+-+-+-+-+-+-


Ruta #1: [1, 10, 15, 35, 3, 36, 9, 16]
Costo asociado: 190.00699999999998      Capacidad: 96.0

Ruta #2: [1, 29, 4, 24, 7, 5, 20, 32, 13]
Costo asociado: 262.75300000000004      Capacidad: 93.0

Ruta #3: [1, 6, 21, 25, 28, 26, 12, 17]
Costo asociado: 151.35      Capacidad: 100.0

Ruta #4: [1, 11, 8, 27]
Costo asociado: 39.352999999999994      Capacidad: 58.0

Ruta #5: [1, 22, 33, 19, 34, 30, 31, 18, 14, 23, 2]
Costo asociado: 200.869      Capacidad: 95.0

--> Costo total: 844.332          Capacidad total: 442.0

La solución anterior duró 0min 0seg    -------> Nuevo optimo local. Costo: 844.332       ==> Optimo: 799.0  Desvio: 5.7%
Lista tabu: [((10,15,10.77),1), ((15,35,6.325),1), ((1,29,54.406),1), ((29,4,17.205),1), ((19,34,11.662),2), ((30,31,7.211),2), ((19,30,15.232),1), ((22,19,6.325),3), ((31,18,2.0),3), ((22,31,16.125),2), ((22,19,6.325),4), ((18,33,8.944),4), ((22,18,16.0),3), ((30,31,7.211),5), ((19,34,11.662),5), ((31,34,10.77),4), ((30,31,7.211),6), ((18,33,8.944),6), ((18,30,8.944),5), ((22,19,6.325),7), ((18,33,8.944),7), ((22,18,16.0),6)]

+-+-+-+-+-+-+-+-+-+-+-+-+-+-+-+-+-+-+-+-+-+-+-+-+- Iteracion 43  +-+-+-+-+-+-+-+-+-+-+-+-+-+-+-+-+-+-+-+-+-+-+-+-+-


Ruta #1: [1, 10, 15, 35, 3, 36, 9, 16]
Costo asociado: 190.00699999999998      Capacidad: 96.0

Ruta #2: [1, 29, 24, 7, 5, 20, 32, 4, 13]
Costo asociado: 256.821      Capacidad: 93.0

Ruta #3: [1, 6, 21, 25, 28, 26, 12, 17]
Costo asociado: 151.35      Capacidad: 100.0

Ruta #4: [1, 11, 8, 27]
Costo asociado: 39.352999999999994      Capacidad: 58.0

Ruta #5: [1, 22, 33, 19, 34, 30, 31, 18, 14, 23, 2]
Costo asociado: 200.869      Capacidad: 95.0

--> Costo total: 838.4          Capacidad total: 442.0

La solución anterior duró 0min 0seg    -------> Nuevo optimo local. Costo: 838.4       ==> Optimo: 799.0  Desvio: 4.9%
Lista tabu: [((22,19,6.325),5), ((33,14,15.62),5), ((18,33,8.944),5), ((19,33,6.325),4), ((31,18,2.0),2), ((19,34,11.662),2), ((18,34,12.649),1), ((30,31,7.211),3), ((19,34,11.662),3), ((31,34,10.77),2), ((14,23,18.868),4), ((23,2,33.106),4), ((21,25,47.413),4), ((25,28,6.0),4), ((23,28,17.205),3), ((31,18,2.0),5), ((33,19,6.325),5), ((22,33,8.944),5), ((33,31,10.0),4), ((1,22,56.143),6), ((22,33,8.944),6), ((28,26,16.125),6), ((26,12,8.246),6), ((22,28,11.662),5), ((1,11,10.0),7), ((8,27,8.0),7), ((1,8,17.205),6)]

+-+-+-+-+-+-+-+-+-+-+-+-+-+-+-+-+-+- Solucion Optima +-+-+-+-+-+-+-+-+-+-+-+-+-+-+-+-+-+-

Ruta #1: [1, 10, 15, 35, 3, 36, 9, 16]
Costo asociado: 190.00699999999998      Capacidad: 96.0

Ruta #2: [1, 29, 24, 7, 5, 20, 32, 4, 13]
Costo asociado: 256.821      Capacidad: 93.0

Ruta #3: [1, 6, 21, 25, 28, 26, 12, 17]
Costo asociado: 151.35      Capacidad: 100.0

Ruta #4: [1, 11, 8, 27]
Costo asociado: 39.352999999999994      Capacidad: 58.0

Ruta #5: [1, 22, 33, 19, 34, 30, 31, 18, 14, 23, 2]
Costo asociado: 200.869      Capacidad: 95.0


Costo total:  838.4        Optimo real:  799.0      Desviación: 4.9%

Cantidad de iteraciones: 44
Nro de vehiculos: 5
Capacidad Maxima/Vehiculo: 100.0
Tiempo total: 0min 0seg
Tiempo de estancamiento: 0min 0seg
