+-+-+-+-+-+-+-+-+-+-+-+-+-+-+ GRAFO CARGADO +-+-+-+-+-+-+-+-+-+-+-+-+-+-+-
        1         2         3         4         5         6         7         8         9         10        11        12        13        14        15        16        17        18        19        20        21        22        23        24        25        26        27        28        29        30        31        32        33        34        35        36        37        38        39        40        41        42        43        44        45        46        47        48        49        50        51        52        53        54        55        56        57        58        59        60        61        62        63        64        65        66
1     0         13.0    75.604    77.006    89.051    52.469    69.814    47.17    66.189    64.514    75.928    47.011    61.717    50.596    72.111    83.024    71.505    17.0    21.024    51.478    16.125    88.955    53.759    22.091    61.294    72.863    77.897    44.045    68.768    75.027    67.179    47.539    44.011    54.129    53.367    54.129    99.765    72.139    50.99    74.108    68.6    13.038    42.426    52.202    75.664    47.17    77.833    69.354    72.863    59.506    67.268    52.173    15.811    17.263    19.235    20.396    52.202    48.754    45.188    74.953    84.012    70.036    72.918    77.104    75.664    61.327    
2     13.0    0         64.661    72.835    87.664    50.695    58.83    34.409    68.411    56.719    64.637    34.015    52.498    37.643    67.476    80.957    60.0    7.071    9.849    38.484    8.062    83.006    40.804    10.44    51.865    61.221    66.4    41.437    57.428    70.711    55.317    34.54    54.129    56.223    40.608    41.146    90.078    60.44    38.013    69.462    72.863    6.083    41.146    39.294    63.781    34.176    66.219    57.801    61.221    50.695    55.803    39.459    10.44    9.434    10.63    8.062    39.217    35.777    54.818    63.127    81.908    58.412    61.4    65.437    63.781    63.008    
3     75.604    64.661    0         48.104    70.385    53.6    5.831    35.511    76.007    25.02    3.606    41.11    18.682    44.045    43.681    62.968    7.28    66.641    64.078    39.013    68.877    43.278    43.29    62.769    18.028    8.062    6.325    50.596    8.062    46.487    13.153    42.048    97.494    69.871    48.374    37.121    28.018    8.944    38.0    44.272    87.144    69.354    55.027    45.177    10.63    43.046    7.616    9.055    8.062    21.84    10.05    49.254    72.014    69.354    68.542    61.741    42.107    39.051    96.177    9.899    63.325    9.22    6.708    8.062    10.63    71.113    
4     77.006    72.835    48.104    0         22.361    26.249    47.413    65.0    35.847    25.612    51.624    71.61    34.828    77.006    5.831    14.866    52.773    78.645    78.588    72.471    80.411    16.279    78.102    77.885    36.235    54.562    54.424    33.136    50.606    2.236    55.758    73.007    74.061    36.878    82.62    72.25    47.297    55.009    71.063    4.243    47.413    78.918    35.693    79.025    58.181    73.817    55.714    52.839    54.562    33.242    51.624    82.801    83.187    81.584    82.0    75.432    76.059    70.605    71.61    57.271    15.232    53.712    53.226    56.08    58.181    33.422    
5     89.051    87.664    70.385    22.361    0         37.0    69.771    85.586    30.083    47.707    73.926    92.022    56.859    97.622    27.459    7.81    75.133    94.154    94.847    93.338    95.635    32.016    98.995    94.372    58.249    76.922    76.694    46.239    72.945    24.187    78.032    93.434    74.33    38.21    103.276    93.381    66.008    77.369    91.924    26.42    38.833    93.638    46.84    99.725    80.529    94.175    78.0    75.18    76.922    55.0    73.926    103.325    98.082    96.933    97.693    91.706    96.876    91.241    71.47    79.624    7.211    76.059    75.584    78.39    80.529    31.575    
6     52.469    50.695    53.6    26.249    37.0    0         50.09    54.203    24.042    29.411    56.321    59.908    35.128    65.734    22.825    30.594    55.009    57.271    58.181    62.266    58.694    41.183    67.742    57.801    36.056    57.009    59.304    9.434    52.0    24.698    55.227    61.294    49.518    16.279    71.281    63.063    64.9    57.0    60.902    24.597    34.132    56.648    10.05    67.956    61.008    61.855    60.208    54.009    57.009    32.062    52.038    71.028    61.098    60.008    60.836    55.073    65.513    59.682    47.381    60.008    31.575    55.009    56.036    60.133    61.008    18.439    
7     69.814    58.83    5.831    47.413    69.771    50.09    0         30.15    73.11    22.804    6.708    36.0    15.0    39.319    42.544    62.169    5.385    60.836    58.31    34.234    63.071    44.598    38.833    57.009    14.036    7.28    9.487    46.325    3.606    45.618    9.434    37.014    92.612    66.272    43.932    32.558    33.242    7.616    33.136    43.382    84.0    63.53    50.695    40.608    11.18    38.013    10.198    5.657    7.28    18.028    5.385    44.721    66.212    63.561    62.769    55.946    37.483    34.015    91.389    10.198    62.61    6.403    6.083    10.05    11.18    68.007    
8     47.17    34.409    35.511    65.0    85.586    54.203    30.15    0         77.82    40.706    34.205    6.708    32.311    12.042    59.203    77.833    29.12    33.971    30.61    8.062    36.125    68.542    13.601    29.206    31.016    29.732    35.114    46.098    27.459    62.801    23.409    8.062    81.498    67.417    17.692    9.22    63.388    28.792    6.708    60.803    86.377    37.483    49.041    14.142    31.305    8.944    34.54    26.926    29.732    32.65    25.495    17.804    39.051    36.235    35.0    29.0    11.402    5.657    81.222    30.871    78.568    27.203    30.364    33.615    31.305    72.014    
9     66.189    68.411    76.007    35.847    30.083    24.042    73.11    77.82    0         51.039    79.006    83.241    58.138    89.067    36.401    28.601    78.23    75.432    77.233    85.866    76.4    51.865    91.241    77.156    59.211    80.225    82.006    31.765    75.326    35.777    78.918    84.599    44.385    12.207    94.515    86.816    82.28    80.306    84.528    37.162    11.705    73.817    29.411    91.302    84.214    85.088    83.024    77.414    80.225    55.227    75.538    94.154    78.237    77.801    79.025    74.33    89.006    83.187    41.485    83.217    29.411    78.409    79.158    83.054    84.214    5.831    
10    64.514    56.719    25.02    25.612    47.707    29.411    22.804    40.706    51.039    0         28.16    47.413    9.22    52.479    20.248    39.962    28.16    61.131    60.0    47.707    63.198    28.16    53.254    59.008    10.63    30.083    31.145    28.601    25.632    23.601    30.414    48.765    76.609    45.607    57.983    47.202    37.483    30.364    46.325    21.401    62.29    62.514    33.015    54.378    33.956    49.649    32.249    27.857    30.083    8.062    26.401    58.31    66.272    64.125    64.031    57.009    51.313    46.141    74.887    32.985    40.497    28.792    28.862    32.388    33.956    46.271    
11    75.928    64.637    3.606    51.624    73.926    56.321    6.708    34.205    79.006    28.16    0         39.459    21.213    42.012    47.127    66.483    5.099    66.242    63.506    37.054    68.476    46.861    41.049    62.169    20.396    5.099    3.0    52.887    7.211    49.98    11.045    40.311    99.318    72.56    46.098    35.0    30.067    6.083    36.125    47.76    90.05    69.116    57.28    43.012    7.071    41.304    4.123    7.28    5.099    24.331    8.944    47.043    71.589    68.884    67.978    61.294    40.0    37.336    98.087    6.403    66.851    7.071    4.0    4.472    7.071    74.027    
12    47.011    34.015    41.11    71.61    92.022    59.908    36.0    6.708    83.241    47.413    39.459    0         39.0    5.831    65.803    84.291    34.366    32.202    28.425    4.472    34.205    75.24    8.246    27.019    37.696    34.713    40.025    51.478    33.061    69.405    28.443    1.414    84.054    72.498    11.402    7.211    69.116    33.734    4.243    67.424    91.389    36.056    54.129    8.062    35.735    2.236    39.294    32.249    34.713    39.357    31.064    11.314    36.878    34.059    32.558    27.459    6.083    2.236    84.0    35.44    85.041    32.388    35.511    38.328    35.735    77.414    
13    61.717    52.498    18.682    34.828    56.859    35.128    15.0    32.311    58.138    9.22    21.213    39.0    0         43.829    29.411    49.092    20.1    56.089    54.452    38.949    58.249    36.249    44.418    53.339    1.414    22.091    24.187    31.953    17.263    32.802    21.541    40.311    79.259    51.352    49.244    38.275    38.079    22.204    37.59    30.61    69.0    57.974    36.401    45.651    26.077    41.231    25.08    19.416    22.091    3.162    17.72    49.649    61.392    59.034    58.694    51.624    42.544    37.577    77.827    25.08    49.649    20.396    21.024    25.02    26.077    53.009    
14    50.596    37.643    44.045    77.006    97.622    65.734    39.319    12.042    89.067    52.479    42.012    5.831    43.829    0         71.218    89.872    37.0    34.886    30.887    5.099    36.715    80.056    3.162    29.53    42.485    37.054    42.19    57.306    36.125    74.813    31.0    4.472    89.0    78.294    5.657    7.071    72.007    36.056    6.325    72.801    97.17    38.91    59.933    2.236    37.483    4.123    41.304    35.014    37.054    44.418    34.132    5.831    39.115    36.359    34.67    30.463    2.236    6.403    89.051    37.336    90.609    35.0    38.013    40.311    37.483    83.241    
15    72.111    67.476    43.681    5.831    27.459    22.825    42.544    59.203    36.401    20.248    47.127    65.803    29.411    71.218    0         19.723    47.927    73.164    73.007    66.708    74.967    18.358    72.346    72.277    30.806    49.769    50.0    28.636    45.618    3.606    50.606    67.201    71.84    35.468    76.837    66.528    45.88    50.16    65.299    2.0    48.104    73.553    31.623    73.246    53.488    68.007    51.245    47.854    49.769    27.659    46.53    77.006    77.782    76.118    76.485    69.857    70.292    64.815    69.527    52.555    20.248    48.754    48.466    51.546    53.488    33.121    
16    83.024    80.957    62.968    14.866    7.81    30.594    62.169    77.833    28.601    39.962    66.483    84.291    49.092    89.872    19.723    0         67.543    87.316    87.846    85.563    88.865    26.683    91.22    87.321    50.478    69.354    69.289    39.56    65.299    16.553    70.328    85.703    71.694    34.482    95.525    85.586    60.299    69.778    84.149    18.788    38.897    86.977    40.608    91.967    73.007    86.452    70.576    67.535    69.354    47.202    66.242    95.588    91.395    90.139    90.824    84.694    89.107    83.487    68.942    72.09    1.0    68.425    68.029    70.937    73.007    28.636    
17    71.505    60.0    7.28    52.773    75.133    55.009    5.385    29.12    78.23    28.16    5.099    34.366    20.1    37.0    47.927    67.543    0         61.4    58.592    32.016    63.632    49.497    36.125    57.245    19.026    2.0    6.403    50.804    3.162    50.99    6.0    35.228    96.385    71.113    41.195    30.017    35.014    2.236    31.064    48.754    89.022    64.351    55.109    38.053    6.0    36.222    6.403    2.236    2.0    23.022    4.243    42.107    66.731    64.008    63.063    56.436    35.014    32.249    95.273    5.0    67.978    2.0    1.414    5.831    6.0    73.062    
18    17.0    7.071    66.641    78.645    94.154    57.271    60.836    33.971    75.432    61.131    66.242    32.202    56.089    34.886    73.164    87.316    61.4    0         4.123    36.62    2.236    88.091    38.013    5.385    55.317    62.434    67.742    47.927    59.059    76.485    56.303    32.45    60.166    63.253    37.0    39.408    92.973    61.587    36.401    75.133    79.931    4.123    47.885    36.249    64.637    31.906    67.417    59.169    62.434    54.589    57.306    35.735    5.385    3.0    3.606    5.0    36.715    34.205    61.033    64.07    88.255    59.682    62.769    66.573    64.637    70.0    
19    21.024    9.849    64.078    78.588    94.847    58.181    58.31    30.61    77.233    60.0    63.506    28.425    54.452    30.887    73.007    87.846    58.592    4.123    0         32.802    5.831    87.367    34.0    1.414    53.6    59.54    64.885    48.765    56.365    76.4    53.339    28.601    63.789    65.115    32.894    35.609    90.802    58.669    32.65    74.953    82.219    8.246    49.092    32.202    61.587    28.018    64.498    56.356    59.54    53.151    54.562    31.623    8.485    5.657    4.472    3.162    32.757    30.48    64.56    61.057    88.769    56.824    59.942    63.632    61.587    71.701    
20    51.478    38.484    39.013    72.471    93.338    62.266    34.234    8.062    85.866    47.707    37.054    4.472    38.949    5.099    66.708    85.563    32.016    36.62    32.802    0         38.601    75.133    5.657    31.401    37.59    32.14    37.336    54.129    31.064    70.292    26.019    4.243    88.142    75.392    10.296    2.828    67.0    31.145    1.414    68.25    94.34    40.497    57.009    6.708    32.757    5.0    36.497    30.0    32.14    39.661    29.069    10.77    41.231    38.419    36.878    31.906    3.606    3.0    88.023    32.558    86.279    30.017    33.061    35.511    32.757    80.056    
21    16.125    8.062    68.877    80.411    95.635    58.694    63.071    36.125    76.4    63.198    68.476    34.205    58.249    36.715    74.967    88.865    63.632    2.236    5.831    38.601    0         90.05    39.825    7.211    57.489    64.661    69.971    49.396    61.294    78.262    58.523    34.409    59.775    64.203    38.626    41.4    95.189    63.812    38.419    76.942    80.61    3.162    49.193    38.013    66.851    33.838    69.642    61.4    64.661    56.719    59.54    37.336    3.162    1.414    3.162    7.211    38.588    36.235    60.745    66.287    89.811    61.911    65.0    68.797    66.851    71.028    
22    88.955    83.006    43.278    16.279    32.016    41.183    44.598    68.542    51.865    28.16    46.861    75.24    36.249    80.056    18.358    26.683    49.497    88.091    87.367    75.133    90.05    0         80.529    86.47    37.577    50.931    49.204    46.487    48.166    17.029    53.907    76.557    90.0    53.075    85.422    74.303    34.0    51.624    73.79    16.643    63.285    89.0    49.769    81.841    53.907    77.473    50.606    50.249    50.931    36.056    49.679    85.866    93.022    91.088    91.198    84.291    78.715    73.824    87.618    53.151    26.476    50.931    49.518    51.225    53.907    49.679    
23    53.759    40.804    43.29    78.102    98.995    67.742    38.833    13.601    91.241    53.254    41.049    8.246    44.418    3.162    72.346    91.22    36.125    38.013    34.0    5.657    39.825    80.529    0         32.65    43.046    36.014    41.012    59.481    35.511    75.928    30.15    7.071    92.005    80.623    5.099    6.325    71.113    35.014    7.071    73.878    99.539    42.048    62.241    2.236    36.125    7.0    40.05    34.234    36.014    45.222    33.541    6.0    42.19    39.446    37.736    33.615    2.236    8.062    92.022    36.056    91.935    34.132    37.054    39.051    36.125    85.422    
24    22.091    10.44    62.769    77.885    94.372    57.801    57.009    29.206    77.156    59.008    62.169    27.019    53.339    29.53    72.277    87.321    57.245    5.385    1.414    31.401    7.211    86.47    32.65    0         52.469    58.181    63.53    48.374    55.036    75.69    51.971    27.203    64.537    65.069    31.623    34.205    89.56    57.306    31.241    74.216    82.329    9.487    48.826    30.871    60.208    26.627    63.135    55.009    58.181    52.086    53.226    30.364    9.899    7.071    5.831    2.828    31.385    29.069    65.253    59.682    88.238    55.471    58.592    62.266    60.208    71.589    
25    61.294    51.865    18.028    36.235    58.249    36.056    14.036    31.016    59.211    10.63    20.396    37.696    1.414    42.485    30.806    50.478    19.026    55.317    53.6    37.59    57.489    37.577    43.046    52.469    0         21.024    23.345    32.573    16.125    34.205    20.248    39.0    79.649    52.24    47.885    36.892    38.471    21.095    36.235    32.016    70.007    57.28    37.0    44.294    25.02    39.925    24.187    18.248    21.024    4.0    16.492    48.301    60.638    58.249    57.871    50.804    41.183    36.249    78.262    24.021    51.039    19.235    20.0    24.083    25.02    54.037    
26    72.863    61.221    8.062    54.562    76.922    57.009    7.28    29.732    80.225    30.083    5.099    34.713    22.091    37.054    49.769    69.354    2.0    62.434    59.54    32.14    64.661    50.931    36.014    58.181    21.024    0         5.385    52.773    5.099    52.802    6.325    35.511    98.234    73.11    41.049    30.017    35.128    1.0    31.257    50.567    91.022    65.46    57.07    38.0    4.0    36.497    5.0    3.606    0.0    25.02    5.831    42.012    67.742    65.0    64.008    57.454    35.014    32.558    97.144    3.0    69.778    2.828    1.414    4.243    4.0    75.06    
27    77.897    66.4    6.325    54.424    76.694    59.304    9.487    35.114    82.006    31.145    3.0    40.025    24.187    42.19    50.0    69.289    6.403    67.742    64.885    37.336    69.971    49.204    41.012    63.53    23.345    5.385    0         55.785    9.22    52.811    11.705    40.792    102.044    75.538    46.0    35.128    30.414    6.325    36.497    50.596    93.048    70.725    60.166    43.046    5.385    41.773    1.414    8.602    5.385    27.295    10.63    47.011    73.062    70.328    69.354    62.769    40.112    37.855    100.846    5.099    69.642    8.062    5.0    2.236    5.385    77.026    
28    44.045    41.437    50.596    33.136    46.239    9.434    46.325    46.098    31.765    28.601    52.887    51.478    31.953    57.306    28.636    39.56    50.804    47.927    48.765    54.129    49.396    46.487    59.481    48.374    32.573    52.773    55.785    0         47.676    31.257    50.09    52.839    48.01    21.587    62.769    55.154    65.856    52.612    52.802    30.594    40.522    47.434    4.472    59.54    56.719    53.339    56.515    49.497    52.773    28.792    47.381    62.434    51.865    50.695    51.478    45.651    57.245    51.43    46.325    55.731    40.522    50.488    51.971    56.294    56.719    25.942    
29    68.768    57.428    8.062    50.606    72.945    52.0    3.606    27.459    75.326    25.632    7.211    33.061    17.263    36.125    45.618    65.299    3.162    59.059    56.365    31.064    61.294    48.166    35.511    55.036    16.125    5.099    9.22    47.676    0         48.765    5.831    34.015    93.231    68.066    40.608    29.275    36.056    5.0    30.017    46.53    86.052    61.911    51.971    37.336    9.055    35.014    9.434    2.236    5.099    20.1    2.0    41.437    64.413    61.717    60.836    54.12    34.234    31.016    92.114    8.062    65.765    3.162    4.472    8.944    9.055    70.114    
30    75.027    70.711    46.487    2.236    24.187    24.698    45.618    62.801    35.777    23.601    49.98    69.405    32.802    74.813    3.606    16.553    50.99    76.485    76.4    70.292    78.262    17.029    75.928    75.69    34.205    52.802    52.811    31.257    48.765    0         53.852    70.803    73.007    36.069    80.43    70.093    46.84    53.226    68.884    2.236    47.424    76.792    33.956    76.837    56.462    71.61    54.083    51.0    52.802    31.145    49.739    80.604    81.049    79.429    79.831    73.246    73.878    68.411    70.605    55.543    17.0    51.884    51.478    54.424    56.462    33.015    
31    67.179    55.317    13.153    55.758    78.032    55.227    9.434    23.409    78.918    30.414    11.045    28.443    21.541    31.0    50.606    70.328    6.0    56.303    53.339    26.019    58.523    53.907    30.15    51.971    20.248    6.325    11.705    50.09    5.831    53.852    0         29.275    94.244    71.028    35.228    24.021    41.012    5.385    25.08    51.624    89.359    59.405    54.231    32.062    8.485    30.265    11.18    4.123    6.325    24.042    4.243    36.125    61.587    58.83    57.801    51.313    29.017    26.306    93.301    7.81    70.831    4.0    7.071    10.296    8.485    73.553    
32    47.539    34.54    42.048    73.007    93.434    61.294    37.014    8.062    84.599    48.765    40.311    1.414    40.311    4.472    67.201    85.703    35.228    32.45    28.601    4.243    34.409    76.557    7.071    27.203    39.0    35.511    40.792    52.839    34.015    70.803    29.275    0         85.024    73.824    10.0    7.071    70.064    34.525    4.472    68.819    92.704    36.359    55.462    6.708    36.401    1.0    40.025    33.136    35.511    40.706    32.016    9.899    37.014    34.205    32.65    27.785    5.0    3.0    85.006    36.139    86.452    33.242    36.346    39.051    36.401    78.772    
33    44.011    54.129    97.494    74.061    74.33    49.518    92.612    81.498    44.385    76.609    99.318    84.054    79.259    89.0    71.84    71.694    96.385    60.166    63.789    88.142    59.775    90.0    92.005    64.537    79.649    98.234    102.044    48.01    93.231    73.007    94.244    85.024    0         37.59    93.086    90.272    113.701    97.862    87.207    73.41    39.0    56.613    43.6    91.005    101.951    85.006    102.552    94.705    98.234    76.158    92.477    92.136    59.808    61.033    62.936    62.169    90.022    85.147    3.0    101.02    72.615    95.635    97.693    102.157    101.951    43.081    
34    54.129    56.223    69.871    36.878    38.21    16.279    66.272    67.417    12.207    45.607    72.56    72.498    51.352    78.294    35.468    34.482    71.113    63.253    65.115    75.392    64.203    53.075    80.623    65.069    52.24    73.11    75.538    21.587    68.066    36.069    71.028    73.824    37.59    0         83.63    76.551    80.131    73.062    74.095    36.797    18.974    61.612    18.385    80.529    77.104    74.25    76.42    70.029    73.11    48.26    68.007    83.187    66.03    65.605    66.843    62.241    78.39    72.615    34.986    76.105    35.44    71.028    72.173    76.322    77.104    7.28    
35    53.367    40.608    48.374    82.62    103.276    71.281    43.932    17.692    94.515    57.983    46.098    11.402    49.244    5.657    76.837    95.525    41.195    37.0    32.894    10.296    38.626    85.422    5.099    31.623    47.885    41.049    46.0    62.769    40.608    80.43    35.228    10.0    93.086    83.63    0         11.402    76.164    40.05    11.662    78.409    102.46    41.11    65.299    3.606    41.049    9.434    45.011    39.319    41.049    49.93    38.639    1.414    40.719    38.079    36.249    32.985    6.708    12.042    93.263    41.012    96.26    39.205    42.107    44.011    41.049    88.685    
36    54.129    41.146    37.121    72.25    93.381    63.063    32.558    9.22    86.816    47.202    35.0    7.211    38.275    7.071    66.528    85.586    30.017    39.408    35.609    2.828    41.4    74.303    6.325    34.205    36.892    30.017    35.128    55.154    29.275    70.093    24.021    7.071    90.272    76.551    11.402    0         65.031    29.017    3.162    68.015    95.52    43.267    58.189    8.062    30.414    7.81    34.234    28.071    30.017    39.205    27.295    12.166    44.045    41.231    39.699    34.67    5.0    5.385    90.089    30.265    86.279    28.018    31.0    33.242    30.414    81.025    
37    99.765    90.078    28.018    47.297    66.008    64.9    33.242    63.388    82.28    37.483    30.067    69.116    38.079    72.007    45.88    60.299    35.014    92.973    90.802    67.0    95.189    34.0    71.113    89.56    38.471    35.128    30.414    65.856    36.056    46.84    41.012    70.064    113.701    80.131    76.164    65.031    0         36.125    66.008    45.222    93.984    95.273    70.178    73.062    35.693    71.063    31.575    37.0    35.128    40.497    38.053    77.104    98.351    95.818    95.21    88.233    70.029    67.067    111.826    35.511    60.208    37.014    34.059    32.558    35.693    78.791    
38    72.139    60.44    8.944    55.009    77.369    57.0    7.616    28.792    80.306    30.364    6.083    33.734    22.204    36.056    50.16    69.778    2.236    61.587    58.669    31.145    63.812    51.624    35.014    57.306    21.095    1.0    6.325    52.612    5.0    53.226    5.385    34.525    97.862    73.062    40.05    29.017    36.125    0         30.265    50.99    91.049    64.637    56.886    37.0    4.123    35.511    5.831    3.162    1.0    25.08    5.385    41.012    66.888    64.14    63.135    56.604    34.015    31.575    96.799    3.162    70.214    2.236    2.236    5.0    4.123    75.107    
39    50.99    38.013    38.0    71.063    91.924    60.902    33.136    6.708    84.528    46.325    36.125    4.243    37.59    6.325    65.299    84.149    31.064    36.401    32.65    1.414    38.419    73.79    7.071    31.241    36.235    31.257    36.497    52.802    30.017    68.884    25.08    4.472    87.207    74.095    11.662    3.162    66.008    30.265    0         66.843    93.048    40.224    55.714    8.062    32.016    5.385    35.693    29.017    31.257    38.275    28.018    12.083    41.11    38.288    36.797    31.623    5.0    2.236    87.052    31.78    84.865    29.069    32.14    34.713    32.016    78.721    
40    74.108    69.462    44.272    4.243    26.42    24.597    43.382    60.803    37.162    21.401    47.76    67.424    30.61    72.801    2.0    18.788    48.754    75.133    74.953    68.25    76.942    16.643    73.878    74.216    32.016    50.567    50.596    30.594    46.53    2.236    51.624    68.819    73.41    36.797    78.409    68.015    45.222    50.99    66.843    0         48.847    75.538    33.526    74.813    54.231    69.635    51.865    48.765    50.567    29.0    47.508    78.6    79.762    78.09    78.447    71.805    71.84    66.4    71.063    53.31    19.235    49.649    49.244    52.202    54.231    34.132    
41    68.6    72.863    87.144    47.413    38.833    34.132    84.0    86.377    11.705    62.29    90.05    91.389    69.0    97.17    48.104    38.897    89.022    79.931    82.219    94.34    80.61    63.285    99.539    82.329    70.007    91.022    93.048    40.522    86.052    47.424    89.359    92.704    39.0    18.974    102.46    95.52    93.984    91.049    93.048    48.847    0         77.795    37.336    99.403    95.021    93.107    94.021    88.091    91.022    66.008    86.145    101.98    82.073    82.024    83.451    79.511    97.309    91.548    36.0    94.021    39.598    89.09    90.006    94.005    95.021    16.031    
42    13.038    6.083    69.354    78.918    93.638    56.648    63.53    37.483    73.817    62.514    69.116    36.056    57.974    38.91    73.553    86.977    64.351    4.123    8.246    40.497    3.162    89.0    42.048    9.487    57.28    65.46    70.725    47.434    61.911    76.792    59.405    36.359    56.613    61.612    41.11    43.267    95.273    64.637    40.224    75.538    77.795    0         47.011    40.311    67.801    35.847    70.456    62.129    65.46    56.294    60.208    39.85    4.472    4.472    6.325    8.602    40.706    38.013    57.585    67.201    87.932    62.682    65.734    69.635    67.801    68.505    
43    42.426    41.146    55.027    35.693    46.84    10.05    50.695    49.041    29.411    33.015    57.28    54.129    36.401    59.933    31.623    40.608    55.109    47.885    49.092    57.009    49.193    49.769    62.241    48.826    37.0    57.07    60.166    4.472    51.971    33.956    54.231    55.462    43.6    18.385    65.299    58.189    70.178    56.886    55.714    33.526    37.336    47.011    0         62.169    61.0    55.902    60.877    53.759    57.07    33.242    51.624    64.885    51.478    50.537    51.478    46.043    60.008    54.231    41.881    60.017    41.593    54.745    56.294    60.638    61.0    23.601    
44    52.202    39.294    45.177    79.025    99.725    67.956    40.608    14.142    91.302    54.378    43.012    8.062    45.651    2.236    73.246    91.967    38.053    36.249    32.202    6.708    38.013    81.841    2.236    30.871    44.294    38.0    43.046    59.54    37.336    76.837    32.062    6.708    91.005    80.529    3.606    8.062    73.062    37.0    8.062    74.813    99.403    40.311    62.169    0         38.21    6.325    42.107    36.125    38.0    46.325    35.355    4.123    40.311    37.59    35.847    31.953    3.162    8.485    91.088    38.118    92.698    36.056    39.013    41.11    38.21    85.475    
45    75.664    63.781    10.63    58.181    80.529    61.008    11.18    31.305    84.214    33.956    7.071    35.735    26.077    37.483    53.488    73.007    6.0    64.637    61.587    32.757    66.851    53.907    36.125    60.208    25.02    4.0    5.385    56.719    9.055    56.462    8.485    36.401    101.951    77.104    41.049    30.414    35.693    4.123    32.016    54.231    95.021    67.801    61.0    38.21    0         37.363    4.123    7.28    4.0    29.017    9.487    42.107    69.893    67.119    66.038    59.641    35.355    33.526    100.901    1.0    73.41    6.325    5.099    3.162    0.0    79.057    
46    47.17    34.176    43.046    73.817    94.175    61.855    38.013    8.944    85.088    49.649    41.304    2.236    41.231    4.123    68.007    86.452    36.222    31.906    28.018    5.0    33.838    77.473    7.0    26.627    39.925    36.497    41.773    53.339    35.014    71.61    30.265    1.0    85.006    74.25    9.434    7.81    71.063    35.511    5.385    69.635    93.107    35.847    55.902    6.325    37.363    0         41.0    34.132    36.497    41.593    33.015    9.22    36.401    33.601    32.016    27.295    5.099    4.0    85.024    37.108    87.207    34.234    37.336    40.025    37.363    79.259    
47    77.833    66.219    7.616    55.714    78.0    60.208    10.198    34.54    83.024    32.249    4.123    39.294    25.08    41.304    51.245    70.576    6.403    67.417    64.498    36.497    69.642    50.606    40.05    63.135    24.187    5.0    1.414    56.515    9.434    54.083    11.18    40.025    102.552    76.42    45.011    34.234    31.575    5.831    35.693    51.865    94.021    70.456    60.877    42.107    4.123    41.0    0         8.485    5.0    28.16    10.63    46.043    72.719    69.971    68.964    62.434    39.205    37.108    101.39    4.0    70.937    7.81    5.0    1.0    4.123    78.006    
48    69.354    57.801    9.055    52.839    75.18    54.009    5.657    26.926    77.414    27.857    7.28    32.249    19.416    35.014    47.854    67.535    2.236    59.169    56.356    30.0    61.4    50.249    34.234    55.009    18.248    3.606    8.602    49.497    2.236    51.0    4.123    33.136    94.705    70.029    39.319    28.071    37.0    3.162    29.017    48.765    88.091    62.129    53.759    36.125    7.28    34.132    8.485    0         3.606    22.204    2.236    40.2    64.498    61.774    60.828    54.203    33.061    30.15    93.638    6.325    68.0    1.0    3.606    7.81    7.28    72.173    
49    72.863    61.221    8.062    54.562    76.922    57.009    7.28    29.732    80.225    30.083    5.099    34.713    22.091    37.054    49.769    69.354    2.0    62.434    59.54    32.14    64.661    50.931    36.014    58.181    21.024    0.0    5.385    52.773    5.099    52.802    6.325    35.511    98.234    73.11    41.049    30.017    35.128    1.0    31.257    50.567    91.022    65.46    57.07    38.0    4.0    36.497    5.0    3.606    0         25.02    5.831    42.012    67.742    65.0    64.008    57.454    35.014    32.558    97.144    3.0    69.778    2.828    1.414    4.243    4.0    75.06    
50    59.506    50.695    21.84    33.242    55.0    32.062    18.028    32.65    55.227    8.062    24.331    39.357    3.162    44.418    27.659    47.202    23.022    54.589    53.151    39.661    56.719    36.056    45.222    52.086    4.0    25.02    27.295    28.792    20.1    31.145    24.042    40.706    76.158    48.26    49.93    39.205    40.497    25.08    38.275    29.0    66.008    56.294    33.242    46.325    29.017    41.593    28.16    22.204    25.02    0         20.396    50.249    59.841    57.559    57.315    50.249    43.267    38.079    74.706    28.018    47.802    23.195    24.0    28.071    29.017    50.04    
51    67.268    55.803    10.05    51.624    73.926    52.038    5.385    25.495    75.538    26.401    8.944    31.064    17.72    34.132    46.53    66.242    4.243    57.306    54.562    29.069    59.54    49.679    33.541    53.226    16.492    5.831    10.63    47.381    2.0    49.739    4.243    32.016    92.477    68.007    38.639    27.295    38.053    5.385    28.018    47.508    86.145    60.208    51.624    35.355    9.487    33.015    10.63    2.236    5.831    20.396    0         39.459    62.65    59.942    59.034    52.355    32.249    29.017    91.417    8.544    66.731    3.162    5.657    10.0    9.487    70.257    
52    52.173    39.459    49.254    82.801    103.325    71.028    44.721    17.804    94.154    58.31    47.043    11.314    49.649    5.831    77.006    95.588    42.107    35.735    31.623    10.77    37.336    85.866    6.0    30.364    48.301    42.012    47.011    62.434    41.437    80.604    36.125    9.899    92.136    83.187    1.414    12.166    77.104    41.012    12.083    78.6    101.98    39.85    64.885    4.123    42.107    9.22    46.043    40.2    42.012    50.249    39.459    0         39.395    36.77    34.928    31.78    7.28    12.207    92.347    42.048    96.333    40.112    43.046    45.044    42.107    88.323    
53    15.811    10.44    72.014    83.187    98.082    61.098    66.212    39.051    78.237    66.272    71.589    36.878    61.392    39.115    77.782    91.395    66.731    5.385    8.485    41.231    3.162    93.022    42.19    9.899    60.638    67.742    73.062    51.865    64.413    81.049    61.587    37.014    59.808    66.03    40.719    44.045    98.351    66.888    41.11    79.762    82.073    4.472    51.478    40.311    69.893    36.401    72.719    64.498    67.742    59.841    62.65    39.395    0         2.828    4.472    10.296    41.049    38.949    60.926    69.34    92.347    65.0    68.096    71.868    69.893    72.945    
54    17.263    9.434    69.354    81.584    96.933    60.008    63.561    36.235    77.801    64.125    68.884    34.059    59.034    36.359    76.118    90.139    64.008    3.0    5.657    38.419    1.414    91.088    39.446    7.071    58.249    65.0    70.328    50.695    61.717    79.429    58.83    34.205    61.033    65.605    38.079    41.231    95.818    64.14    38.288    78.09    82.024    4.472    50.537    37.59    67.119    33.601    69.971    61.774    65.0    57.559    59.942    36.77    2.828    0         2.0    7.616    38.275    36.125    62.032    66.573    91.082    62.266    65.368    69.116    67.119    72.422    
55    19.235    10.63    68.542    82.0    97.693    60.836    62.769    35.0    79.025    64.031    67.978    32.558    58.694    34.67    76.485    90.824    63.063    3.606    4.472    36.878    3.162    91.198    37.736    5.831    57.871    64.008    69.354    51.478    60.836    79.831    57.801    32.65    62.936    66.843    36.249    39.699    95.21    63.135    36.797    78.447    83.451    6.325    51.478    35.847    66.038    32.016    68.964    60.828    64.008    57.315    59.034    34.928    4.472    2.0    0         7.071    36.62    34.655    63.906    65.513    91.761    61.294    64.413    68.096    66.038    73.6    
56    20.396    8.062    61.741    75.432    91.706    55.073    55.946    29.0    74.33    57.009    61.294    27.459    51.624    30.463    69.857    84.694    56.436    5.0    3.162    31.906    7.211    84.291    33.615    2.828    50.804    57.454    62.769    45.651    54.12    73.246    51.313    27.785    62.169    62.241    32.985    34.67    88.233    56.604    31.623    71.805    79.511    8.602    46.043    31.953    59.641    27.295    62.434    54.203    57.454    50.249    52.355    31.78    10.296    7.616    7.071    0         32.202    29.411    62.817    59.076    85.615    54.708    57.801    61.587    59.641    68.768    
57    52.202    39.217    42.107    76.059    96.876    65.513    37.483    11.402    89.006    51.313    40.0    6.083    42.544    2.236    70.292    89.107    35.014    36.715    32.757    3.606    38.588    78.715    2.236    31.385    41.183    35.014    40.112    57.245    34.234    73.878    29.017    5.0    90.022    78.39    6.708    5.0    70.029    34.015    5.0    71.84    97.309    40.706    60.008    3.162    35.355    5.099    39.205    33.061    35.014    43.267    32.249    7.28    41.049    38.275    36.62    32.202    0         5.831    90.006    35.228    89.828    33.015    36.0    38.21    35.355    83.187    
58    48.754    35.777    39.051    70.605    91.241    59.682    34.015    5.657    83.187    46.141    37.336    2.236    37.577    6.403    64.815    83.487    32.249    34.205    30.48    3.0    36.235    73.824    8.062    29.069    36.249    32.558    37.855    51.43    31.016    68.411    26.306    3.0    85.147    72.615    12.042    5.385    67.067    31.575    2.236    66.4    91.548    38.013    54.231    8.485    33.526    4.0    37.108    30.15    32.558    38.079    29.017    12.207    38.949    36.125    34.655    29.411    5.831    0         85.024    33.242    84.22    30.265    33.377    36.139    33.526    77.369    
59    45.188    54.818    96.177    71.61    71.47    47.381    91.389    81.222    41.485    74.887    98.087    84.0    77.827    89.051    69.527    68.942    95.273    61.033    64.56    88.023    60.745    87.618    92.022    65.253    78.262    97.144    100.846    46.325    92.114    70.605    93.301    85.006    3.0    34.986    93.263    90.089    111.826    96.799    87.052    71.063    36.0    57.585    41.881    91.088    100.901    85.024    101.39    93.638    97.144    74.706    91.417    92.347    60.926    62.032    63.906    62.817    90.006    85.024    0         99.96    69.857    94.578    96.566    101.02    100.901    40.311    
60    74.953    63.127    9.899    57.271    79.624    60.008    10.198    30.871    83.217    32.985    6.403    35.44    25.08    37.336    52.555    72.09    5.0    64.07    61.057    32.558    66.287    53.151    36.056    59.682    24.021    3.0    5.099    55.731    8.062    55.543    7.81    36.139    101.02    76.105    41.012    30.265    35.511    3.162    31.78    53.31    94.021    67.201    60.017    38.118    1.0    37.108    4.0    6.325    3.0    28.018    8.544    42.048    69.34    66.573    65.513    59.076    35.228    33.242    99.96    0         72.498    5.385    4.123    3.0    1.0    78.058    
