+-+-+-+-+-+-+-+-+-+-+-+-+-+-+ GRAFO CARGADO +-+-+-+-+-+-+-+-+-+-+-+-+-+-+-
        1         2         3         4         5         6         7         8         9         10        11        12        13        14        15        16        17        18        19        20        21        22        23        24        25        26        27        28        29        30        31        32        33        34        35        36        37        38        39        40        41        42        43        44        45        46
1     0         70.88    54.037    38.419    30.594    24.083    20.591    46.69    40.05    8.246    56.639    38.21    53.666    31.241    16.971    52.953    66.121    26.077    90.0    34.525    52.839    46.648    39.699    6.325    68.118    73.593    25.612    63.561    19.799    63.781    32.985    66.03    28.844    48.042    75.18    69.857    21.26    54.589    16.125    38.21    79.624    52.802    58.856    21.26    73.539    22.804    
2     70.88    0         101.863    66.603    89.308    64.405    91.082    64.9    35.609    71.021    68.877    38.419    48.332    98.387    86.163    18.868    24.083    66.272    74.108    36.77    22.804    48.332    65.299    77.201    24.0    71.386    93.038    11.662    54.332    29.732    92.087    22.804    68.118    29.732    16.125    48.166    62.129    95.268    78.715    60.959    14.56    28.636    31.623    90.62    73.756    91.082    
3     54.037    101.863    0         35.384    24.331    40.249    46.819    39.446    66.843    62.0    41.761    64.031    58.31    34.986    43.174    83.738    84.404    80.1    74.0    69.971    93.295    97.529    36.878    52.154    86.023    56.143    36.77    100.0    69.857    108.24    22.804    107.703    34.986    72.139    112.801    70.937    43.863    10.0    38.0    41.037    114.978    96.602    74.404    42.379    54.037    63.246    
4     38.419    66.603    35.384    0         30.0    14.422    46.519    8.944    32.249    46.043    18.439    29.53    24.739    44.407    40.249    48.826    49.396    60.166    53.666    37.363    60.166    70.0    2.0    41.037    51.108    36.056    41.231    65.513    45.122    75.895    32.062    74.324    10.0    36.878    78.23    40.05    17.889    28.844    29.53    5.657    80.0    64.56    39.446    43.081    35.609    58.412    
5     30.594    89.308    24.331    30.0    0         25.06    23.324    38.21    53.852    38.21    45.607    51.108    54.332    15.232    18.974    70.456    76.551    56.569    81.609    53.814    76.42    76.158    32.0    28.0    78.435    63.246    14.142    85.041    48.332    90.0    2.828    90.686    22.804    60.828    97.673    70.029    27.203    27.785    14.56    34.234    100.896    78.409    67.052    18.868    62.032    39.395    
6     24.083    64.405    40.249    14.422    25.06    0         34.928    22.627    28.844    31.623    32.558    26.077    32.558    36.497    28.636    45.607    51.923    46.174    66.573    30.0    53.254    58.549    15.62    27.203    53.852    49.679    32.062    60.828    32.062    68.0    27.785    67.676    6.0    35.777    73.593    49.031    4.0    36.878    18.111    14.422    76.42    56.356    42.755    32.249    49.518    44.944    
7     20.591    91.082    46.819    46.519    23.324    34.928    0         55.462    58.549    24.083    64.498    56.321    67.469    14.142    6.325    72.801    84.214    41.183    100.18    54.406    73.43    65.299    48.332    14.422    86.209    82.365    10.198    84.095    40.0    84.024    24.166    86.533    36.77    66.483    95.771    83.952    34.234    51.108    17.088    48.703    100.18    73.239    76.0    4.472    81.633    16.492    
8     46.69    64.9    39.446    8.944    38.21    22.627    55.462    0         32.985    54.037    10.0    30.594    18.868    52.953    49.193    48.332    45.343    67.082    44.721    40.05    61.612    74.431    7.211    49.679    46.861    27.203    50.0    65.391    51.264    77.666    40.05    75.286    18.868    35.777    77.82    32.558    25.612    31.241    38.471    8.944    78.892    66.753    35.384    52.0    26.907    67.201    
9     40.05    35.609    66.843    32.249    53.852    28.844    58.549    32.985    0         43.174    40.05    2.828    23.409    63.906    52.953    16.971    26.077    47.202    61.057    10.0    28.636    44.944    31.305    46.0    28.071    50.0    58.822    33.287    30.529    44.721    56.604    42.379    32.558    8.0    46.043    35.384    26.833    61.057    44.272    26.833    48.166    34.059    19.698    57.271    51.42    62.514    
10    8.246    71.021    62.0    46.043    38.21    31.623    24.083    54.037    43.174    0         64.031    41.761    59.363    36.715    22.361    54.037    69.051    18.439    96.54    36.056    51.264    41.231    47.202    10.77    71.021    80.623    31.305    62.642    17.088    60.465    40.447    63.53    36.715    50.99    73.539    75.18    28.425    62.801    24.0    45.343    78.435    50.12    62.642    26.077    80.722    20.1    
11    56.639    68.877    41.761    18.439    45.607    32.558    64.498    10.0    40.05    64.031    0         38.0    20.591    60.729    58.31    53.852    47.202    76.942    36.056    48.166    68.469    83.187    16.971    59.464    48.415    17.889    58.31    70.88    60.926    84.593    47.074    81.584    28.425    41.231    82.873    29.53    35.609    32.311    47.707    18.868    83.259    74.108    37.736    60.828    17.205    76.837    
12    38.21    38.419    64.031    29.53    51.108    26.077    56.321    30.594    2.828    41.761    38.0    0         22.361    61.351    50.636    19.799    28.0    46.861    60.465    10.77    31.048    46.174    28.636    44.045    30.0    48.703    56.321    36.056    30.0    47.074    53.852    44.944    29.732    10.198    48.826    35.384    24.166    58.31    41.761    24.166    50.99    36.222    20.881    54.918    50.0    60.828    
13    53.666    48.332    58.31    24.739    54.332    32.558    67.469    18.868    23.409    59.363    20.591    22.361    0         68.0    61.188    34.234    26.907    67.941    38.419    33.106    50.04    68.352    22.804    58.31    28.284    26.683    64.125    50.99    50.99    66.0    56.569    62.29    32.0    22.0    62.642    16.492    33.526    50.0    50.636    20.1    62.769    56.321    17.205    64.777    28.284    76.158    
14    31.241    98.387    34.986    44.407    15.232    36.497    14.142    52.953    63.906    36.715    60.729    61.351    68.0    0         14.422    79.624    88.295    54.626    96.768    61.774    82.801    77.666    46.39    26.077    90.244    78.435    5.657    92.65    50.99    94.763    14.422    96.54    36.0    71.47    104.862    84.095    37.363    41.037    19.698    48.042    108.757    83.546    79.246    10.77    77.253    30.067    
15    16.971    86.163    43.174    40.249    18.974    28.636    6.325    49.193    52.953    22.361    58.31    50.636    61.188    14.422    0         67.676    78.409    40.497    93.915    49.396    69.34    63.246    42.048    11.662    80.399    76.158    8.944    79.649    36.77    80.722    20.396    82.801    30.463    60.828    91.586    77.666    28.071    46.519    10.77    42.379    95.771    69.656    70.029    4.472    75.472    20.591    
16    52.953    18.868    83.738    48.826    70.456    45.607    72.801    48.332    16.971    54.037    53.852    19.799    34.234    79.624    67.676    0         19.799    52.498    67.052    18.439    17.088    41.037    47.707    59.228    21.26    60.033    74.324    17.088    38.21    32.249    73.239    28.071    49.518    12.649    29.53    39.85    43.267    77.666    59.933    43.267    31.241    24.166    20.881    72.111    62.0    74.108    
17    66.121    24.083    84.404    49.396    76.551    51.923    84.214    45.343    26.077    69.051    47.202    28.0    26.907    88.295    78.409    19.799    0         70.682    50.359    33.526    36.056    60.828    47.707    72.028    2.0    47.539    83.546    31.048    55.027    49.396    79.12    43.681    53.852    18.111    40.0    24.083    50.99    76.577    69.051    43.909    38.471    43.267    10.0    82.608    50.0    88.566    
18    26.077    66.272    80.1    60.166    56.569    46.174    41.183    67.082    47.202    18.439    76.942    46.861    67.941    54.626    40.497    52.498    70.682    0         106.301    37.736    44.0    26.077    60.926    29.12    72.498    92.087    49.396    56.0    16.971    48.703    58.856    53.367    51.923    53.852    64.777    82.219    42.379    80.225    42.19    58.138    70.456    40.447    66.573    43.863    92.65    31.241    
19    90.0    74.108    74.0    53.666    81.609    66.573    100.18    44.721    61.057    96.54    36.056    60.465    38.419    96.768    93.915    67.052    50.359    106.301    0         71.021    84.119    105.546    51.884    93.744    50.16    18.439    94.34    81.216    89.376    98.955    82.97    93.744    63.53    57.271    90.2    27.203    68.819    64.0    83.187    52.154    88.0    91.082    46.174    96.664    20.1    111.517    
20    34.525    36.77    69.971    37.363    53.814    30.0    54.406    40.05    10.0    36.056    48.166    10.77    33.106    61.774    49.396    18.439    33.526    37.736    71.021    0         23.324    35.44    36.878    40.792    35.44    59.464    56.356    31.241    21.541    38.626    56.639    37.736    34.986    16.125    43.863    45.343    26.907    65.391    42.19    32.558    47.202    27.203    28.844    53.852    60.729    56.0    
21    52.839    22.804    93.295    60.166    76.42    53.254    73.43    61.612    28.636    51.264    68.469    31.048    50.04    82.801    69.34    17.088    36.056    44.0    84.119    23.324    0         26.077    59.464    59.059    37.202    76.42    77.201    12.0    34.176    16.125    79.246    14.422    58.31    28.071    22.361    56.921    50.0    88.566    63.781    55.027    27.203    7.211    37.947    73.783    78.23    70.88    
22    46.648    48.332    97.529    70.0    76.158    58.549    65.299    74.431    44.944    41.231    83.187    46.174    68.352    77.666    63.246    41.037    60.828    26.077    105.546    35.44    26.077    0         70.029    51.614    62.225    94.868    72.111    36.77    27.857    24.083    78.791    30.067    64.498    48.374    42.19    78.892    54.589    95.352    61.741    66.121    48.374    19.698    60.465    67.201    96.167    57.201    
23    39.699    65.299    36.878    2.0    32.0    15.62    48.332    7.211    31.305    47.202    16.971    28.636    22.804    46.39    42.048    47.707    47.707    60.926    51.884    36.878    59.464    70.029    0         42.521    49.396    34.409    43.174    64.498    45.607    75.286    34.059    73.539    11.662    35.609    77.175    38.053    18.868    30.0    31.305    4.472    78.816    64.031    37.736    44.944    34.059    60.0    
24    6.325    77.201    52.154    41.037    28.0    27.203    14.422    49.679    46.0    10.77    59.464    44.045    58.31    26.077    11.662    59.228    72.028    29.12    93.744    40.792    59.059    51.614    42.521    0         74.027    76.837    20.591    69.857    25.612    69.656    30.067    72.111    31.113    54.0    81.413    74.673    25.06    53.852    14.56    41.617    85.907    58.822    64.498    15.62    76.577    17.889    
25    68.118    24.0    86.023    51.108    78.435    53.852    86.209    46.861    28.071    71.021    48.415    30.0    28.284    90.244    80.399    21.26    2.0    72.498    50.16    35.44    37.202    62.225    49.396    74.027    0         48.083    85.51    31.623    56.921    50.16    80.994    44.272    55.714    20.1    40.05    24.331    52.953    78.102    71.021    45.651    38.21    44.407    11.662    84.593    50.596    90.554    
26    73.593    71.386    56.143    36.056    63.246    49.679    82.365    27.203    50.0    80.623    17.889    48.703    26.683    78.435    76.158    60.033    47.539    92.087    18.439    59.464    76.42    94.868    34.409    76.837    48.083    0         76.158    76.105    75.472    92.195    64.56    88.0    46.043    48.374    86.833    24.166    52.345    46.174    65.513    35.384    85.907    82.873    40.2    78.715    2.828    94.403    
27    25.612    93.038    36.77    41.231    14.142    32.062    10.198    50.0    58.822    31.305    58.31    56.321    64.125    5.657    8.944    74.324    83.546    49.396    94.34    56.356    77.201    72.111    43.174    20.591    85.51    76.158    0         87.132    45.343    89.107    14.422    90.907    32.249    66.483    99.298    80.399    32.558    41.617    14.56    44.407    103.247    77.897    74.673    6.0    75.153    26.683    
28    63.561    11.662    100.0    65.513    85.041    60.828    84.095    65.391    33.287    62.642    70.88    36.056    50.99    92.65    79.649    17.088    31.048    56.0    81.216    31.241    12.0    36.77    64.498    69.857    31.623    76.105    87.132    0         45.607    18.868    87.864    12.649    65.299    29.732    12.806    54.332    58.0    94.34    73.239    60.033    16.125    17.088    36.0    84.119    78.23    82.462    
29    19.799    54.332    69.857    45.122    48.332    32.062    40.0    51.264    30.529    17.088    60.926    30.0    50.99    50.99    36.77    38.21    55.027    16.971    89.376    21.541    34.176    27.857    45.607    25.612    56.921    75.472    45.343    45.607    0         44.045    50.99    46.648    38.053    37.577    56.462    65.299    28.071    68.264    34.0    42.379    61.351    33.287    50.12    41.037    76.158    36.878    
30    63.781    29.732    108.24    75.895    90.0    68.0    84.024    77.666    44.721    60.465    84.593    47.074    66.0    94.763    80.722    32.249    49.396    48.703    98.955    38.626    16.125    24.083    75.286    69.656    50.16    92.195    89.107    18.868    44.045    0         92.801    7.211    73.348    44.0    18.974    71.805    64.498    104.0    76.577    70.88    25.298    11.662    52.953    85.041    94.085    78.715    
31    32.985    92.087    22.804    32.062    2.828    27.785    24.166    40.05    56.604    40.447    47.074    53.852    56.569    14.422    20.396    73.239    79.12    58.856    82.97    56.639    79.246    78.791    34.059    30.067    80.994    64.56    14.422    87.864    50.99    92.801    0         93.509    25.298    63.53    100.499    72.111    30.0    27.203    17.088    36.497    103.711    81.216    69.57    19.698    63.246    40.497    
32    66.03    22.804    107.703    74.324    90.686    67.676    86.533    75.286    42.379    63.53    81.584    44.944    62.29    96.54    82.801    28.071    43.681    53.367    93.744    37.736    14.422    30.067    73.539    72.111    44.272    88.0    90.907    12.649    46.648    7.211    93.509    0         72.719    40.447    12.166    66.753    64.405    102.859    77.795    69.08    18.439    13.416    48.166    87.201    90.022    82.462    
33    28.844    68.118    34.986    10.0    22.804    6.0    36.77    18.868    32.558    36.715    28.425    29.732    32.0    36.0    30.463    49.518    53.852    51.923    63.53    34.986    58.31    64.498    11.662    31.113    55.714    46.043    32.249    65.299    38.053    73.348    25.298    72.719    0         38.833    78.102    48.166    10.0    31.048    19.698    12.166    80.623    61.741    44.272    33.526    45.607    48.415    
34    48.042    29.732    72.139    36.878    60.828    35.777    66.483    35.777    8.0    50.99    41.231    10.198    22.0    71.47    60.828    12.649    18.111    53.852    57.271    16.125    28.071    48.374    35.609    54.0    20.1    48.374    66.483    29.732    37.577    44.0    63.53    40.447    38.833    0         42.048    30.529    34.176    65.605    51.923    31.241    43.267    34.525    12.806    65.115    50.16    70.456    
35    75.18    16.125    112.801    78.23    97.673    73.593    95.771    77.82    46.043    73.539    82.873    48.826    62.642    104.862    91.586    29.53    40.0    64.777    90.2    43.863    22.361    42.19    77.175    81.413    40.05    86.833    99.298    12.806    56.462    18.974    100.499    12.166    78.102    42.048    0         64.031    70.711    107.07    85.604    72.719    6.325    24.331    46.69    96.042    89.107    92.973    
36    69.857    48.166    70.937    40.05    70.029    49.031    83.952    32.558    35.384    75.18    29.53    35.384    16.492    84.095    77.666    39.85    24.083    82.219    27.203    45.343    56.921    78.892    38.053    74.673    24.331    24.166    80.399    54.332    65.299    71.805    72.111    66.753    48.166    30.529    64.031    0         50.0    61.741    67.082    36.056    62.514    63.906    18.974    81.216    26.833    92.477    
37    21.26    62.129    43.863    17.889    27.203    4.0    34.234    25.612    26.833    28.425    35.609    24.166    33.526    37.363    28.071    43.267    50.99    42.379    68.819    26.907    50.0    54.589    18.868    25.06    52.953    52.345    32.558    58.0    28.071    64.498    30.0    64.405    10.0    34.176    70.711    50.0    0         40.792    18.111    16.971    73.756    52.839    42.19    32.0    52.345    42.942    
38    54.589    95.268    10.0    28.844    27.785    36.878    51.108    31.241    61.057    62.801    32.311    58.31    50.0    41.037    46.519    77.666    76.577    80.225    64.0    65.391    88.566    95.352    30.0    53.852    78.102    46.174    41.617    94.34    68.264    104.0    27.203    102.859    31.048    65.605    107.07    61.741    40.792    0         39.294    34.409    108.812    92.477    66.603    46.648    44.045    67.082    
39    16.125    78.715    38.0    29.53    14.56    18.111    17.088    38.471    44.272    24.0    47.707    41.761    50.636    19.698    10.77    59.933    69.051    42.19    83.187    42.19    63.781    61.741    31.305    14.56    71.021    65.513    14.56    73.239    34.0    76.577    17.088    77.795    19.698    51.923    85.604    67.082    18.111    39.294    0         31.623    89.308    65.115    60.299    14.142    64.9    29.732    
40    38.21    60.959    41.037    5.657    34.234    14.422    48.703    8.944    26.833    45.343    18.868    24.166    20.1    48.042    42.379    43.267    43.909    58.138    52.154    32.558    55.027    66.121    4.472    41.617    45.651    35.384    44.407    60.033    42.379    70.88    36.497    69.08    12.166    31.241    72.719    36.056    16.971    34.409    31.623    0         74.404    59.666    34.0    45.607    35.384    59.363    
41    79.624    14.56    114.978    80.0    100.896    76.42    100.18    78.892    48.166    78.435    83.259    50.99    62.769    108.757    95.771    31.241    38.471    70.456    88.0    47.202    27.203    48.374    78.816    85.907    38.21    85.907    103.247    16.125    61.351    25.298    103.711    18.439    80.623    43.267    6.325    62.514    73.756    108.812    89.308    74.404    0         30.067    46.174    100.24    88.295    98.082    
42    52.802    28.636    96.602    64.56    78.409    56.356    73.239    66.753    34.059    50.12    74.108    36.222    56.321    83.546    69.656    24.166    43.267    40.447    91.082    27.203    7.211    19.698    64.031    58.822    44.407    82.873    77.897    17.088    33.287    11.662    81.216    13.416    61.741    34.525    24.331    63.906    52.839    92.477    65.115    59.666    30.067    0         44.944    74.027    84.593    69.08    
43    58.856    31.623    74.404    39.446    67.052    42.755    76.0    35.384    19.698    62.642    37.736    20.881    17.205    79.246    70.029    20.881    10.0    66.573    46.174    28.844    37.947    60.465    37.736    64.498    11.662    40.2    74.673    36.0    50.12    52.953    69.57    48.166    44.272    12.806    46.69    18.974    42.19    66.603    60.299    34.0    46.174    44.944    0         74.108    42.426    81.584    
44    21.26    90.62    42.379    43.081    18.868    32.249    4.472    52.0    57.271    26.077    60.828    54.918    64.777    10.77    4.472    72.111    82.608    43.863    96.664    53.852    73.783    67.201    44.944    15.62    84.593    78.715    6.0    84.119    41.037    85.041    19.698    87.201    33.526    65.115    96.042    81.216    32.0    46.648    14.142    45.607    100.24    74.027    74.108    0         77.897    20.881    
45    73.539    73.756    54.037    35.609    62.032    49.518    81.633    26.907    51.42    80.722    17.205    50.0    28.284    77.253    75.472    62.0    50.0    92.65    20.1    60.729    78.23    96.167    34.059    76.577    50.596    2.828    75.153    78.23    76.158    94.085    63.246    90.022    45.607    50.16    89.107    26.833    52.345    44.045    64.9    35.384    88.295    84.593    42.426    77.897    0         94.021    
46    22.804    91.082    63.246    58.412    39.395    44.944    16.492    67.201    62.514    20.1    76.837    60.828    76.158    30.067    20.591    74.108    88.566    31.241    111.517    56.0    70.88    57.201    60.0    17.889    90.554    94.403    26.683    82.462    36.878    78.715    40.497    82.462    48.415    70.456    92.973    92.477    42.942    67.082    29.732    59.363    98.082    69.08    81.584    20.881    94.021    0         


Demandas:
1: 0.0
2: 12.0
3: 26.0
4: 1.0
5: 20.0
6: 2.0
7: 13.0
8: 20.0
9: 7.0
10: 10.0
11: 15.0
12: 7.0
13: 24.0
14: 10.0
15: 12.0
16: 23.0
17: 13.0
18: 19.0
19: 9.0
20: 12.0
21: 6.0
22: 9.0
23: 22.0
24: 18.0
25: 19.0
26: 20.0
27: 24.0
28: 10.0
29: 4.0
30: 20.0
31: 15.0
32: 13.0
33: 12.0
34: 3.0
35: 7.0
36: 18.0
37: 3.0
38: 23.0
39: 1.0
40: 17.0
41: 13.0
42: 6.0
43: 22.0
44: 20.0
45: 21.0
46: 2.0
+-+-+-+-+-+-+-+-+-+-+-+-+-+-+-+ SOLUCION INICIAL +-+-+-+-+-+-+-+-+-+-+-+-+-+-+-+-

Ruta #1: [1, 3, 39, 5, 31, 38]
Costo asociado: 191.217      Capacidad: 85.0

Ruta #2: [1, 6, 8, 40, 23, 13, 20]
Costo asociado: 150.561      Capacidad: 97.0

Ruta #3: [1, 10, 18]
Costo asociado: 52.762      Capacidad: 29.0

Ruta #4: [1, 7, 24, 46, 14, 44, 27, 15]
Costo asociado: 125.654      Capacidad: 99.0

Ruta #5: [1, 16, 17, 25, 43, 34, 9, 12]
Costo asociado: 148.258      Capacidad: 94.0

Ruta #6: [1, 19, 37, 36, 26, 45, 11, 4, 33]
Costo asociado: 310.30100000000004      Capacidad: 99.0

Ruta #7: [1, 22, 29, 30, 42, 32, 35, 41, 2, 28, 21]
Costo asociado: 253.17999999999998      Capacidad: 100.0

--> Costo total: 1231.933          Capacidad total: 603.0

+-+-+-+-+-+-+-+-+-+-+-+-+-+-+-+-+-+-+-+-+-+-+-+-+- Iteracion 7  +-+-+-+-+-+-+-+-+-+-+-+-+-+-+-+-+-+-+-+-+-+-+-+-+-


Ruta #1: [1, 3, 39, 5, 31, 38]
Costo asociado: 191.217      Capacidad: 85.0

Ruta #2: [1, 6, 8, 40, 23, 13, 20]
Costo asociado: 150.561      Capacidad: 97.0

Ruta #3: [1, 10, 18]
Costo asociado: 52.762      Capacidad: 29.0

Ruta #4: [1, 7, 24, 46, 14, 44, 27, 15]
Costo asociado: 125.654      Capacidad: 99.0

Ruta #5: [1, 16, 17, 25, 43, 34, 9, 12]
Costo asociado: 148.258      Capacidad: 94.0

Ruta #6: [1, 19, 37, 36, 26, 45, 11, 4, 33]
Costo asociado: 310.30100000000004      Capacidad: 99.0

Ruta #7: [1, 22, 29, 30, 42, 32, 35, 41, 2, 28, 21]
Costo asociado: 253.17999999999998      Capacidad: 100.0

--> Costo total: 1231.732          Capacidad total: 603.0

+-+-+-+-+-+-+-+-+-+-+-+-+-+-+-+-+-+-+-+-+-+-+-+-+- Iteracion 7  +-+-+-+-+-+-+-+-+-+-+-+-+-+-+-+-+-+-+-+-+-+-+-+-+-

La solución anterior duró 0min 0seg    -------> Nuevo optimo local. Costo: 1231.732       ==> Optimo: 914.0  Desvio: 34.8%
Lista tabu: [((32,35,12.166),5), ((28,21,12.0),5), ((28,32,12.649),4), ((12,9,2.828),6), ((9,34,8.0),6), ((1,20,34.525),6), ((20,13,33.106),6), ((12,20,10.77),5), ((30,42,11.662),7), ((21,1,52.839),7), ((21,30,16.125),6)]

+-+-+-+-+-+-+-+-+-+-+-+-+-+-+-+-+-+-+-+-+-+-+-+-+- Iteracion 14  +-+-+-+-+-+-+-+-+-+-+-+-+-+-+-+-+-+-+-+-+-+-+-+-+-


Ruta #1: [1, 3, 39, 5, 31, 38]
Costo asociado: 191.217      Capacidad: 85.0

Ruta #2: [1, 6, 8, 40, 23, 13, 20]
Costo asociado: 150.561      Capacidad: 97.0

Ruta #3: [1, 10, 18]
Costo asociado: 52.762      Capacidad: 29.0

Ruta #4: [1, 7, 24, 46, 14, 44, 27, 15]
Costo asociado: 125.654      Capacidad: 99.0

Ruta #5: [1, 16, 25, 17, 43, 34, 9, 12]
Costo asociado: 148.05700000000002      Capacidad: 94.0

Ruta #6: [1, 19, 37, 36, 26, 45, 11, 4, 33]
Costo asociado: 310.30100000000004      Capacidad: 99.0

Ruta #7: [1, 22, 29, 30, 42, 32, 35, 41, 2, 28, 21]
Costo asociado: 253.17999999999998      Capacidad: 100.0

--> Costo total: 1222.1470000000002          Capacidad total: 603.0

+-+-+-+-+-+-+-+-+-+-+-+-+-+-+-+-+-+-+-+-+-+-+-+-+- Iteracion 14  +-+-+-+-+-+-+-+-+-+-+-+-+-+-+-+-+-+-+-+-+-+-+-+-+-

La solución anterior duró 0min 0seg    -------> Nuevo optimo local. Costo: 1222.1470000000002       ==> Optimo: 914.0  Desvio: 33.7%
Lista tabu: [((16,17,19.799),5), ((25,43,11.662),5), ((16,25,21.26),4), ((32,35,12.166),2), ((28,21,12.0),2), ((28,32,12.649),1), ((25,17,2.0),3), ((43,34,12.806),3), ((25,43,11.662),2), ((32,35,12.166),4), ((41,2,14.56),4), ((32,41,18.439),3), ((42,32,13.416),5), ((28,21,12.0),5), ((28,42,17.088),4), ((35,41,6.325),6), ((2,28,11.662),6), ((2,35,16.125),5), ((16,25,21.26),7), ((34,9,8.0),7), ((43,34,12.806),7), ((16,34,12.649),6)]

+-+-+-+-+-+-+-+-+-+-+-+-+-+-+-+-+-+-+-+-+-+-+-+-+- Iteracion 22  +-+-+-+-+-+-+-+-+-+-+-+-+-+-+-+-+-+-+-+-+-+-+-+-+-


Ruta #1: [1, 3, 39, 5, 31, 38]
Costo asociado: 191.217      Capacidad: 85.0

Ruta #2: [1, 6, 8, 40, 23, 13, 20]
Costo asociado: 150.561      Capacidad: 97.0

Ruta #3: [1, 10, 18]
Costo asociado: 52.762      Capacidad: 29.0

Ruta #4: [1, 7, 24, 46, 14, 27, 44, 15]
Costo asociado: 116.06899999999999      Capacidad: 99.0

Ruta #5: [1, 16, 25, 17, 43, 34, 9, 12]
Costo asociado: 148.05700000000002      Capacidad: 94.0

Ruta #6: [1, 19, 37, 36, 26, 45, 11, 4, 33]
Costo asociado: 310.30100000000004      Capacidad: 99.0

Ruta #7: [1, 22, 29, 30, 42, 32, 35, 41, 2, 28, 21]
Costo asociado: 253.17999999999998      Capacidad: 100.0

--> Costo total: 1220.227          Capacidad total: 603.0

+-+-+-+-+-+-+-+-+-+-+-+-+-+-+-+-+-+-+-+-+-+-+-+-+- Iteracion 22  +-+-+-+-+-+-+-+-+-+-+-+-+-+-+-+-+-+-+-+-+-+-+-+-+-

La solución anterior duró 0min 0seg    -------> Nuevo optimo local. Costo: 1220.227       ==> Optimo: 914.0  Desvio: 33.5%
Lista tabu: [((30,42,11.662),7), ((35,41,6.325),7), ((30,35,18.974),6)]

+-+-+-+-+-+-+-+-+-+-+-+-+-+-+-+-+-+-+-+-+-+-+-+-+- Iteracion 23  +-+-+-+-+-+-+-+-+-+-+-+-+-+-+-+-+-+-+-+-+-+-+-+-+-


Ruta #1: [1, 3, 39, 5, 31, 38]
Costo asociado: 191.217      Capacidad: 85.0

Ruta #2: [1, 6, 8, 40, 23, 13, 20]
Costo asociado: 150.561      Capacidad: 97.0

Ruta #3: [1, 10, 18]
Costo asociado: 52.762      Capacidad: 29.0

Ruta #4: [1, 7, 46, 24, 14, 27, 44, 15]
Costo asociado: 114.14899999999999      Capacidad: 99.0

Ruta #5: [1, 16, 25, 17, 43, 34, 9, 12]
Costo asociado: 148.05700000000002      Capacidad: 94.0

Ruta #6: [1, 19, 37, 36, 26, 45, 11, 4, 33]
Costo asociado: 310.30100000000004      Capacidad: 99.0

Ruta #7: [1, 22, 29, 30, 42, 32, 35, 41, 2, 28, 21]
Costo asociado: 253.17999999999998      Capacidad: 100.0

--> Costo total: 1215.893          Capacidad total: 603.0

+-+-+-+-+-+-+-+-+-+-+-+-+-+-+-+-+-+-+-+-+-+-+-+-+- Iteracion 23  +-+-+-+-+-+-+-+-+-+-+-+-+-+-+-+-+-+-+-+-+-+-+-+-+-

La solución anterior duró 0min 0seg    -------> Nuevo optimo local. Costo: 1215.893       ==> Optimo: 914.0  Desvio: 33.0%
Lista tabu: [((30,42,11.662),6), ((35,41,6.325),6), ((30,35,18.974),5), ((7,24,14.422),11), ((46,14,30.067),11), ((7,46,16.492),10)]

+-+-+-+-+-+-+-+-+-+-+-+-+-+-+-+-+-+-+-+-+-+-+-+-+- Iteracion 24  +-+-+-+-+-+-+-+-+-+-+-+-+-+-+-+-+-+-+-+-+-+-+-+-+-


Ruta #1: [1, 3, 39, 5, 31, 38]
Costo asociado: 191.217      Capacidad: 85.0

Ruta #2: [1, 6, 8, 40, 23, 13, 20]
Costo asociado: 150.561      Capacidad: 97.0

Ruta #3: [1, 10, 18]
Costo asociado: 52.762      Capacidad: 29.0

Ruta #4: [1, 7, 15, 44, 27, 14, 24, 46]
Costo asociado: 109.815      Capacidad: 99.0

Ruta #5: [1, 16, 25, 17, 43, 34, 9, 12]
Costo asociado: 148.05700000000002      Capacidad: 94.0

Ruta #6: [1, 19, 37, 36, 26, 45, 11, 4, 33]
Costo asociado: 310.30100000000004      Capacidad: 99.0

Ruta #7: [1, 22, 29, 30, 42, 32, 35, 41, 2, 28, 21]
Costo asociado: 253.17999999999998      Capacidad: 100.0

--> Costo total: 1124.356          Capacidad total: 603.0

+-+-+-+-+-+-+-+-+-+-+-+-+-+-+-+-+-+-+-+-+-+-+-+-+- Iteracion 24  +-+-+-+-+-+-+-+-+-+-+-+-+-+-+-+-+-+-+-+-+-+-+-+-+-

La solución anterior duró 0min 0seg    -------> Nuevo optimo local. Costo: 1124.356       ==> Optimo: 914.0  Desvio: 23.0%
Lista tabu: [((30,42,11.662),5), ((35,41,6.325),5), ((30,35,18.974),4), ((7,24,14.422),10), ((46,14,30.067),10), ((7,46,16.492),9), ((7,46,16.492),11), ((15,1,16.971),11), ((7,15,6.325),10)]

+-+-+-+-+-+-+-+-+-+-+-+-+-+-+-+-+-+-+-+-+-+-+-+-+- Iteracion 38  +-+-+-+-+-+-+-+-+-+-+-+-+-+-+-+-+-+-+-+-+-+-+-+-+-


Ruta #1: [1, 3, 39, 5, 31, 38]
Costo asociado: 191.217      Capacidad: 85.0

Ruta #2: [1, 6, 8, 40, 23, 13, 20]
Costo asociado: 150.561      Capacidad: 97.0

Ruta #3: [1, 10, 18]
Costo asociado: 52.762      Capacidad: 29.0

Ruta #4: [1, 7, 15, 44, 27, 14, 24, 46]
Costo asociado: 109.815      Capacidad: 99.0

Ruta #5: [1, 16, 25, 17, 43, 34, 9, 12]
Costo asociado: 148.05700000000002      Capacidad: 94.0

Ruta #6: [1, 37, 19, 36, 26, 45, 11, 4, 33]
Costo asociado: 218.76399999999998      Capacidad: 99.0

Ruta #7: [1, 22, 29, 30, 42, 32, 35, 41, 2, 28, 21]
Costo asociado: 253.17999999999998      Capacidad: 100.0

--> Costo total: 1123.64          Capacidad total: 603.0

+-+-+-+-+-+-+-+-+-+-+-+-+-+-+-+-+-+-+-+-+-+-+-+-+- Iteracion 38  +-+-+-+-+-+-+-+-+-+-+-+-+-+-+-+-+-+-+-+-+-+-+-+-+-

La solución anterior duró 0min 0seg    -------> Nuevo optimo local. Costo: 1123.64       ==> Optimo: 914.0  Desvio: 22.900000000000002%
Lista tabu: [((39,5,14.56),4), ((31,38,27.203),4), ((31,39,17.088),3), ((27,14,5.657),5), ((14,24,26.077),5), ((5,31,2.828),5), ((14,31,14.422),4), ((5,31,2.828),6), ((31,38,27.203),6), ((44,27,6.0),6), ((27,14,5.657),6), ((5,27,14.142),5), ((30,42,11.662),7), ((35,41,6.325),7), ((30,35,18.974),6)]

+-+-+-+-+-+-+-+-+-+-+-+-+-+-+-+-+-+-+-+-+-+-+-+-+- Iteracion 40  +-+-+-+-+-+-+-+-+-+-+-+-+-+-+-+-+-+-+-+-+-+-+-+-+-


Ruta #1: [1, 3, 39, 5, 31, 38]
Costo asociado: 191.217      Capacidad: 85.0

Ruta #2: [1, 6, 8, 40, 23, 13, 20]
Costo asociado: 150.561      Capacidad: 97.0

Ruta #3: [1, 10, 18]
Costo asociado: 52.762      Capacidad: 29.0

Ruta #4: [1, 7, 15, 44, 14, 27, 24, 46]
Costo asociado: 109.099      Capacidad: 99.0

Ruta #5: [1, 16, 25, 17, 43, 34, 9, 12]
Costo asociado: 148.05700000000002      Capacidad: 94.0

Ruta #6: [1, 37, 19, 36, 26, 45, 11, 4, 33]
Costo asociado: 218.76399999999998      Capacidad: 99.0

Ruta #7: [1, 22, 29, 30, 42, 32, 35, 41, 2, 28, 21]
Costo asociado: 253.17999999999998      Capacidad: 100.0

--> Costo total: 1118.174          Capacidad total: 603.0

+-+-+-+-+-+-+-+-+-+-+-+-+-+-+-+-+-+-+-+-+-+-+-+-+- Iteracion 40  +-+-+-+-+-+-+-+-+-+-+-+-+-+-+-+-+-+-+-+-+-+-+-+-+-

La solución anterior duró 0min 0seg    -------> Nuevo optimo local. Costo: 1118.174       ==> Optimo: 914.0  Desvio: 22.3%
Lista tabu: [((39,5,14.56),2), ((31,38,27.203),2), ((31,39,17.088),1), ((27,14,5.657),3), ((14,24,26.077),3), ((5,31,2.828),3), ((14,31,14.422),2), ((5,31,2.828),4), ((31,38,27.203),4), ((44,27,6.0),4), ((27,14,5.657),4), ((5,27,14.142),3), ((30,42,11.662),5), ((35,41,6.325),5), ((30,35,18.974),4), ((44,27,6.0),10), ((14,24,26.077),10), ((14,44,10.77),9), ((34,9,8.0),7), ((12,1,38.21),7), ((12,34,10.198),6)]

+-+-+-+-+-+-+-+-+-+-+-+-+-+-+-+-+-+-+-+-+-+-+-+-+- Iteracion 41  +-+-+-+-+-+-+-+-+-+-+-+-+-+-+-+-+-+-+-+-+-+-+-+-+-


Ruta #1: [1, 3, 39, 5, 31, 38]
Costo asociado: 191.217      Capacidad: 85.0

Ruta #2: [1, 6, 40, 8, 23, 13, 20]
Costo asociado: 145.095      Capacidad: 97.0

Ruta #3: [1, 10, 18]
Costo asociado: 52.762      Capacidad: 29.0

Ruta #4: [1, 7, 15, 44, 14, 27, 24, 46]
Costo asociado: 109.099      Capacidad: 99.0

Ruta #5: [1, 16, 25, 17, 43, 34, 9, 12]
Costo asociado: 148.05700000000002      Capacidad: 94.0

Ruta #6: [1, 37, 19, 36, 26, 45, 11, 4, 33]
Costo asociado: 218.76399999999998      Capacidad: 99.0

Ruta #7: [1, 22, 29, 30, 42, 32, 35, 41, 2, 28, 21]
Costo asociado: 253.17999999999998      Capacidad: 100.0

--> Costo total: 1097.455          Capacidad total: 603.0

+-+-+-+-+-+-+-+-+-+-+-+-+-+-+-+-+-+-+-+-+-+-+-+-+- Iteracion 41  +-+-+-+-+-+-+-+-+-+-+-+-+-+-+-+-+-+-+-+-+-+-+-+-+-

La solución anterior duró 0min 0seg    -------> Nuevo optimo local. Costo: 1097.455       ==> Optimo: 914.0  Desvio: 20.1%
Lista tabu: [((39,5,14.56),1), ((31,38,27.203),1), ((27,14,5.657),2), ((14,24,26.077),2), ((5,31,2.828),2), ((14,31,14.422),1), ((5,31,2.828),3), ((31,38,27.203),3), ((44,27,6.0),3), ((27,14,5.657),3), ((5,27,14.142),2), ((30,42,11.662),4), ((35,41,6.325),4), ((30,35,18.974),3), ((44,27,6.0),9), ((14,24,26.077),9), ((14,44,10.77),8), ((34,9,8.0),6), ((12,1,38.21),6), ((12,34,10.198),5), ((6,8,22.627),11), ((40,23,4.472),11), ((6,40,14.422),10)]

+-+-+-+-+-+-+-+-+-+-+-+-+-+-+-+-+-+-+-+-+-+-+-+-+- Iteracion 45  +-+-+-+-+-+-+-+-+-+-+-+-+-+-+-+-+-+-+-+-+-+-+-+-+-


Ruta #1: [1, 3, 39, 5, 31, 38]
Costo asociado: 191.217      Capacidad: 85.0

Ruta #2: [1, 6, 40, 8, 23, 13, 20]
Costo asociado: 145.095      Capacidad: 97.0

Ruta #3: [1, 10, 18]
Costo asociado: 52.762      Capacidad: 29.0

Ruta #4: [1, 24, 15, 44, 14, 27, 7, 46]
Costo asociado: 88.38      Capacidad: 99.0

Ruta #5: [1, 16, 25, 17, 43, 34, 9, 12]
Costo asociado: 148.05700000000002      Capacidad: 94.0

Ruta #6: [1, 37, 19, 36, 26, 45, 11, 4, 33]
Costo asociado: 218.76399999999998      Capacidad: 99.0

Ruta #7: [1, 22, 29, 30, 42, 32, 35, 41, 2, 28, 21]
Costo asociado: 253.17999999999998      Capacidad: 100.0

--> Costo total: 1096.201          Capacidad total: 603.0

+-+-+-+-+-+-+-+-+-+-+-+-+-+-+-+-+-+-+-+-+-+-+-+-+- Iteracion 45  +-+-+-+-+-+-+-+-+-+-+-+-+-+-+-+-+-+-+-+-+-+-+-+-+-

La solución anterior duró 0min 0seg    -------> Nuevo optimo local. Costo: 1096.201       ==> Optimo: 914.0  Desvio: 19.900000000000002%
Lista tabu: [((44,27,6.0),5), ((14,24,26.077),5), ((14,44,10.77),4), ((34,9,8.0),2), ((12,1,38.21),2), ((12,34,10.198),1), ((6,8,22.627),7), ((40,23,4.472),7), ((6,40,14.422),6), ((1,7,20.591),8), ((7,15,6.325),8), ((27,24,20.591),8), ((24,46,17.889),8), ((1,24,6.325),7), ((42,32,13.416),5), ((21,1,52.839),5), ((28,21,12.0),5), ((21,42,7.211),4), ((15,44,4.472),6), ((14,27,5.657),6), ((14,15,14.422),5), ((24,15,11.662),7), ((27,7,10.198),7), ((24,27,20.591),6)]

+-+-+-+-+-+-+-+-+-+-+-+-+-+-+-+-+-+-+-+-+-+-+-+-+- Iteracion 55  +-+-+-+-+-+-+-+-+-+-+-+-+-+-+-+-+-+-+-+-+-+-+-+-+-


Ruta #1: [1, 3, 39, 5, 31, 38]
Costo asociado: 191.217      Capacidad: 85.0

Ruta #2: [1, 6, 40, 8, 23, 13, 20]
Costo asociado: 145.095      Capacidad: 97.0

Ruta #3: [1, 10, 18]
Costo asociado: 52.762      Capacidad: 29.0

Ruta #4: [1, 24, 15, 27, 14, 44, 7, 46]
Costo asociado: 87.126      Capacidad: 99.0

Ruta #5: [1, 16, 25, 17, 43, 34, 9, 12]
Costo asociado: 148.05700000000002      Capacidad: 94.0

Ruta #6: [1, 37, 19, 36, 26, 45, 11, 4, 33]
Costo asociado: 218.76399999999998      Capacidad: 99.0

Ruta #7: [1, 22, 29, 30, 42, 32, 35, 41, 2, 28, 21]
Costo asociado: 253.17999999999998      Capacidad: 100.0

--> Costo total: 1091.042          Capacidad total: 603.0

+-+-+-+-+-+-+-+-+-+-+-+-+-+-+-+-+-+-+-+-+-+-+-+-+- Iteracion 55  +-+-+-+-+-+-+-+-+-+-+-+-+-+-+-+-+-+-+-+-+-+-+-+-+-

La solución anterior duró 0min 0seg    -------> Nuevo optimo local. Costo: 1091.042       ==> Optimo: 914.0  Desvio: 19.400000000000002%
Lista tabu: [((27,14,5.657),6), ((7,46,16.492),6), ((7,27,10.198),5), ((43,34,12.806),7), ((9,12,2.828),7), ((9,43,19.698),6)]

+-+-+-+-+-+-+-+-+-+-+-+-+-+-+-+-+-+-+-+-+-+-+-+-+- Iteracion 61  +-+-+-+-+-+-+-+-+-+-+-+-+-+-+-+-+-+-+-+-+-+-+-+-+-


Ruta #1: [1, 3, 5, 31, 38]
Costo asociado: 162.988      Capacidad: 84.0

Ruta #2: [1, 6, 40, 8, 23, 13, 20]
Costo asociado: 145.095      Capacidad: 97.0

Ruta #3: [1, 10, 18]
Costo asociado: 52.762      Capacidad: 29.0

Ruta #4: [1, 24, 15, 27, 14, 39, 44, 7, 46]
Costo asociado: 110.19600000000001      Capacidad: 100.0

Ruta #5: [1, 16, 25, 17, 43, 34, 9, 12]
Costo asociado: 148.05700000000002      Capacidad: 94.0

Ruta #6: [1, 37, 19, 36, 26, 45, 11, 4, 33]
Costo asociado: 218.76399999999998      Capacidad: 99.0

Ruta #7: [1, 22, 29, 30, 42, 32, 35, 41, 2, 28, 21]
Costo asociado: 253.17999999999998      Capacidad: 100.0

--> Costo total: 1052.7160000000001          Capacidad total: 603.0

+-+-+-+-+-+-+-+-+-+-+-+-+-+-+-+-+-+-+-+-+-+-+-+-+- Iteracion 61  +-+-+-+-+-+-+-+-+-+-+-+-+-+-+-+-+-+-+-+-+-+-+-+-+-

La solución anterior duró 0min 0seg    -------> Nuevo optimo local. Costo: 1052.7160000000001       ==> Optimo: 914.0  Desvio: 15.2%
Lista tabu: [((37,19,68.819),6), ((33,1,28.844),6), ((33,37,10.0),5), ((30,42,11.662),7), ((32,35,12.166),7), ((30,32,7.211),6)]

+-+-+-+-+-+-+-+-+-+-+-+-+-+-+-+-+-+-+-+-+-+-+-+-+- Iteracion 68  +-+-+-+-+-+-+-+-+-+-+-+-+-+-+-+-+-+-+-+-+-+-+-+-+-


Ruta #1: [1, 3, 38, 31, 5]
Costo asociado: 124.662      Capacidad: 84.0

Ruta #2: [1, 6, 40, 8, 23, 13, 20]
Costo asociado: 145.095      Capacidad: 97.0

Ruta #3: [1, 10, 18]
Costo asociado: 52.762      Capacidad: 29.0

Ruta #4: [1, 24, 15, 27, 14, 39, 44, 7, 46]
Costo asociado: 110.19600000000001      Capacidad: 100.0

Ruta #5: [1, 16, 25, 17, 43, 34, 9, 12]
Costo asociado: 148.05700000000002      Capacidad: 94.0

Ruta #6: [1, 37, 19, 36, 26, 45, 11, 4, 33]
Costo asociado: 218.76399999999998      Capacidad: 99.0

Ruta #7: [1, 22, 29, 30, 42, 32, 35, 41, 2, 28, 21]
Costo asociado: 253.17999999999998      Capacidad: 100.0

--> Costo total: 1044.308          Capacidad total: 603.0

+-+-+-+-+-+-+-+-+-+-+-+-+-+-+-+-+-+-+-+-+-+-+-+-+- Iteracion 68  +-+-+-+-+-+-+-+-+-+-+-+-+-+-+-+-+-+-+-+-+-+-+-+-+-

La solución anterior duró 0min 0seg    -------> Nuevo optimo local. Costo: 1044.308       ==> Optimo: 914.0  Desvio: 14.299999999999999%
Lista tabu: [((32,35,12.166),6), ((41,2,14.56),6), ((32,41,18.439),5), ((16,25,21.26),7), ((9,12,2.828),7), ((9,16,16.971),6)]

+-+-+-+-+-+-+-+-+-+-+-+-+-+-+-+-+-+-+-+-+-+-+-+-+- Iteracion 92  +-+-+-+-+-+-+-+-+-+-+-+-+-+-+-+-+-+-+-+-+-+-+-+-+-


Ruta #1: [1, 3, 38, 31, 5]
Costo asociado: 124.662      Capacidad: 84.0

Ruta #2: [1, 6, 40, 23, 8, 13, 20]
Costo asociado: 136.687      Capacidad: 97.0

Ruta #3: [1, 10, 18]
Costo asociado: 52.762      Capacidad: 29.0

Ruta #4: [1, 24, 15, 27, 14, 39, 44, 7, 46]
Costo asociado: 110.19600000000001      Capacidad: 100.0

Ruta #5: [1, 16, 25, 17, 43, 34, 9, 12]
Costo asociado: 148.05700000000002      Capacidad: 94.0

Ruta #6: [1, 37, 19, 36, 26, 45, 11, 4, 33]
Costo asociado: 218.76399999999998      Capacidad: 99.0

Ruta #7: [1, 22, 29, 30, 42, 32, 35, 41, 2, 28, 21]
Costo asociado: 253.17999999999998      Capacidad: 100.0

--> Costo total: 997.4970000000001          Capacidad total: 603.0

+-+-+-+-+-+-+-+-+-+-+-+-+-+-+-+-+-+-+-+-+-+-+-+-+- Iteracion 92  +-+-+-+-+-+-+-+-+-+-+-+-+-+-+-+-+-+-+-+-+-+-+-+-+-

La solución anterior duró 0min 0seg    -------> Nuevo optimo local. Costo: 997.4970000000001       ==> Optimo: 914.0  Desvio: 9.1%
Lista tabu: [((24,15,11.662),1), ((7,46,16.492),1), ((12,9,2.828),2), ((9,34,8.0),2), ((1,20,34.525),2), ((20,13,33.106),2), ((12,20,10.77),1), ((37,19,68.819),3), ((4,33,10.0),3), ((4,37,17.889),2), ((27,14,5.657),4), ((39,44,14.142),4), ((27,39,14.56),3), ((16,25,21.26),5), ((17,43,10.0),5), ((16,17,19.799),4), ((16,25,21.26),6), ((34,9,8.0),6), ((43,34,12.806),6), ((16,34,12.649),5), ((16,25,21.26),7), ((17,43,10.0),7), ((16,17,19.799),6)]

+-+-+-+-+-+-+-+-+-+-+-+-+-+-+-+-+-+-+-+-+-+-+-+-+- Iteracion 118  +-+-+-+-+-+-+-+-+-+-+-+-+-+-+-+-+-+-+-+-+-+-+-+-+-


Ruta #1: [1, 3, 38, 31, 5]
Costo asociado: 124.662      Capacidad: 84.0

