+-+-+-+-+-+-+-+-+-+-+-+-+-+-+ GRAFO CARGADO +-+-+-+-+-+-+-+-+-+-+-+-+-+-+-
        1         2         3         4         5         6         7         8         9         10        11        12        13        14        15        16        17        18        19        20        21        22        23        24        25        26        27        28        29        30        31        32        33        34        35        36        37        38
1     0         52.802    62.129    36.222    86.533    60.415    30.676    57.94    77.621    28.16    53.235    30.414    70.605    53.6    31.78    48.765    23.195    76.118    81.025    29.411    53.254    30.676    27.0    79.404    71.309    57.271    21.095    59.093    36.401    71.568    81.835    23.77    34.525    81.025    73.246    64.777    74.148    59.211    
2     52.802    0         22.804    21.633    94.0    80.362    37.216    80.654    100.96    36.62    3.162    24.759    94.557    14.866    21.024    5.099    35.355    103.121    88.006    36.892    8.944    22.472    30.414    86.006    95.818    77.795    36.125    79.699    17.692    95.509    74.733    40.46    21.26    88.006    97.719    20.0    101.242    20.248    
3     62.129    22.804    0         26.0    77.279    69.642    35.847    71.028    89.471    37.0    25.807    32.016    83.863    9.849    34.205    26.87    39.623    92.962    71.589    36.401    31.623    33.541    35.228    69.635    85.235    67.676    41.437    69.34    27.659    84.723    55.036    42.059    28.071    71.589    86.954    6.325    91.269    3.162    
4     36.222    21.633    26.0    0         76.942    60.017    15.652    59.908    80.604    15.0    23.707    6.083    73.98    17.464    11.402    20.248    14.765    82.28    70.859    15.264    27.203    9.22    9.849    68.884    75.186    57.271    16.155    59.228    6.083    74.953    61.717    19.105    2.828    70.859    77.13    28.636    80.362    23.022    
5     86.533    94.0    77.279    76.942    0         28.601    64.846    32.45    28.16    67.357    97.005    79.076    29.275    80.156    87.098    95.131    73.389    35.128    6.083    66.098    102.078    84.172    75.0    8.062    30.15    31.241    75.027    30.0    83.024    29.155    26.401    68.154    79.246    6.083    30.017    83.546    35.014    77.782    
6     60.415    80.362    69.642    60.017    28.601    0         45.177    4.123    20.616    47.043    82.97    60.208    14.318    68.942    68.118    80.05    52.038    23.324    24.597    46.098    87.098    65.123    55.036    23.77    15.652    3.162    53.151    1.414    65.765    15.232    39.205    46.098    61.66    24.597    17.464    75.802    21.633    68.964    
7     30.676    37.216    35.847    15.652    64.846    45.177    0         44.721    65.62    2.828    39.357    15.033    58.856    30.0    23.0    35.847    9.22    66.94    58.822    1.414    42.72    20.0    10.198    56.921    60.017    42.297    11.314    44.283    20.881    59.841    53.907    7.071    16.763    58.822    61.984    40.311    65.0    33.541    
8     57.94    80.654    71.028    59.908    32.45    4.123    44.721    0         21.024    46.39    83.169    59.682    14.142    69.771    67.476    80.081    51.039    22.472    28.636    45.541    87.092    64.498    54.332    27.857    15.297    3.606    52.0    3.0    65.513    15.133    43.105    45.011    61.392    28.636    17.263    77.104    20.616    70.178    
9     77.621    100.96    89.471    80.604    28.16    20.616    65.62    21.024    0         67.365    103.581    80.623    7.071    89.32    88.459    100.663    72.062    7.0    28.46    66.483    107.708    85.475    75.326    29.155    6.325    23.345    73.007    21.378    86.313    6.083    50.12    66.03    82.201    28.46    4.472    95.713    7.28    89.0    
10    28.16    36.62    37.0    15.0    67.357    47.043    2.828    46.39    67.365    0         38.588    13.342    60.531    30.529    21.095    34.886    6.403    68.447    61.351    1.414    41.629    18.111    8.0    59.464    61.66    44.102    8.485    46.098    19.698    61.522    56.727    5.099    15.652    61.351    63.64    41.146    66.491    34.54    
11    53.235    3.162    25.807    23.707    97.005    82.97    39.357    83.169    103.581    38.588    0         26.249    97.124    18.028    21.633    4.472    36.878    105.622    91.0    38.949    5.831    23.431    32.016    89.0    98.372    80.362    37.483    82.28    19.209    98.082    77.878    42.202    23.022    91.0    100.285    22.672    103.73    23.324    
12    30.414    24.759    32.016    6.083    79.076    60.208    15.033    59.682    80.623    13.342    26.249    0         73.824    23.195    8.062    22.204    10.63    81.786    73.007    14.142    28.653    5.099    5.831    71.063    74.967    57.315    11.402    59.304    7.071    74.813    65.513    16.125    4.123    73.007    76.942    34.366    79.831    29.0    
13    70.605    94.557    83.863    73.98    29.275    14.318    58.856    14.142    7.071    60.531    97.124    73.824    0         83.259    81.615    94.112    65.123    9.22    28.071    59.682    101.139    78.638    68.469    28.284    1.414    16.763    66.03    14.866    79.624    1.0    48.104    59.076    75.505    28.071    3.162    90.05    7.81    83.241    
14    53.6    14.866    9.849    17.464    80.156    68.942    30.0    69.771    89.32    30.529    18.028    23.195    83.259    0         24.515    18.028    31.953    92.136    74.243    30.232    23.77    24.083    27.203    72.25    84.581    66.641    33.526    68.447    18.111    84.172    60.017    35.355    19.105    74.243    86.406    11.18    90.338    6.708    
15    31.78    21.024    34.205    11.402    87.098    68.118    23.0    67.476    88.459    21.095    21.633    8.062    81.615    24.515    0         17.205    17.088    89.443    81.025    22.023    22.672    3.0    13.153    79.076    82.735    65.192    17.0    67.186    6.708    82.608    72.945    23.087    8.602    81.025    84.717    35.128    87.476    31.048    
16    48.765    5.099    26.87    20.248    95.131    80.05    35.847    80.081    100.663    34.886    4.472    22.204    94.112    18.028    17.205    0         32.802    102.489    89.09    35.341    7.071    19.105    28.018    87.092    95.336    77.369    33.302    79.31    15.264    95.079    76.922    38.275    19.235    89.09    97.268    24.698    100.578    24.083    
17    23.195    35.355    39.623    14.765    73.389    52.038    9.22    51.039    72.062    6.403    36.878    10.63    65.123    31.953    17.088    32.802    0         72.691    67.417    7.81    39.115    14.318    5.0    65.552    66.189    49.01    2.236    51.01    17.692    66.121    63.127    6.083    14.213    67.417    68.184    43.012    70.711    36.878    
18    76.118    103.121    92.962    82.28    35.128    23.324    66.94    22.472    7.0    68.447    105.622    81.786    9.22    92.136    89.443    102.489    72.691    0         35.171    67.683    109.481    86.493    76.295    35.735    7.81    25.495    73.437    23.707    87.801    8.485    56.365    66.611    83.678    35.171    6.403    99.126    2.0    92.282    
19    81.025    88.006    71.589    70.859    6.083    24.597    58.822    28.636    28.46    61.351    91.0    73.007    28.071    74.243    81.025    89.09    67.417    35.171    0         60.083    96.047    78.102    68.964    2.0    29.155    26.926    69.08    25.942    76.942    28.16    22.672    62.241    73.164    0.0    29.428    77.878    34.713    72.007    
20    29.411    36.892    36.401    15.264    66.098    46.098    1.414    45.541    66.483    1.414    38.949    14.142    59.682    30.232    22.023    35.341    7.81    67.683    60.083    0         42.154    19.026    9.055    58.189    60.828    43.186    9.899    45.177    20.248    60.671    55.317    6.0    16.155    60.083    62.801    40.706    65.734    34.015    
21    53.254    8.944    31.623    27.203    102.078    87.098    42.72    87.092    107.708    41.629    5.831    28.653    101.139    23.77    22.672    7.071    39.115    109.481    96.047    42.154    0         25.0    34.482    94.048    102.357    84.404    39.408    86.348    21.932    102.108    83.433    44.777    26.0    96.047    104.293    28.284    107.564    29.155    
22    30.676    22.472    33.541    9.22    84.172    65.123    20.0    64.498    85.475    18.111    23.431    5.099    78.638    24.083    3.0    19.105    14.318    86.493    78.102    19.026    25.0    0         10.198    76.158    79.762    62.201    14.422    64.195    6.0    79.63    70.328    20.248    6.403    78.102    81.744    35.0    84.528    30.414    
23    27.0    30.414    35.228    9.849    75.0    55.036    10.198    54.332    75.326    8.0    32.016    5.831    68.469    27.203    13.153    28.018    5.0    76.295    68.964    9.055    34.482    10.198    0         67.052    69.584    52.086    6.325    54.083    12.806    69.462    63.008    10.296    9.22    68.964    71.568    38.328    74.33    32.388    
24    79.404    86.006    69.635    68.884    8.062    23.77    56.921    27.857    29.155    59.464    89.0    71.063    28.284    72.25    79.076    87.092    65.552    35.735    2.0    58.189    94.048    76.158    67.052    0         29.428    25.942    67.231    25.08    74.967    28.443    21.401    60.415    71.197    2.0    29.833    75.928    35.171    70.036    
25    71.309    95.818    85.235    75.186    30.15    15.652    60.017    15.297    6.325    61.66    98.372    74.967    1.414    84.581    82.735    95.336    66.189    7.81    29.155    60.828    102.357    79.762    69.584    29.428    0         18.028    67.067    16.155    80.808    1.0    49.396    60.133    76.688    29.155    2.0    91.417    6.403    84.599    
26    57.271    77.795    67.676    57.271    31.241    3.162    42.297    3.606    23.345    44.102    80.362    57.315    16.763    66.641    65.192    77.369    49.01    25.495    26.926    43.186    84.404    62.201    52.086    25.942    18.028    0         50.09    2.0    62.968    17.72    40.012    43.046    58.856    26.926    19.925    73.783    23.707    66.888    
27    21.095    36.125    41.437    16.155    75.027    53.151    11.314    52.0    73.007    8.485    37.483    11.402    66.03    33.526    17.0    33.302    2.236    73.437    69.08    9.899    39.408    14.422    6.325    67.231    67.067    50.09    0         52.086    18.439    67.03    65.192    7.071    15.264    69.08    69.065    44.643    71.449    38.639    
28    59.093    79.699    69.34    59.228    30.0    1.414    44.283    3.0    21.378    46.098    82.28    59.304    14.866    68.447    67.186    79.31    51.01    23.707    25.942    45.177    86.348    64.195    54.083    25.08    16.155    2.0    52.086    0         64.938    15.811    40.112    45.044    60.828    25.942    18.028    75.472    21.954    68.6    
29    36.401    17.692    27.659    6.083    83.024    65.765    20.881    65.513    86.313    19.698    19.209    7.071    79.624    18.111    6.708    15.264    17.692    87.801    76.942    20.248    21.932    6.0    12.806    74.967    80.808    62.968    18.439    64.938    0         80.604    67.543    23.022    4.123    76.942    82.765    29.0    85.866    24.515    
30    71.568    95.509    84.723    74.953    29.155    15.232    59.841    15.133    6.083    61.522    98.082    74.813    1.0    84.172    82.608    95.079    66.121    8.485    28.16    60.671    102.108    79.63    69.462    28.443    1.0    17.72    67.03    15.811    80.604    0         48.466    60.075    76.485    28.16    2.236    90.918    7.211    84.119    
31    81.835    74.733    55.036    61.717    26.401    39.205    53.907    43.105    50.12    56.727    77.878    65.513    48.104    60.017    72.945    76.922    63.127    56.365    22.672    55.317    83.433    70.328    63.008    21.401    49.396    40.012    65.192    40.112    67.543    48.466    0         59.397    64.413    22.672    50.16    61.0    55.543    56.223    
32    23.77    40.46    42.059    19.105    68.154    46.098    7.071    45.011    66.03    5.099    42.202    16.125    59.076    35.355    23.087    38.275    6.083    66.611    62.241    6.0    44.777    20.248    10.296    60.415    60.133    43.046    7.071    45.044    23.022    60.075    59.397    0         19.209    62.241    62.129    46.098    64.63    39.56    
33    34.525    21.26    28.071    2.828    79.246    61.66    16.763    61.392    82.201    15.652    23.022    4.123    75.505    19.105    8.602    19.235    14.213    83.678    73.164    16.155    26.0    6.403    9.22    71.197    76.688    58.856    15.264    60.828    4.123    76.485    64.413    19.209    0         73.164    78.645    30.265    81.744    25.02    
34    81.025    88.006    71.589    70.859    6.083    24.597    58.822    28.636    28.46    61.351    91.0    73.007    28.071    74.243    81.025    89.09    67.417    35.171    0.0    60.083    96.047    78.102    68.964    2.0    29.155    26.926    69.08    25.942    76.942    28.16    22.672    62.241    73.164    0         29.428    77.878    34.713    72.007    
35    73.246    97.719    86.954    77.13    30.017    17.464    61.984    17.263    4.472    63.64    100.285    76.942    3.162    86.406    84.717    97.268    68.184    6.403    29.428    62.801    104.293    81.744    71.568    29.833    2.0    19.925    69.065    18.028    82.765    2.236    50.16    62.129    78.645    29.428    0         93.15    5.385    86.354    
36    64.777    20.0    6.325    28.636    83.546    75.802    40.311    77.104    95.713    41.146    22.672    34.366    90.05    11.18    35.128    24.698    43.012    99.126    77.878    40.706    28.284    35.0    38.328    75.928    91.417    73.783    44.643    75.472    29.0    90.918    61.0    46.098    30.265    77.878    93.15    0         97.417    7.071    
37    74.148    101.242    91.269    80.362    35.014    21.633    65.0    20.616    7.28    66.491    103.73    79.831    7.81    90.338    87.476    100.578    70.711    2.0    34.713    65.734    107.564    84.528    74.33    35.171    6.403    23.707    71.449    21.954    85.866    7.211    55.543    64.63    81.744    34.713    5.385    97.417    0         90.554    
38    59.211    20.248    3.162    23.022    77.782    68.964    33.541    70.178    89.0    34.54    23.324    29.0    83.241    6.708    31.048    24.083    36.878    92.282    72.007    34.015    29.155    30.414    32.388    70.036    84.599    66.888    38.639    68.6    24.515    84.119    56.223    39.56    25.02    72.007    86.354    7.071    90.554    0         


Demandas:
1: 0.0
2: 18.0
3: 10.0
4: 16.0
5: 12.0
6: 21.0
7: 23.0
8: 15.0
9: 25.0
10: 3.0
11: 6.0
12: 7.0
13: 4.0
14: 20.0
15: 25.0
16: 20.0
17: 12.0
18: 3.0
19: 12.0
20: 14.0
21: 26.0
22: 9.0
23: 22.0
24: 20.0
25: 9.0
26: 13.0
27: 21.0
28: 10.0
29: 8.0
30: 5.0
31: 14.0
32: 7.0
33: 21.0
34: 20.0
35: 1.0
36: 21.0
37: 17.0
38: 2.0
+-+-+-+-+-+-+-+-+-+-+-+-+-+-+-+ SOLUCION INICIAL +-+-+-+-+-+-+-+-+-+-+-+-+-+-+-+-

Ruta #1: [1, 2, 22, 29, 16, 11, 21]
Costo asociado: 160.095      Capacidad: 87.0

Ruta #2: [1, 3, 33, 38, 36, 14, 4, 12]
Costo asociado: 187.43200000000002      Capacidad: 97.0

Ruta #3: [1, 7, 26, 32, 23, 20, 10, 17]
Costo asociado: 166.38199999999998      Capacidad: 94.0

Ruta #4: [1, 15, 27]
Costo asociado: 69.875      Capacidad: 46.0

Ruta #5: [1, 8, 9, 28, 13, 25, 30, 35, 18, 37]
Costo asociado: 202.40900000000002      Capacidad: 89.0

Ruta #6: [1, 5, 6, 31, 19, 34, 24]
Costo asociado: 258.41499999999996      Capacidad: 99.0

--> Costo total: 1044.608          Capacidad total: 512.0

+-+-+-+-+-+-+-+-+-+-+-+-+-+-+-+-+-+-+-+-+-+-+-+-+- Iteracion 2  +-+-+-+-+-+-+-+-+-+-+-+-+-+-+-+-+-+-+-+-+-+-+-+-+-


Ruta #1: [1, 2, 22, 29, 16, 11, 21]
Costo asociado: 160.095      Capacidad: 87.0

Ruta #2: [1, 3, 33, 38, 36, 14, 4, 12]
Costo asociado: 187.43200000000002      Capacidad: 97.0

Ruta #3: [1, 7, 26, 32, 23, 20, 10, 17]
Costo asociado: 166.38199999999998      Capacidad: 94.0

Ruta #4: [1, 15, 27]
Costo asociado: 69.875      Capacidad: 46.0

Ruta #5: [1, 37, 18, 35, 30, 25, 13, 9, 28, 8]
Costo asociado: 176.59      Capacidad: 89.0

Ruta #6: [1, 5, 6, 31, 19, 34, 24]
Costo asociado: 258.41499999999996      Capacidad: 99.0

--> Costo total: 1018.789          Capacidad total: 512.0

La solución anterior duró 0min 0seg    -------> Nuevo optimo local. Costo: 1018.789       ==> Optimo: 805.0  Desvio: 26.6%
Lista tabu: [((29,16,15.264),7), ((32,23,10.296),7), ((23,29,12.806),6)]

+-+-+-+-+-+-+-+-+-+-+-+-+-+-+-+-+-+-+-+-+-+-+-+-+- Iteracion 5  +-+-+-+-+-+-+-+-+-+-+-+-+-+-+-+-+-+-+-+-+-+-+-+-+-


Ruta #1: [1, 2, 22, 29, 16, 11, 21]
Costo asociado: 160.095      Capacidad: 87.0

Ruta #2: [1, 12, 33, 38, 36, 14, 4, 3]
Costo asociado: 183.40099999999998      Capacidad: 97.0

Ruta #3: [1, 7, 26, 32, 23, 20, 10, 17]
Costo asociado: 166.38199999999998      Capacidad: 94.0

Ruta #4: [1, 15, 27]
Costo asociado: 69.875      Capacidad: 46.0

Ruta #5: [1, 37, 18, 35, 30, 25, 13, 9, 28, 8]
Costo asociado: 176.59      Capacidad: 89.0

Ruta #6: [1, 5, 6, 31, 19, 34, 24]
Costo asociado: 258.41499999999996      Capacidad: 99.0

--> Costo total: 1014.7579999999999          Capacidad total: 512.0

La solución anterior duró 0min 0seg    -------> Nuevo optimo local. Costo: 1014.758       ==> Optimo: 805.0  Desvio: 26.1%
Lista tabu: [((29,16,15.264),4), ((32,23,10.296),4), ((23,29,12.806),3), ((28,13,14.866),9), ((8,9,21.024),9), ((13,9,7.071),8), ((32,23,10.296),6), ((1,15,31.78),6), ((15,32,23.087),5), ((18,35,6.403),7), ((30,25,1.0),7), ((18,30,8.485),6)]

+-+-+-+-+-+-+-+-+-+-+-+-+-+-+-+-+-+-+-+-+-+-+-+-+- Iteracion 6  +-+-+-+-+-+-+-+-+-+-+-+-+-+-+-+-+-+-+-+-+-+-+-+-+-


Ruta #1: [1, 2, 22, 27]
Costo asociado: 110.791      Capacidad: 48.0

Ruta #2: [1, 12, 33, 38, 36, 14, 4, 3]
Costo asociado: 183.40099999999998      Capacidad: 97.0

Ruta #3: [1, 7, 26, 32, 23, 20, 10, 17]
Costo asociado: 166.38199999999998      Capacidad: 94.0

Ruta #4: [1, 15, 29, 16, 11, 21]
Costo asociado: 117.309      Capacidad: 85.0

Ruta #5: [1, 37, 18, 35, 30, 25, 13, 9, 28, 8]
Costo asociado: 176.59      Capacidad: 89.0

Ruta #6: [1, 5, 6, 31, 19, 34, 24]
Costo asociado: 258.41499999999996      Capacidad: 99.0

--> Costo total: 1012.8879999999999          Capacidad total: 512.0

La solución anterior duró 0min 0seg    -------> Nuevo optimo local. Costo: 1012.888       ==> Optimo: 805.0  Desvio: 25.8%
Lista tabu: [((29,16,15.264),3), ((32,23,10.296),3), ((23,29,12.806),2), ((28,13,14.866),8), ((8,9,21.024),8), ((13,9,7.071),7), ((32,23,10.296),5), ((1,15,31.78),5), ((15,32,23.087),4), ((18,35,6.403),6), ((30,25,1.0),6), ((18,30,8.485),5), ((4,12,6.083),11), ((3,33,28.071),11), ((33,12,4.123),10)]

+-+-+-+-+-+-+-+-+-+-+-+-+-+-+-+-+-+-+-+-+-+-+-+-+- Iteracion 12  +-+-+-+-+-+-+-+-+-+-+-+-+-+-+-+-+-+-+-+-+-+-+-+-+-


Ruta #1: [1, 2, 38, 36, 14, 4, 3]
Costo asociado: 196.89399999999998      Capacidad: 87.0

Ruta #2: [1, 12, 33, 27]
Costo asociado: 62.035      Capacidad: 49.0

Ruta #3: [1, 7, 26, 32, 23, 20, 10, 17]
Costo asociado: 166.38199999999998      Capacidad: 94.0

Ruta #4: [1, 15, 29, 16, 11, 21]
Costo asociado: 117.309      Capacidad: 85.0

Ruta #5: [1, 37, 18, 35, 30, 25, 13, 9, 28, 8]
Costo asociado: 176.59      Capacidad: 89.0

Ruta #6: [1, 5, 6, 31, 19, 34, 24]
Costo asociado: 258.41499999999996      Capacidad: 99.0

--> Costo total: 977.6249999999999          Capacidad total: 503.0

La solución anterior duró 0min 0seg    -------> Nuevo optimo local. Costo: 992.047       ==> Optimo: 805.0  Desvio: 23.200000000000003%
Lista tabu: [((28,13,14.866),2), ((8,9,21.024),2), ((13,9,7.071),1), ((4,12,6.083),5), ((3,33,28.071),5), ((33,12,4.123),4), ((15,27,17.0),6), ((22,29,6.0),6), ((15,29,6.708),5), ((26,32,43.046),3), ((30,25,1.0),3), ((25,26,18.028),2), ((10,17,6.403),4), ((1,7,30.676),4), ((7,17,9.22),3), ((10,17,6.403),5), ((23,20,9.055),5), ((17,20,7.81),4), ((36,14,11.18),6), ((16,11,4.472),6), ((11,36,22.672),5), ((15,29,6.708),7), ((11,21,5.831),7), ((11,15,21.633),6)]

+-+-+-+-+-+-+-+-+-+-+-+-+-+-+-+-+-+-+-+-+-+-+-+-+- Iteracion 16  +-+-+-+-+-+-+-+-+-+-+-+-+-+-+-+-+-+-+-+-+-+-+-+-+-


Ruta #1: [1, 2, 38, 36, 14, 4, 3]
Costo asociado: 196.89399999999998      Capacidad: 87.0

Ruta #2: [1, 12, 33, 27]
Costo asociado: 62.035      Capacidad: 49.0

Ruta #3: [1, 7, 26, 32, 23, 20, 10, 17]
Costo asociado: 166.38199999999998      Capacidad: 94.0

Ruta #4: [1, 15, 29, 16, 11, 21]
Costo asociado: 117.309      Capacidad: 85.0

Ruta #5: [1, 8, 28, 30, 25, 13, 9, 35, 18, 37]
Costo asociado: 173.25900000000001      Capacidad: 89.0

Ruta #6: [1, 5, 6, 31, 19, 34, 24]
Costo asociado: 258.41499999999996      Capacidad: 99.0

--> Costo total: 974.2939999999999          Capacidad total: 503.0

La solución anterior duró 0min 0seg    -------> Nuevo optimo local. Costo: 974.294       ==> Optimo: 805.0  Desvio: 21.0%
Lista tabu: [((4,12,6.083),1), ((3,33,28.071),1), ((15,27,17.0),2), ((22,29,6.0),2), ((15,29,6.708),1), ((10,17,6.403),1), ((23,20,9.055),1), ((36,14,11.18),2), ((16,11,4.472),2), ((11,36,22.672),1), ((15,29,6.708),3), ((11,21,5.831),3), ((11,15,21.633),2), ((33,38,25.02),8), ((2,22,22.472),8), ((33,22,6.403),7), ((6,31,39.205),5), ((30,25,1.0),5), ((6,25,15.652),4), ((16,11,4.472),6), ((14,4,17.464),6), ((4,16,20.248),5), ((32,23,10.296),7), ((1,12,30.414),7), ((12,32,16.125),6)]

+-+-+-+-+-+-+-+-+-+-+-+-+-+-+-+-+-+-+-+-+-+-+-+-+- Iteracion 21  +-+-+-+-+-+-+-+-+-+-+-+-+-+-+-+-+-+-+-+-+-+-+-+-+-


Ruta #1: [1, 2, 38, 36, 14, 4, 3]
Costo asociado: 196.89399999999998      Capacidad: 87.0

Ruta #2: [1, 26, 32, 23, 20, 10, 17]
Costo asociado: 150.68      Capacidad: 71.0

Ruta #3: [1, 7, 12, 33, 27]
Costo asociado: 77.32999999999998      Capacidad: 72.0

Ruta #4: [1, 15, 29, 16, 11, 21]
Costo asociado: 117.309      Capacidad: 85.0

Ruta #5: [1, 8, 28, 30, 25, 13, 9, 35, 18, 37]
Costo asociado: 173.25900000000001      Capacidad: 89.0

Ruta #6: [1, 5, 6, 31, 19, 34, 24]
Costo asociado: 258.41499999999996      Capacidad: 99.0

--> Costo total: 973.887          Capacidad total: 503.0

La solución anterior duró 0min 0seg    -------> Nuevo optimo local. Costo: 973.887       ==> Optimo: 805.0  Desvio: 21.0%
Lista tabu: [((33,38,25.02),3), ((2,22,22.472),3), ((33,22,6.403),2), ((16,11,4.472),1), ((14,4,17.464),1), ((32,23,10.296),2), ((1,12,30.414),2), ((12,32,16.125),1), ((9,28,21.378),7), ((35,30,2.236),7), ((30,28,15.811),6), ((25,13,1.414),4), ((37,1,74.148),4), ((25,37,6.403),3), ((25,13,1.414),5), ((37,1,74.148),5), ((25,37,6.403),4), ((29,16,15.264),6), ((11,21,5.831),6), ((11,29,19.209),5), ((16,11,4.472),7), ((21,1,53.254),7), ((16,21,7.071),6)]

+-+-+-+-+-+-+-+-+-+-+-+-+-+-+-+-+-+-+-+-+-+-+-+-+- Iteracion 22  +-+-+-+-+-+-+-+-+-+-+-+-+-+-+-+-+-+-+-+-+-+-+-+-+-


Ruta #1: [1, 2, 38, 36, 14, 4, 3]
Costo asociado: 196.89399999999998      Capacidad: 87.0

Ruta #2: [1, 26, 32, 17, 10, 20, 23]
Costo asociado: 150.27200000000002      Capacidad: 71.0

Ruta #3: [1, 7, 12, 33, 27]
Costo asociado: 77.32999999999998      Capacidad: 72.0

Ruta #4: [1, 15, 29, 16, 11, 21]
Costo asociado: 117.309      Capacidad: 85.0

Ruta #5: [1, 8, 28, 30, 25, 13, 9, 35, 18, 37]
Costo asociado: 173.25900000000001      Capacidad: 89.0

Ruta #6: [1, 5, 6, 31, 19, 34, 24]
Costo asociado: 258.41499999999996      Capacidad: 99.0

--> Costo total: 973.4789999999999          Capacidad total: 503.0

La solución anterior duró 0min 0seg    -------> Nuevo optimo local. Costo: 973.479       ==> Optimo: 805.0  Desvio: 20.9%
Lista tabu: [((33,38,25.02),2), ((2,22,22.472),2), ((33,22,6.403),1), ((32,23,10.296),1), ((1,12,30.414),1), ((9,28,21.378),6), ((35,30,2.236),6), ((30,28,15.811),5), ((25,13,1.414),3), ((37,1,74.148),3), ((25,37,6.403),2), ((25,13,1.414),4), ((37,1,74.148),4), ((25,37,6.403),3), ((29,16,15.264),5), ((11,21,5.831),5), ((11,29,19.209),4), ((16,11,4.472),6), ((21,1,53.254),6), ((16,21,7.071),5), ((7,26,42.297),11), ((1,12,30.414),11), ((7,12,15.033),10)]

+-+-+-+-+-+-+-+-+-+-+-+-+-+-+-+-+-+-+-+-+-+-+-+-+- Iteracion 24  +-+-+-+-+-+-+-+-+-+-+-+-+-+-+-+-+-+-+-+-+-+-+-+-+-


Ruta #1: [1, 2, 38, 36, 14, 4, 3]
Costo asociado: 196.89399999999998      Capacidad: 87.0

Ruta #2: [1, 26, 32, 17, 10, 12, 33, 27]
Costo asociado: 157.766      Capacidad: 84.0

Ruta #3: [1, 7, 20, 23]
Costo asociado: 68.145      Capacidad: 59.0

Ruta #4: [1, 15, 29, 16, 11, 21]
Costo asociado: 117.309      Capacidad: 85.0

Ruta #5: [1, 8, 28, 30, 25, 13, 9, 35, 18, 37]
Costo asociado: 173.25900000000001      Capacidad: 89.0

Ruta #6: [1, 5, 6, 31, 19, 34, 24]
Costo asociado: 258.41499999999996      Capacidad: 99.0

--> Costo total: 971.7879999999999          Capacidad total: 503.0

La solución anterior duró 0min 0seg    -------> Nuevo optimo local. Costo: 971.788       ==> Optimo: 805.0  Desvio: 20.7%
Lista tabu: [((9,28,21.378),4), ((35,30,2.236),4), ((30,28,15.811),3), ((25,13,1.414),1), ((37,1,74.148),1), ((25,13,1.414),2), ((37,1,74.148),2), ((25,37,6.403),1), ((29,16,15.264),3), ((11,21,5.831),3), ((11,29,19.209),2), ((16,11,4.472),4), ((21,1,53.254),4), ((16,21,7.071),3), ((7,26,42.297),9), ((1,12,30.414),9), ((7,12,15.033),8), ((32,23,10.296),10), ((17,1,23.195),10), ((17,32,6.083),9), ((17,10,6.403),7), ((20,23,9.055),7), ((17,20,7.81),6)]

+-+-+-+-+-+-+-+-+-+-+-+-+-+-+-+-+-+-+-+-+-+-+-+-+- Iteracion 25  +-+-+-+-+-+-+-+-+-+-+-+-+-+-+-+-+-+-+-+-+-+-+-+-+-


Ruta #1: [1, 2, 38, 36, 14, 4, 3]
Costo asociado: 196.89399999999998      Capacidad: 87.0

Ruta #2: [1, 26, 32, 17, 10, 12, 33, 27]
Costo asociado: 157.766      Capacidad: 84.0

Ruta #3: [1, 7, 20, 23]
Costo asociado: 68.145      Capacidad: 59.0

Ruta #4: [1, 15, 29, 16, 11, 21]
Costo asociado: 117.309      Capacidad: 85.0

Ruta #5: [1, 8, 28, 25, 30, 13, 9, 35, 18, 37]
Costo asociado: 173.189      Capacidad: 89.0

Ruta #6: [1, 5, 6, 31, 19, 34, 24]
Costo asociado: 258.41499999999996      Capacidad: 99.0

--> Costo total: 971.7179999999998          Capacidad total: 503.0

La solución anterior duró 0min 0seg    -------> Nuevo optimo local. Costo: 971.718       ==> Optimo: 805.0  Desvio: 20.7%
Lista tabu: [((9,28,21.378),3), ((35,30,2.236),3), ((30,28,15.811),2), ((25,13,1.414),1), ((37,1,74.148),1), ((29,16,15.264),2), ((11,21,5.831),2), ((11,29,19.209),1), ((16,11,4.472),3), ((21,1,53.254),3), ((16,21,7.071),2), ((7,26,42.297),8), ((1,12,30.414),8), ((7,12,15.033),7), ((32,23,10.296),9), ((17,1,23.195),9), ((17,32,6.083),8), ((17,10,6.403),6), ((20,23,9.055),6), ((17,20,7.81),5), ((7,12,15.033),11), ((10,20,1.414),11), ((7,20,1.414),10)]

+-+-+-+-+-+-+-+-+-+-+-+-+-+-+-+-+-+-+-+-+-+-+-+-+- Iteracion 35  +-+-+-+-+-+-+-+-+-+-+-+-+-+-+-+-+-+-+-+-+-+-+-+-+-


Ruta #1: [1, 2, 38, 36, 14, 4, 3]
Costo asociado: 196.89399999999998      Capacidad: 87.0

Ruta #2: [1, 26, 32, 17, 10, 12, 33, 27]
Costo asociado: 157.766      Capacidad: 84.0

Ruta #3: [1, 7, 20, 23]
Costo asociado: 68.145      Capacidad: 59.0

Ruta #4: [1, 15, 29, 16, 11, 21]
Costo asociado: 117.309      Capacidad: 85.0

Ruta #5: [1, 8, 28, 25, 30, 13, 9, 35, 18, 37]
Costo asociado: 173.189      Capacidad: 89.0

Ruta #6: [1, 24, 34, 19, 5, 6, 31]
Costo asociado: 237.128      Capacidad: 99.0

--> Costo total: 950.4309999999998          Capacidad total: 503.0

La solución anterior duró 0min 0seg    -------> Nuevo optimo local. Costo: 950.431       ==> Optimo: 805.0  Desvio: 18.099999999999998%
Lista tabu: [((7,12,15.033),1), ((10,20,1.414),1), ((28,30,15.811),2), ((25,13,1.414),2), ((25,28,16.155),1), ((8,28,3.0),1), ((35,18,6.403),1), ((7,20,1.414),2), ((10,12,13.342),2), ((7,12,15.033),1), ((8,28,3.0),3), ((37,1,74.148),3), ((8,37,20.616),2), ((7,20,1.414),4), ((12,33,4.123),4), ((7,33,16.763),3), ((33,27,15.264),5), ((32,17,6.083),5), ((17,27,2.236),4), ((29,16,15.264),6), ((1,15,31.78),6), ((15,16,17.205),5), ((8,28,3.0),7), ((13,9,7.071),7), ((8,13,14.142),6)]

+-+-+-+-+-+-+-+-+-+-+-+-+-+-+-+-+-+-+-+-+-+-+-+-+- Iteracion 37  +-+-+-+-+-+-+-+-+-+-+-+-+-+-+-+-+-+-+-+-+-+-+-+-+-


Ruta #1: [1, 2, 38, 36, 14, 3, 4]
Costo asociado: 163.37199999999999      Capacidad: 87.0

Ruta #2: [1, 26, 32, 17, 10, 12, 33, 27]
Costo asociado: 157.766      Capacidad: 84.0

Ruta #3: [1, 7, 20, 23]
Costo asociado: 68.145      Capacidad: 59.0

Ruta #4: [1, 15, 29, 16, 11, 21]
Costo asociado: 117.309      Capacidad: 85.0

Ruta #5: [1, 8, 28, 25, 30, 13, 9, 35, 18, 37]
Costo asociado: 173.189      Capacidad: 89.0

Ruta #6: [1, 24, 34, 19, 5, 6, 31]
Costo asociado: 237.128      Capacidad: 99.0

--> Costo total: 916.9089999999999          Capacidad total: 503.0

La solución anterior duró 0min 0seg    -------> Nuevo optimo local. Costo: 916.909       ==> Optimo: 805.0  Desvio: 13.900000000000002%
Lista tabu: [((8,28,3.0),1), ((37,1,74.148),1), ((7,20,1.414),2), ((12,33,4.123),2), ((7,33,16.763),1), ((33,27,15.264),3), ((32,17,6.083),3), ((17,27,2.236),2), ((29,16,15.264),4), ((1,15,31.78),4), ((15,16,17.205),3), ((8,28,3.0),5), ((13,9,7.071),5), ((8,13,14.142),4), ((31,19,22.672),10), ((1,5,86.533),10), ((19,5,6.083),9), ((29,16,15.264),7), ((11,21,5.831),7), ((11,29,19.209),6)]

+-+-+-+-+-+-+-+-+-+-+-+-+-+-+-+-+-+-+-+-+-+-+-+-+- Iteracion 41  +-+-+-+-+-+-+-+-+-+-+-+-+-+-+-+-+-+-+-+-+-+-+-+-+-


Ruta #1: [1, 2, 38, 36, 14, 3, 4]
Costo asociado: 163.37199999999999      Capacidad: 87.0

Ruta #2: [1, 26, 32, 17, 10, 12, 33, 27]
Costo asociado: 157.766      Capacidad: 84.0

Ruta #3: [1, 23, 7, 20]
Costo asociado: 68.023      Capacidad: 59.0

Ruta #4: [1, 15, 29, 16, 11, 21]
Costo asociado: 117.309      Capacidad: 85.0

Ruta #5: [1, 8, 28, 25, 30, 13, 9, 35, 18, 37]
Costo asociado: 173.189      Capacidad: 89.0

Ruta #6: [1, 24, 34, 19, 5, 6, 31]
Costo asociado: 237.128      Capacidad: 99.0

--> Costo total: 916.7869999999998          Capacidad total: 503.0

La solución anterior duró 0min 0seg    -------> Nuevo optimo local. Costo: 916.787       ==> Optimo: 805.0  Desvio: 13.900000000000002%
Lista tabu: [((8,28,3.0),1), ((13,9,7.071),1), ((31,19,22.672),6), ((1,5,86.533),6), ((19,5,6.083),5), ((29,16,15.264),3), ((11,21,5.831),3), ((11,29,19.209),2), ((14,4,17.464),8), ((3,1,62.129),8), ((3,14,9.849),7), ((32,17,6.083),5), ((33,22,6.403),5), ((32,33,19.209),4), ((17,10,6.403),6), ((7,20,1.414),6), ((17,20,7.81),5), ((7,20,1.414),7), ((12,33,4.123),7), ((7,33,16.763),6)]

+-+-+-+-+-+-+-+-+-+-+-+-+-+-+-+-+-+-+-+-+-+-+-+-+- Iteracion 43  +-+-+-+-+-+-+-+-+-+-+-+-+-+-+-+-+-+-+-+-+-+-+-+-+-


Ruta #1: [1, 4, 14, 3, 36, 38, 2]
Costo asociado: 149.981      Capacidad: 87.0

Ruta #2: [1, 26, 32, 17, 10, 12, 33, 27]
Costo asociado: 157.766      Capacidad: 84.0

Ruta #3: [1, 23, 7, 20]
Costo asociado: 68.023      Capacidad: 59.0

Ruta #4: [1, 15, 29, 16, 11, 21]
Costo asociado: 117.309      Capacidad: 85.0

Ruta #5: [1, 8, 28, 25, 30, 13, 9, 35, 18, 37]
Costo asociado: 173.189      Capacidad: 89.0

Ruta #6: [1, 24, 34, 19, 5, 6, 31]
Costo asociado: 237.128      Capacidad: 99.0

--> Costo total: 903.396          Capacidad total: 503.0

La solución anterior duró 0min 0seg    -------> Nuevo optimo local. Costo: 903.396       ==> Optimo: 805.0  Desvio: 12.2%
Lista tabu: [((31,19,22.672),4), ((1,5,86.533),4), ((19,5,6.083),3), ((29,16,15.264),1), ((11,21,5.831),1), ((14,4,17.464),6), ((3,1,62.129),6), ((3,14,9.849),5), ((32,17,6.083),3), ((33,22,6.403),3), ((32,33,19.209),2), ((17,10,6.403),4), ((7,20,1.414),4), ((17,20,7.81),3), ((7,20,1.414),5), ((12,33,4.123),5), ((7,33,16.763),4), ((20,23,9.055),10), ((1,7,30.676),10), ((23,7,10.198),9), ((15,29,6.708),7), ((10,12,13.342),7), ((12,15,8.062),6)]

+-+-+-+-+-+-+-+-+-+-+-+-+-+-+-+-+-+-+-+-+-+-+-+-+- Iteracion 46  +-+-+-+-+-+-+-+-+-+-+-+-+-+-+-+-+-+-+-+-+-+-+-+-+-


Ruta #1: [1, 4, 14, 36, 3, 38, 2]
Costo asociado: 147.40300000000002      Capacidad: 87.0

Ruta #2: [1, 26, 32, 17, 10, 12, 33, 27]
Costo asociado: 157.766      Capacidad: 84.0

Ruta #3: [1, 23, 7, 20]
Costo asociado: 68.023      Capacidad: 59.0

Ruta #4: [1, 15, 29, 16, 11, 21]
Costo asociado: 117.309      Capacidad: 85.0

Ruta #5: [1, 8, 28, 25, 30, 13, 9, 35, 18, 37]
Costo asociado: 173.189      Capacidad: 89.0

Ruta #6: [1, 24, 34, 19, 5, 6, 31]
Costo asociado: 237.128      Capacidad: 99.0

--> Costo total: 900.818          Capacidad total: 503.0

La solución anterior duró 0min 0seg    -------> Nuevo optimo local. Costo: 900.818       ==> Optimo: 805.0  Desvio: 11.899999999999999%
Lista tabu: [((31,19,22.672),1), ((1,5,86.533),1), ((14,4,17.464),3), ((3,1,62.129),3), ((3,14,9.849),2), ((17,10,6.403),1), ((7,20,1.414),1), ((7,20,1.414),2), ((12,33,4.123),2), ((7,33,16.763),1), ((20,23,9.055),7), ((1,7,30.676),7), ((23,7,10.198),6), ((15,29,6.708),4), ((10,12,13.342),4), ((12,15,8.062),3), ((3,4,26.0),9), ((36,14,11.18),9), ((14,4,17.464),8), ((29,16,15.264),6), ((12,33,4.123),6), ((29,33,4.123),5), ((8,28,3.0),7), ((30,13,1.0),7), ((8,30,15.133),6)]

+-+-+-+-+-+-+-+-+-+-+-+-+-+-+-+-+-+-+-+-+-+-+-+-+- Iteracion 47  +-+-+-+-+-+-+-+-+-+-+-+-+-+-+-+-+-+-+-+-+-+-+-+-+-


Ruta #1: [1, 4, 14, 36, 3, 38, 2]
Costo asociado: 147.40300000000002      Capacidad: 87.0

Ruta #2: [1, 27, 33, 12, 17, 10, 32, 26]
Costo asociado: 162.93099999999998      Capacidad: 84.0

Ruta #3: [1, 23, 7, 20]
Costo asociado: 68.023      Capacidad: 59.0

Ruta #4: [1, 15, 29, 16, 11, 21]
Costo asociado: 117.309      Capacidad: 85.0

Ruta #5: [1, 8, 28, 25, 30, 13, 9, 35, 18, 37]
Costo asociado: 173.189      Capacidad: 89.0

Ruta #6: [1, 24, 34, 19, 5, 6, 31]
Costo asociado: 237.128      Capacidad: 99.0

--> Costo total: 905.983          Capacidad total: 503.0

La solución anterior duró 0min 0seg    -------> Nuevo optimo local. Costo: 897.122       ==> Optimo: 805.0  Desvio: 11.4%
Lista tabu: [((14,4,17.464),2), ((3,1,62.129),2), ((3,14,9.849),1), ((7,20,1.414),1), ((12,33,4.123),1), ((20,23,9.055),6), ((1,7,30.676),6), ((23,7,10.198),5), ((15,29,6.708),3), ((10,12,13.342),3), ((12,15,8.062),2), ((3,4,26.0),8), ((36,14,11.18),8), ((14,4,17.464),7), ((29,16,15.264),5), ((12,33,4.123),5), ((29,33,4.123),4), ((8,28,3.0),6), ((30,13,1.0),6), ((8,30,15.133),5), ((14,3,9.849),11), ((36,38,7.071),11), ((14,36,11.18),10)]

+-+-+-+-+-+-+-+-+-+-+-+-+-+-+-+-+-+-+-+-+-+-+-+-+- Iteracion 51  +-+-+-+-+-+-+-+-+-+-+-+-+-+-+-+-+-+-+-+-+-+-+-+-+-


Ruta #1: [1, 4, 14, 36, 3, 38, 2]
Costo asociado: 147.40300000000002      Capacidad: 87.0

Ruta #2: [1, 26, 32, 10, 17, 33, 12, 27]
Costo asociado: 162.652      Capacidad: 84.0

Ruta #3: [1, 23, 7, 20]
Costo asociado: 68.023      Capacidad: 59.0

Ruta #4: [1, 15, 29, 16, 11, 21]
Costo asociado: 117.309      Capacidad: 85.0

Ruta #5: [1, 8, 28, 25, 30, 13, 9, 35, 18, 37]
Costo asociado: 173.189      Capacidad: 89.0

Ruta #6: [1, 24, 34, 19, 5, 6, 31]
Costo asociado: 237.128      Capacidad: 99.0

--> Costo total: 905.704          Capacidad total: 503.0

La solución anterior duró 0min 0seg    -------> Nuevo optimo local. Costo: 905.704       ==> Optimo: 805.0  Desvio: 12.5%
Lista tabu: [((20,23,9.055),2), ((1,7,30.676),2), ((23,7,10.198),1), ((3,4,26.0),4), ((36,14,11.18),4), ((14,4,17.464),3), ((29,16,15.264),1), ((12,33,4.123),1), ((8,28,3.0),2), ((30,13,1.0),2), ((8,30,15.133),1), ((14,3,9.849),7), ((36,38,7.071),7), ((14,36,11.18),6), ((10,12,13.342),8), ((32,17,6.083),8), ((17,12,10.63),7), ((4,14,17.464),5), ((27,33,15.264),5), ((4,33,2.828),4), ((29,16,15.264),6), ((23,7,10.198),6), ((7,29,20.881),5), ((8,28,3.0),7), ((37,1,74.148),7), ((8,37,20.616),6)]

+-+-+-+-+-+-+-+-+-+-+-+-+-+-+-+-+-+-+-+-+-+-+-+-+- Iteracion 55  +-+-+-+-+-+-+-+-+-+-+-+-+-+-+-+-+-+-+-+-+-+-+-+-+-


Ruta #1: [1, 4, 14, 36, 3, 38, 2]
Costo asociado: 147.40300000000002      Capacidad: 87.0

Ruta #2: [1, 26, 32, 10, 20]
Costo asociado: 137.65500000000003      Capacidad: 37.0

Ruta #3: [1, 23, 17, 33, 12, 27]
Costo asociado: 82.833      Capacidad: 83.0

Ruta #4: [1, 15, 29, 16, 11, 21]
Costo asociado: 117.309      Capacidad: 85.0

Ruta #5: [1, 8, 28, 25, 30, 13, 9, 35, 18, 37]
Costo asociado: 173.189      Capacidad: 89.0

Ruta #6: [1, 24, 34, 19, 5, 6, 31]
Costo asociado: 237.128      Capacidad: 99.0

--> Costo total: 895.517          Capacidad total: 480.0

La solución anterior duró 0min 0seg    -------> Nuevo optimo local. Costo: 896.931       ==> Optimo: 805.0  Desvio: 11.4%
Lista tabu: [((14,3,9.849),3), ((36,38,7.071),3), ((14,36,11.18),2), ((10,12,13.342),4), ((32,17,6.083),4), ((17,12,10.63),3), ((4,14,17.464),1), ((27,33,15.264),1), ((29,16,15.264),2), ((23,7,10.198),2), ((7,29,20.881),1), ((8,28,3.0),3), ((37,1,74.148),3), ((8,37,20.616),2), ((12,17,10.63),8), ((27,33,15.264),8), ((33,17,14.213),7), ((8,28,3.0),5), ((13,9,7.071),5), ((8,13,14.142),4), ((12,27,11.402),6), ((17,33,14.213),6), ((27,33,15.264),5), ((26,32,43.046),7), ((28,25,16.155),7), ((25,26,18.028),6)]

+-+-+-+-+-+-+-+-+-+-+-+-+-+-+-+-+-+-+-+-+-+-+-+-+- Iteracion 56  +-+-+-+-+-+-+-+-+-+-+-+-+-+-+-+-+-+-+-+-+-+-+-+-+-


Ruta #1: [1, 4, 14, 36, 3, 38, 2]
Costo asociado: 147.40300000000002      Capacidad: 87.0

Ruta #2: [1, 26, 32, 10, 20]
Costo asociado: 137.65500000000003      Capacidad: 37.0

Ruta #3: [1, 23, 17, 33, 12, 27]
Costo asociado: 82.833      Capacidad: 83.0

Ruta #4: [1, 15, 29, 16, 11, 21]
Costo asociado: 117.309      Capacidad: 85.0

Ruta #5: [1, 8, 28, 25, 13, 30, 9, 35, 18, 37]
Costo asociado: 172.615      Capacidad: 89.0

Ruta #6: [1, 24, 34, 19, 5, 6, 31]
Costo asociado: 237.128      Capacidad: 99.0

--> Costo total: 894.943          Capacidad total: 480.0

La solución anterior duró 0min 0seg    -------> Nuevo optimo local. Costo: 894.943       ==> Optimo: 805.0  Desvio: 11.200000000000001%
Lista tabu: [((14,3,9.849),2), ((36,38,7.071),2), ((14,36,11.18),1), ((10,12,13.342),3), ((32,17,6.083),3), ((17,12,10.63),2), ((29,16,15.264),1), ((23,7,10.198),1), ((8,28,3.0),2), ((37,1,74.148),2), ((8,37,20.616),1), ((12,17,10.63),7), ((27,33,15.264),7), ((33,17,14.213),6), ((8,28,3.0),4), ((13,9,7.071),4), ((8,13,14.142),3), ((12,27,11.402),5), ((17,33,14.213),5), ((27,33,15.264),4), ((26,32,43.046),6), ((28,25,16.155),6), ((25,26,18.028),5), ((10,17,6.403),11), ((23,7,10.198),11), ((10,7,2.828),10)]

+-+-+-+-+-+-+-+-+-+-+-+-+-+-+-+-+-+-+-+-+-+-+-+-+- Iteracion 59  +-+-+-+-+-+-+-+-+-+-+-+-+-+-+-+-+-+-+-+-+-+-+-+-+-


Ruta #1: [1, 4, 14, 38, 3, 36, 2]
Costo asociado: 142.683      Capacidad: 87.0

Ruta #2: [1, 26, 32, 10, 20]
Costo asociado: 137.65500000000003      Capacidad: 37.0

Ruta #3: [1, 23, 17, 33, 12, 27]
Costo asociado: 82.833      Capacidad: 83.0

Ruta #4: [1, 15, 29, 16, 11, 21]
Costo asociado: 117.309      Capacidad: 85.0

Ruta #5: [1, 8, 28, 25, 13, 30, 9, 35, 18, 37]
Costo asociado: 172.615      Capacidad: 89.0

Ruta #6: [1, 24, 34, 19, 5, 6, 31]
Costo asociado: 237.128      Capacidad: 99.0

--> Costo total: 890.223          Capacidad total: 480.0

La solución anterior duró 0min 0seg    -------> Nuevo optimo local. Costo: 890.223       ==> Optimo: 805.0  Desvio: 10.6%
Lista tabu: [((12,17,10.63),4), ((27,33,15.264),4), ((33,17,14.213),3), ((8,28,3.0),1), ((13,9,7.071),1), ((12,27,11.402),2), ((17,33,14.213),2), ((27,33,15.264),1), ((26,32,43.046),3), ((28,25,16.155),3), ((25,26,18.028),2), ((10,17,6.403),8), ((23,7,10.198),8), ((10,7,2.828),7), ((25,30,1.0),9), ((13,9,7.071),9), ((13,25,1.414),8), ((29,16,15.264),6), ((17,33,14.213),6), ((29,33,4.123),5), ((13,30,1.0),7), ((37,1,74.148),7), ((13,37,7.81),6)]

+-+-+-+-+-+-+-+-+-+-+-+-+-+-+-+-+-+-+-+-+-+-+-+-+- Iteracion 70  +-+-+-+-+-+-+-+-+-+-+-+-+-+-+-+-+-+-+-+-+-+-+-+-+-


Ruta #1: [1, 4, 14, 38, 3, 36, 2]
Costo asociado: 142.683      Capacidad: 87.0

Ruta #2: [1, 26, 32, 10, 20]
Costo asociado: 137.65500000000003      Capacidad: 37.0

Ruta #3: [1, 27, 23, 17, 33, 12]
Costo asociado: 81.17      Capacidad: 83.0

Ruta #4: [1, 15, 29, 16, 11, 21]
Costo asociado: 117.309      Capacidad: 85.0

Ruta #5: [1, 8, 28, 25, 13, 30, 9, 35, 18, 37]
Costo asociado: 172.615      Capacidad: 89.0

Ruta #6: [1, 24, 34, 19, 5, 6, 31]
Costo asociado: 237.128      Capacidad: 99.0

