+-+-+-+-+-+-+-+-+-+-+-+-+-+-+ GRAFO CARGADO +-+-+-+-+-+-+-+-+-+-+-+-+-+-+-
        1         2         3         4         5         6         7         8         9         10        11        12        13        14        15        16        17        18        19        20        21        22        23        24        25        26        27        28        29        30        31        32        33        34
1     0         49.244    65.0    66.038    68.015    41.785    43.463    64.815    69.311    68.542    77.156    42.521    62.936    53.666    69.462    47.011    67.624    47.424    55.902    51.971    68.68    64.815    72.007    77.156    70.661    45.88    68.622    65.863    52.326    67.602    57.306    47.854    73.246    74.518    
2     49.244    0         41.976    25.298    40.112    27.514    29.12    40.792    39.0    21.932    46.174    78.848    33.136    35.0    22.627    34.713    21.26    31.401    7.071    3.162    40.05    40.792    46.174    46.174    25.807    27.459    36.056    23.77    34.015    24.597    85.422    32.388    46.043    46.0    
3     65.0    41.976    0         24.042    6.083    67.0    69.007    1.414    9.22    34.655    13.928    69.921    10.0    76.531    35.355    75.027    33.971    72.111    44.944    43.681    7.071    1.414    7.071    13.928    31.241    68.118    12.083    26.173    75.425    27.586    67.03    73.11    8.602    10.296    
4     66.038    25.298    24.042    0         19.416    52.811    54.406    22.627    17.0    10.63    22.361    84.054    14.213    59.54    11.314    59.908    10.0    56.515    25.02    25.495    18.868    22.627    25.06    22.361    7.616    52.631    13.416    2.236    58.694    3.606    85.329    57.489    24.166    23.409    
5     68.015    40.112    6.083    19.416    0         66.272    68.184    5.0    3.162    30.0    9.22    75.432    7.0    75.06    30.61    74.108    29.411    71.028    42.202    41.437    1.0    5.0    6.083    9.22    26.173    67.03    6.403    21.633    74.027    22.804    73.007    72.028    6.083    6.708    
6     41.785    27.514    67.0    52.811    66.272    0         2.236    66.008    65.62    48.374    73.164    81.841    59.304    12.728    48.877    8.246    47.885    6.403    29.682    27.731    66.37    66.008    72.173    73.164    52.773    4.123    62.968    51.264    11.314    52.0    93.349    7.211    72.339    72.56    
7     43.463    29.12    69.007    54.406    68.184    2.236    0         68.0    67.476    49.649    74.967    83.815    61.205    10.63    50.12    6.083    49.193    4.243    30.887    29.155    68.264    68.0    74.108    74.967    54.129    3.162    64.777    52.811    9.22    53.488    95.462    5.0    74.243    74.431    
8     64.815    40.792    1.414    22.627    5.0    66.008    68.0    0         8.062    33.242    13.416    70.605    8.602    75.425    33.941    74.007    32.558    71.063    43.658    42.45    6.0    0.0    7.211    13.416    29.833    67.067    10.77    24.759    74.33    26.173    68.007    72.062    8.485    10.0    
9     69.311    39.0    9.22    17.0    3.162    65.62    67.476    8.062    0         27.459    8.062    78.102    6.708    74.0    28.018    73.335    26.926    70.178    40.608    40.112    2.236    8.062    8.062    8.062    23.431    66.189    3.606    19.235    73.007    20.248    76.0    71.176    7.28    7.0    
10    68.542    21.932    34.655    10.63    30.0    48.374    49.649    33.242    27.459    0         31.953    91.137    24.759    53.16    1.0    54.626    1.0    51.078    18.788    20.809    29.411    33.242    35.511    31.953    5.0    47.424    23.854    8.485    52.498    7.211    93.862    52.0    34.482    33.541    
11    77.156    46.174    13.928    22.361    9.22    73.164    74.967    13.416    8.062    31.953    0         83.815    14.765    81.099    32.311    80.753    31.623    77.524    47.096    47.011    8.485    13.416    8.0    0.0    27.313    73.553    10.198    24.515    80.156    25.0    80.306    78.518    6.0    4.0    
12    42.521    78.848    69.921    84.054    75.432    81.841    83.815    70.605    78.102    91.137    83.815    0         73.98    94.403    92.136    88.238    90.139    88.006    85.866    82.006    76.4    70.605    76.217    83.815    91.0    85.703    79.429    85.006    93.005    87.006    18.0    88.6    78.109    80.006    
13    62.936    33.136    10.0    14.213    7.0    59.304    61.205    8.602    6.708    24.759    14.765    73.98    0         68.066    25.495    67.119    24.042    64.031    35.44    34.525    7.071    8.602    13.038    14.765    21.633    60.033    5.831    16.279    67.03    17.804    73.246    65.031    13.038    13.342    
14    53.666    35.0    76.531    59.54    75.06    12.728    10.63    75.425    74.0    53.16    81.099    94.403    68.066    0         53.451    7.071    52.887    6.403    34.713    34.132    75.027    75.425    81.099    81.099    57.974    9.434    71.028    57.706    1.414    58.052    106.075    5.831    81.025    81.0    
15    69.462    22.627    35.355    11.314    30.61    48.877    50.12    33.941    28.018    1.0    32.311    92.136    25.495    53.451    0         55.036    2.0    51.478    19.235    21.401    30.0    33.941    36.056    32.311    5.099    47.854    24.413    9.22    52.811    7.81    94.831    52.393    34.986    34.0    
16    47.011    34.713    75.027    59.908    74.108    8.246    6.083    74.007    73.335    54.626    80.753    88.238    67.119    7.071    55.036    0         54.231    3.606    35.847    34.482    74.169    74.007    80.056    80.753    59.237    7.28    70.576    58.241    6.0    58.822    100.449    2.828    80.156    80.306    
17    67.624    21.26    33.971    10.0    29.411    47.885    49.193    32.558    26.926    1.0    31.623    90.139    24.042    52.887    2.0    54.231    0         50.695    18.385    20.248    28.844    32.558    34.986    31.623    5.099    47.011    23.324    7.81    52.202    6.708    92.892    51.624    34.0    33.106    
18    47.424    31.401    72.111    56.515    71.028    6.403    4.243    71.063    70.178    51.078    77.524    88.006    64.031    6.403    51.478    3.606    50.695    0         32.311    31.048    71.063    71.063    77.006    77.524    55.714    4.0    67.365    54.818    5.0    55.362    99.705    1.0    77.058    77.162    
19    55.902    7.071    44.944    25.02    42.202    29.682    30.887    43.658    40.608    18.788    47.096    85.866    35.44    34.713    19.235    35.847    18.385    32.311    0         4.0    41.976    43.658    48.27    47.096    23.409    28.636    37.336    23.087    33.956    23.345    92.136    33.242    47.854    47.518    
20    51.971    3.162    43.681    25.495    41.437    27.731    29.155    42.45    40.112    20.809    47.011    82.006    34.525    34.132    21.401    34.482    20.248    31.048    4.0    0         41.304    42.45    47.518    47.011    25.06    27.203    37.014    23.77    33.242    24.352    88.549    32.016    47.265    47.096    
21    68.68    40.05    7.071    18.868    1.0    66.37    68.264    6.0    2.236    29.411    8.485    76.4    7.071    75.027    30.0    74.169    28.844    71.063    41.976    41.304    0         6.0    6.325    8.485    25.495    67.067    5.657    21.095    74.007    22.204    74.007    72.062    6.0    6.325    
22    64.815    40.792    1.414    22.627    5.0    66.008    68.0    0.0    8.062    33.242    13.416    70.605    8.602    75.425    33.941    74.007    32.558    71.063    43.658    42.45    6.0    0         7.211    13.416    29.833    67.067    10.77    24.759    74.33    26.173    68.007    72.062    8.485    10.0    
23    72.007    46.174    7.071    25.06    6.083    72.173    74.108    7.211    8.062    35.511    8.0    76.217    13.038    81.099    36.056    80.056    34.986    77.006    48.27    47.518    6.325    7.211    0         8.0    31.401    73.007    11.662    27.295    80.056    28.302    72.339    78.006    2.0    4.0    
24    77.156    46.174    13.928    22.361    9.22    73.164    74.967    13.416    8.062    31.953    0.0    83.815    14.765    81.099    32.311    80.753    31.623    77.524    47.096    47.011    8.485    13.416    8.0    0         27.313    73.553    10.198    24.515    80.156    25.0    80.306    78.518    6.0    4.0    
25    70.661    25.807    31.241    7.616    26.173    52.773    54.129    29.833    23.431    5.0    27.313    91.0    21.633    57.974    5.099    59.237    5.099    55.714    23.409    25.06    25.495    29.833    31.401    27.313    0         52.0    19.849    6.083    57.28    4.123    92.763    56.648    30.232    29.155    
26    45.88    27.459    68.118    52.631    67.03    4.123    3.162    67.067    66.189    47.424    73.553    85.703    60.033    9.434    47.854    7.28    47.011    4.0    28.636    27.203    67.067    67.067    73.007    73.553    52.0    0         63.388    50.961    8.062    51.546    96.938    5.0    73.062    73.171    
27    68.622    36.056    12.083    13.416    6.403    62.968    64.777    10.77    3.606    23.854    10.198    79.429    5.831    71.028    24.413    70.576    23.324    67.365    37.336    37.014    5.657    10.77    11.662    10.198    19.849    63.388    0         15.652    70.064    16.643    78.058    68.359    10.77    10.198    
28    65.863    23.77    26.173    2.236    21.633    51.264    52.811    24.759    19.235    8.485    24.515    85.006    16.279    57.706    9.22    58.241    7.81    54.818    23.087    23.77    21.095    24.759    27.295    24.515    6.083    50.961    15.652    0         56.886    2.0    86.683    55.785    26.401    25.632    
29    52.326    34.015    75.425    58.694    74.027    11.314    9.22    74.33    73.007    52.498    80.156    93.005    67.03    1.414    52.811    6.0    52.202    5.0    33.956    33.242    74.007    74.33    80.056    80.156    57.28    8.062    70.064    56.886    0         57.271    104.661    4.472    80.006    80.006    
30    67.602    24.597    27.586    3.606    22.804    52.0    53.488    26.173    20.248    7.211    25.0    87.006    17.804    58.052    7.81    58.822    6.708    55.362    23.345    24.352    22.204    26.173    28.302    25.0    4.123    51.546    16.643    2.0    57.271    0         88.645    56.321    27.295    26.401    
31    57.306    85.422    67.03    85.329    73.007    93.349    95.462    68.007    76.0    93.862    80.306    18.0    73.246    106.075    94.831    100.449    92.892    99.705    92.136    88.549    74.007    68.007    72.339    80.306    92.763    96.938    78.058    86.683    104.661    88.645    0         100.409    74.33    76.322    
32    47.854    32.388    73.11    57.489    72.028    7.211    5.0    72.062    71.176    52.0    78.518    88.6    65.031    5.831    52.393    2.828    51.624    1.0    33.242    32.016    72.062    72.062    78.006    78.518    56.648    5.0    68.359    55.785    4.472    56.321    100.409    0         78.058    78.16    
33    73.246    46.043    8.602    24.166    6.083    72.339    74.243    8.485    7.28    34.482    6.0    78.109    13.038    81.025    34.986    80.156    34.0    77.058    47.854    47.265    6.0    8.485    2.0    6.0    30.232    73.062    10.77    26.401    80.006    27.295    74.33    78.058    0         2.0    
34    74.518    46.0    10.296    23.409    6.708    72.56    74.431    10.0    7.0    33.541    4.0    80.006    13.342    81.0    34.0    80.306    33.106    77.162    47.518    47.096    6.325    10.0    4.0    4.0    29.155    73.171    10.198    25.632    80.006    26.401    76.322    78.16    2.0    0         


Demandas:
1: 0.0
2: 6.0
3: 12.0
4: 2.0
5: 24.0
6: 3.0
7: 18.0
8: 21.0
9: 14.0
10: 69.0
11: 1.0
12: 13.0
13: 2.0
14: 2.0
15: 7.0
16: 7.0
17: 1.0
18: 23.0
19: 19.0
20: 14.0
21: 8.0
22: 11.0
23: 4.0
24: 8.0
25: 24.0
26: 12.0
27: 9.0
28: 4.0
29: 19.0
30: 15.0
31: 2.0
32: 2.0
33: 15.0
34: 66.0
+-+-+-+-+-+-+-+-+-+-+-+-+-+-+-+ SOLUCION INICIAL +-+-+-+-+-+-+-+-+-+-+-+-+-+-+-+-

Ruta #1: [1, 6, 7, 26, 18, 32, 16, 29, 14, 20]
Costo asociado: 148.528      Capacidad: 100.0

Ruta #2: [1, 12, 31, 3, 8, 22, 5, 21, 27]
Costo asociado: 209.24400000000003      Capacidad: 100.0

Ruta #3: [1, 2, 19, 17, 10]
Costo asociado: 144.24200000000002      Capacidad: 95.0

Ruta #4: [1, 13, 9, 34, 33]
Costo asociado: 151.89      Capacidad: 97.0

Ruta #5: [1, 28, 30, 4, 25, 15, 11, 24, 23]
Costo asociado: 196.502      Capacidad: 65.0

--> Costo total: 850.406          Capacidad total: 457.0

+-+-+-+-+-+-+-+-+-+-+-+-+-+-+-+-+-+-+- Iteracion 18  +-+-+-+-+-+-+-+-+-+-+-+-+-+-+-+-+-+-+-


Ruta #1: [1, 6, 7, 26, 18, 32, 16, 29, 14, 20]
Costo asociado: 148.528      Capacidad: 100.0

Ruta #2: [1, 12, 31, 3, 8, 22, 5, 21, 27]
Costo asociado: 209.24400000000003      Capacidad: 100.0

Ruta #3: [1, 2, 19, 17, 10]
Costo asociado: 144.24200000000002      Capacidad: 95.0

Ruta #4: [1, 13, 9, 34, 33]
Costo asociado: 151.89      Capacidad: 97.0

Ruta #5: [1, 28, 30, 4, 25, 15, 11, 24, 23]
Costo asociado: 196.502      Capacidad: 65.0

--> Costo total: 850.315          Capacidad total: 457.0

+-+-+-+-+-+-+-+-+-+-+-+-+-+-+-+-+-+-+- Iteracion 18  +-+-+-+-+-+-+-+-+-+-+-+-+-+-+-+-+-+-+-

La solución anterior duró 0min 0seg    -------> Nuevo optimo local. Costo: 850.315
Lista tabu: [((26,18,4.0),1), ((32,16,2.828),1), ((17,10,1.0),2), ((28,30,2.0),2), ((17,30,6.708),1), ((17,10,1.0),3), ((4,25,7.616),3), ((17,25,5.099),2), ((9,34,7.0),4), ((33,1,73.246),4), ((9,33,7.28),3), ((9,34,7.0),5), ((33,1,73.246),5), ((9,33,7.28),4), ((2,19,7.071),6), ((10,1,68.542),6), ((2,10,21.932),5)]

+-+-+-+-+-+-+-+-+-+-+-+-+-+-+-+-+-+-+- Iteracion 19  +-+-+-+-+-+-+-+-+-+-+-+-+-+-+-+-+-+-+-


Ruta #1: [1, 6, 7, 26, 18, 32, 16, 29, 14, 20]
Costo asociado: 148.528      Capacidad: 100.0

Ruta #2: [1, 12, 31, 3, 8, 22, 5, 21, 27]
Costo asociado: 209.24400000000003      Capacidad: 100.0

Ruta #3: [1, 2, 19, 17, 10]
Costo asociado: 144.24200000000002      Capacidad: 95.0

Ruta #4: [1, 13, 9, 34, 33]
Costo asociado: 151.89      Capacidad: 97.0

Ruta #5: [1, 28, 15, 25, 4, 30, 11, 24, 23]
Costo asociado: 196.411      Capacidad: 65.0

--> Costo total: 847.5350000000001          Capacidad total: 457.0

+-+-+-+-+-+-+-+-+-+-+-+-+-+-+-+-+-+-+- Iteracion 19  +-+-+-+-+-+-+-+-+-+-+-+-+-+-+-+-+-+-+-

La solución anterior duró 0min 0seg    -------> Nuevo optimo local. Costo: 847.5350000000001
Lista tabu: [((17,10,1.0),1), ((28,30,2.0),1), ((17,10,1.0),2), ((4,25,7.616),2), ((17,25,5.099),1), ((9,34,7.0),3), ((33,1,73.246),3), ((9,33,7.28),2), ((9,34,7.0),4), ((33,1,73.246),4), ((9,33,7.28),3), ((2,19,7.071),5), ((10,1,68.542),5), ((2,10,21.932),4), ((28,30,2.0),10), ((15,11,32.311),10), ((15,28,9.22),8)]

+-+-+-+-+-+-+-+-+-+-+-+-+-+-+-+-+-+-+- Iteracion 20  +-+-+-+-+-+-+-+-+-+-+-+-+-+-+-+-+-+-+-


Ruta #1: [1, 6, 7, 26, 18, 32, 16, 29, 14, 20]
Costo asociado: 148.528      Capacidad: 100.0

Ruta #2: [1, 12, 31, 3, 8, 22, 5, 21, 27]
Costo asociado: 209.24400000000003      Capacidad: 100.0

Ruta #3: [1, 2, 19, 17, 10]
Costo asociado: 144.24200000000002      Capacidad: 95.0

Ruta #4: [1, 13, 9, 34, 33]
Costo asociado: 151.89      Capacidad: 97.0

Ruta #5: [1, 28, 4, 25, 15, 30, 11, 24, 23]
Costo asociado: 193.63100000000003      Capacidad: 65.0

--> Costo total: 847.02          Capacidad total: 457.0

+-+-+-+-+-+-+-+-+-+-+-+-+-+-+-+-+-+-+- Iteracion 20  +-+-+-+-+-+-+-+-+-+-+-+-+-+-+-+-+-+-+-

La solución anterior duró 0min 0seg    -------> Nuevo optimo local. Costo: 847.02
Lista tabu: [((17,10,1.0),1), ((4,25,7.616),1), ((9,34,7.0),2), ((33,1,73.246),2), ((9,33,7.28),1), ((9,34,7.0),3), ((33,1,73.246),3), ((9,33,7.28),2), ((2,19,7.071),4), ((10,1,68.542),4), ((2,10,21.932),3), ((28,30,2.0),9), ((15,11,32.311),9), ((15,28,9.22),7), ((28,15,9.22),10), ((4,30,3.606),10), ((4,28,2.236),8)]

+-+-+-+-+-+-+-+-+-+-+-+-+-+-+-+-+-+-+- Iteracion 39  +-+-+-+-+-+-+-+-+-+-+-+-+-+-+-+-+-+-+-


Ruta #1: [1, 6, 7, 26, 18, 32, 16, 29, 14, 20]
Costo asociado: 148.528      Capacidad: 100.0

Ruta #2: [1, 12, 31, 3, 8, 22, 5, 21, 27]
Costo asociado: 209.24400000000003      Capacidad: 100.0

Ruta #3: [1, 2, 19, 10, 17]
Costo asociado: 143.72699999999998      Capacidad: 95.0

Ruta #4: [1, 13, 9, 34, 33]
Costo asociado: 151.89      Capacidad: 97.0

Ruta #5: [1, 28, 4, 25, 15, 30, 11, 24, 23]
Costo asociado: 193.63100000000003      Capacidad: 65.0

--> Costo total: 845.3230000000001          Capacidad total: 457.0

+-+-+-+-+-+-+-+-+-+-+-+-+-+-+-+-+-+-+- Iteracion 39  +-+-+-+-+-+-+-+-+-+-+-+-+-+-+-+-+-+-+-

La solución anterior duró 0min 1seg    -------> Nuevo optimo local. Costo: 845.3230000000001
Lista tabu: [((8,22,0.0),1), ((21,27,5.657),1), ((6,7,2.236),2), ((16,29,6.0),2), ((6,16,8.246),1), ((5,21,1.0),3), ((11,24,0.0),3), ((5,24,9.22),2), ((18,32,1.0),4), ((16,29,6.0),4), ((16,18,3.606),3), ((3,8,1.414),5), ((27,1,68.622),5), ((3,27,12.083),4), ((5,21,1.0),6), ((30,11,25.0),6), ((5,11,9.22),5)]

Ruta #1: [1, 6, 7, 26, 18, 32, 16, 29, 14, 20]
Costo asociado: 148.528      Capacidad: 100.0

Ruta #2: [1, 12, 31, 3, 8, 22, 5, 21, 27]
Costo asociado: 209.24400000000003      Capacidad: 100.0

Ruta #3: [1, 2, 19, 10, 17]
Costo asociado: 143.72699999999998      Capacidad: 95.0

Ruta #4: [1, 13, 9, 34, 33]
Costo asociado: 151.89      Capacidad: 97.0

Ruta #5: [1, 28, 4, 30, 15, 25, 11, 24, 23]
Costo asociado: 191.93400000000003      Capacidad: 65.0

--> Costo total: 926.31          Capacidad total: 457.0

+-+-+-+-+-+-+-+-+-+-+-+-+-+-+-+-+-+-+- Iteracion 147  +-+-+-+-+-+-+-+-+-+-+-+-+-+-+-+-+-+-+-


Ruta #1: [1, 6, 7, 26, 18, 32, 16, 29, 14, 20]
Costo asociado: 148.528      Capacidad: 100.0

Ruta #2: [1, 12, 31, 3, 8, 22, 5, 21, 27]
Costo asociado: 209.24400000000003      Capacidad: 100.0

Ruta #3: [1, 2, 19, 10, 17]
Costo asociado: 143.72699999999998      Capacidad: 95.0

Ruta #4: [1, 13, 9, 34, 33]
Costo asociado: 151.89      Capacidad: 97.0

Ruta #5: [1, 28, 4, 30, 15, 25, 11, 24, 23]
Costo asociado: 191.93400000000003      Capacidad: 65.0

--> Costo total: 924.086          Capacidad total: 457.0

+-+-+-+-+-+-+-+-+-+-+-+-+-+-+-+-+-+-+- Iteracion 147  +-+-+-+-+-+-+-+-+-+-+-+-+-+-+-+-+-+-+-

Nuevo optimo. Costo: 924.086
Lista tabu: [((2,19,7.071),1), ((17,1,67.624),1), ((3,8,1.414),2), ((22,30,26.173),2), ((3,22,1.414),1), ((16,29,6.0),3), ((14,20,34.132),3), ((14,16,7.071),2), ((13,9,6.708),4), ((9,34,7.0),4), ((8,22,0.0),4), ((22,30,26.173),4), ((13,22,8.602),3), ((4,5,19.416),5), ((5,15,30.61),5), ((11,24,0.0),5), ((24,23,8.0),5), ((4,24,22.361),4), ((21,27,5.657),6), ((27,1,68.622),6), ((1,28,65.863),6), ((28,4,2.236),6), ((21,28,21.095),5)]

+-+-+-+-+-+-+-+-+-+-+-+-+-+-+-+-+-+-+- Iteracion 162  +-+-+-+-+-+-+-+-+-+-+-+-+-+-+-+-+-+-+-


Ruta #1: [1, 6, 7, 26, 18, 32, 16, 29, 14, 20]
Costo asociado: 148.528      Capacidad: 100.0

Ruta #2: [1, 12, 31, 3, 8, 22, 5, 21, 27]
Costo asociado: 209.24400000000003      Capacidad: 100.0

Ruta #3: [1, 2, 19, 10, 17]
Costo asociado: 143.72699999999998      Capacidad: 95.0

Ruta #4: [1, 13, 9, 34, 33]
Costo asociado: 151.89      Capacidad: 97.0

Ruta #5: [1, 28, 4, 30, 15, 25, 11, 24, 23]
Costo asociado: 191.93400000000003      Capacidad: 65.0

--> Costo total: 922.5989999999999          Capacidad total: 457.0

+-+-+-+-+-+-+-+-+-+-+-+-+-+-+-+-+-+-+- Iteracion 162  +-+-+-+-+-+-+-+-+-+-+-+-+-+-+-+-+-+-+-

Nuevo optimo. Costo: 922.5989999999999
Lista tabu: [((6,7,2.236),1), ((7,26,3.162),1), ((18,32,1.0),1), ((32,16,2.828),1), ((15,25,5.099),2), ((25,11,27.313),2), ((2,19,7.071),2), ((19,10,18.788),2), ((15,19,19.235),1), ((6,7,2.236),3), ((7,26,3.162),3), ((29,14,1.414),3), ((14,20,34.132),3), ((6,14,12.728),2), ((5,15,30.61),4), ((11,24,0.0),4), ((5,11,9.22),3), ((5,15,30.61),5), ((15,25,5.099),5), ((13,9,6.708),5), ((9,34,7.0),5), ((5,9,3.162),4), ((4,5,19.416),6), ((15,25,5.099),6), ((4,15,11.314),5)]

+-+-+-+-+-+-+-+-+-+-+-+-+-+-+-+-+-+-+- Iteracion 169  +-+-+-+-+-+-+-+-+-+-+-+-+-+-+-+-+-+-+-


Ruta #1: [1, 6, 7, 26, 18, 32, 16, 29, 14, 20]
Costo asociado: 148.528      Capacidad: 100.0

Ruta #2: [1, 12, 31, 3, 8, 22, 5, 21, 27]
Costo asociado: 209.24400000000003      Capacidad: 100.0

Ruta #3: [1, 2, 19, 10, 17]
Costo asociado: 143.72699999999998      Capacidad: 95.0

Ruta #4: [1, 13, 9, 34, 33]
Costo asociado: 151.89      Capacidad: 97.0

Ruta #5: [1, 28, 4, 30, 15, 25, 11, 24, 23]
Costo asociado: 191.93400000000003      Capacidad: 65.0

--> Costo total: 919.5129999999999          Capacidad total: 457.0

+-+-+-+-+-+-+-+-+-+-+-+-+-+-+-+-+-+-+- Iteracion 169  +-+-+-+-+-+-+-+-+-+-+-+-+-+-+-+-+-+-+-

Nuevo optimo. Costo: 919.5129999999999
Lista tabu: [((3,8,1.414),4), ((8,27,10.77),4), ((30,21,22.204),4), ((21,22,6.0),4), ((3,21,7.071),2), ((32,16,2.828),1), ((29,14,1.414),1), ((28,4,2.236),2), ((5,15,30.61),2), ((5,28,21.633),1), ((32,16,2.828),3), ((29,14,1.414),3), ((29,32,4.472),2), ((28,4,2.236),4), ((15,25,5.099),4), ((15,28,9.22),3), ((16,29,6.0),5), ((14,20,34.132),5), ((14,16,7.071),4), ((5,15,30.61),6), ((15,25,5.099),6), ((3,21,7.071),6), ((21,27,5.657),6), ((5,21,1.0),5)]

+-+-+-+-+-+-+-+-+-+-+-+-+-+-+-+-+-+-+- Iteracion 170  +-+-+-+-+-+-+-+-+-+-+-+-+-+-+-+-+-+-+-


Ruta #1: [1, 6, 7, 26, 18, 32, 16, 29, 14, 20]
Costo asociado: 148.528      Capacidad: 100.0

Ruta #2: [1, 12, 31, 3, 8, 22, 5, 21, 27]
Costo asociado: 209.24400000000003      Capacidad: 100.0

Ruta #3: [1, 2, 19, 10, 17]
Costo asociado: 143.72699999999998      Capacidad: 95.0

Ruta #4: [1, 13, 9, 34, 33]
Costo asociado: 151.89      Capacidad: 97.0

Ruta #5: [1, 28, 4, 30, 15, 25, 11, 24, 23]
Costo asociado: 191.93400000000003      Capacidad: 65.0

--> Costo total: 910.326          Capacidad total: 457.0

+-+-+-+-+-+-+-+-+-+-+-+-+-+-+-+-+-+-+- Iteracion 170  +-+-+-+-+-+-+-+-+-+-+-+-+-+-+-+-+-+-+-

Nuevo optimo. Costo: 910.326
Lista tabu: [((3,8,1.414),3), ((8,27,10.77),3), ((30,21,22.204),3), ((21,22,6.0),3), ((3,21,7.071),1), ((28,4,2.236),1), ((5,15,30.61),1), ((32,16,2.828),2), ((29,14,1.414),2), ((29,32,4.472),1), ((28,4,2.236),3), ((15,25,5.099),3), ((15,28,9.22),2), ((16,29,6.0),4), ((14,20,34.132),4), ((14,16,7.071),3), ((5,15,30.61),5), ((15,25,5.099),5), ((3,21,7.071),5), ((21,27,5.657),5), ((5,21,1.0),4), ((27,30,16.643),10), ((22,1,64.815),10), ((22,27,10.77),8)]

+-+-+-+-+-+-+-+-+-+-+-+-+-+-+-+-+-+-+- Iteracion 178  +-+-+-+-+-+-+-+-+-+-+-+-+-+-+-+-+-+-+-


Ruta #1: [1, 6, 7, 26, 18, 32, 16, 29, 14, 20]
Costo asociado: 148.528      Capacidad: 100.0

Ruta #2: [1, 12, 31, 3, 8, 22, 5, 21, 27]
Costo asociado: 209.24400000000003      Capacidad: 100.0

Ruta #3: [1, 2, 19, 10, 17]
Costo asociado: 143.72699999999998      Capacidad: 95.0

Ruta #4: [1, 13, 9, 34, 33]
Costo asociado: 151.89      Capacidad: 97.0

Ruta #5: [1, 28, 4, 30, 15, 25, 11, 24, 23]
Costo asociado: 191.93400000000003      Capacidad: 65.0

--> Costo total: 899.5559999999999          Capacidad total: 457.0

+-+-+-+-+-+-+-+-+-+-+-+-+-+-+-+-+-+-+- Iteracion 178  +-+-+-+-+-+-+-+-+-+-+-+-+-+-+-+-+-+-+-

Nuevo optimo. Costo: 899.5559999999999
Lista tabu: [((27,30,16.643),2), ((22,1,64.815),2), ((21,27,5.657),3), ((8,30,26.173),3), ((8,21,6.0),1), ((21,8,6.0),1), ((8,22,0.0),1), ((11,24,0.0),1), ((24,23,8.0),1), ((5,15,30.61),2), ((15,25,5.099),2), ((24,23,8.0),2), ((23,1,72.007),2), ((5,23,6.083),1), ((21,8,6.0),3), ((8,22,0.0),3), ((1,23,72.007),3), ((23,24,8.0),3), ((21,23,6.325),2), ((5,15,30.61),4), ((11,24,0.0),4), ((5,11,9.22),3), ((7,26,3.162),5), ((26,18,4.0),5), ((32,16,2.828),5), ((16,29,6.0),5), ((7,16,6.083),4), ((6,7,2.236),6), ((7,26,3.162),6), ((18,32,1.0),6), ((32,16,2.828),6), ((6,32,7.211),5)]

+-+-+-+-+-+-+-+-+-+-+-+-+-+-+-+-+-+-+- Iteracion 225  +-+-+-+-+-+-+-+-+-+-+-+-+-+-+-+-+-+-+-


Ruta #1: [1, 6, 7, 26, 18, 32, 16, 29, 14, 20]
Costo asociado: 148.528      Capacidad: 100.0

Ruta #2: [1, 12, 31, 3, 8, 22, 5, 21, 27]
Costo asociado: 209.24400000000003      Capacidad: 100.0

Ruta #3: [1, 2, 19, 10, 17]
Costo asociado: 143.72699999999998      Capacidad: 95.0

Ruta #4: [1, 13, 9, 34, 33]
Costo asociado: 151.89      Capacidad: 97.0

Ruta #5: [1, 28, 4, 30, 15, 25, 11, 24, 23]
Costo asociado: 191.93400000000003      Capacidad: 65.0

--> Costo total: 897.917          Capacidad total: 457.0

+-+-+-+-+-+-+-+-+-+-+-+-+-+-+-+-+-+-+- Iteracion 225  +-+-+-+-+-+-+-+-+-+-+-+-+-+-+-+-+-+-+-

Nuevo optimo. Costo: 897.917
Lista tabu: [((26,18,4.0),1), ((18,32,1.0),1), ((29,14,1.414),1), ((14,20,34.132),1), ((5,15,30.61),2), ((15,25,5.099),2), ((8,21,6.0),2), ((21,27,5.657),2), ((5,21,1.0),1), ((3,22,1.414),3), ((22,8,0.0),3), ((11,24,0.0),3), ((24,23,8.0),3), ((3,24,13.928),2), ((3,22,1.414),4), ((22,8,0.0),4), ((11,24,0.0),4), ((24,23,8.0),4), ((3,24,13.928),3), ((6,7,2.236),5), ((7,26,3.162),5), ((16,29,6.0),5), ((29,14,1.414),5), ((6,29,11.314),4), ((6,7,2.236),6), ((26,18,4.0),6), ((6,26,4.123),5)]

+-+-+-+-+-+-+-+-+-+-+-+-+-+-+-+-+-+-+- Iteracion 267  +-+-+-+-+-+-+-+-+-+-+-+-+-+-+-+-+-+-+-


Ruta #1: [1, 6, 7, 26, 18, 32, 16, 29, 14, 20]
Costo asociado: 148.528      Capacidad: 100.0

Ruta #2: [1, 12, 31, 3, 8, 22, 5, 21, 27]
Costo asociado: 209.24400000000003      Capacidad: 100.0

Ruta #3: [1, 2, 19, 10, 17]
Costo asociado: 143.72699999999998      Capacidad: 95.0

Ruta #4: [1, 13, 9, 34, 33]
Costo asociado: 151.89      Capacidad: 97.0

Ruta #5: [1, 28, 4, 30, 15, 25, 11, 24, 23]
Costo asociado: 191.93400000000003      Capacidad: 65.0

--> Costo total: 886.9019999999999          Capacidad total: 457.0

+-+-+-+-+-+-+-+-+-+-+-+-+-+-+-+-+-+-+- Iteracion 267  +-+-+-+-+-+-+-+-+-+-+-+-+-+-+-+-+-+-+-

Nuevo optimo. Costo: 886.9019999999999
Lista tabu: [((6,7,2.236),1), ((26,18,4.0),1), ((8,22,0.0),2), ((3,31,67.03),2), ((3,8,1.414),1), ((5,15,30.61),3), ((15,25,5.099),3), ((11,24,0.0),3), ((24,23,8.0),3), ((5,24,9.22),2), ((13,9,6.708),4), ((9,34,7.0),4), ((8,22,0.0),4), ((22,3,1.414),4), ((13,22,8.602),3), ((10,17,1.0),5), ((17,1,67.624),5), ((1,28,65.863),5), ((28,30,2.0),5), ((10,28,8.485),4), ((13,9,6.708),6), ((9,34,7.0),6), ((1,23,72.007),6), ((23,24,8.0),6), ((13,23,13.038),5)]

+-+-+-+-+-+-+-+-+-+-+-+-+-+-+-+-+-+-+- Iteracion 281  +-+-+-+-+-+-+-+-+-+-+-+-+-+-+-+-+-+-+-


Ruta #1: [1, 6, 7, 26, 18, 32, 16, 29, 14, 20]
Costo asociado: 148.528      Capacidad: 100.0

Ruta #2: [1, 12, 31, 3, 8, 22, 5, 21, 27]
Costo asociado: 209.24400000000003      Capacidad: 100.0

Ruta #3: [1, 2, 19, 10, 17]
Costo asociado: 143.72699999999998      Capacidad: 95.0

Ruta #4: [1, 13, 9, 34, 33]
Costo asociado: 151.89      Capacidad: 97.0

Ruta #5: [1, 28, 4, 30, 15, 25, 11, 24, 23]
Costo asociado: 191.93400000000003      Capacidad: 65.0

--> Costo total: 883.951          Capacidad total: 457.0

+-+-+-+-+-+-+-+-+-+-+-+-+-+-+-+-+-+-+- Iteracion 281  +-+-+-+-+-+-+-+-+-+-+-+-+-+-+-+-+-+-+-

Nuevo optimo. Costo: 883.951
Lista tabu: [((7,26,3.162),1), ((26,18,4.0),1), ((32,16,2.828),1), ((16,29,6.0),1), ((8,22,0.0),2), ((22,3,1.414),2), ((30,27,16.643),2), ((27,15,24.413),2), ((8,27,10.77),1), ((8,22,0.0),3), ((22,3,1.414),3), ((1,23,72.007),3), ((23,24,8.0),3), ((8,23,7.211),2), ((26,18,4.0),4), ((16,29,6.0),4), ((16,26,7.28),3), ((7,26,3.162),5), ((26,18,4.0),5), ((29,14,1.414),5), ((14,20,34.132),5), ((7,14,10.63),4), ((16,29,6.0),6), ((14,20,34.132),6), ((14,16,7.071),5)]

+-+-+-+-+-+-+-+-+-+-+-+-+-+-+-+-+-+-+- Iteracion 335  +-+-+-+-+-+-+-+-+-+-+-+-+-+-+-+-+-+-+-


Ruta #1: [1, 6, 7, 26, 18, 32, 16, 29, 14, 20]
Costo asociado: 148.528      Capacidad: 100.0

Ruta #2: [1, 12, 31, 3, 8, 22, 5, 21, 27]
Costo asociado: 209.24400000000003      Capacidad: 100.0

Ruta #3: [1, 2, 19, 10, 17]
Costo asociado: 143.72699999999998      Capacidad: 95.0

Ruta #4: [1, 13, 9, 34, 33]
Costo asociado: 151.89      Capacidad: 97.0

Ruta #5: [1, 28, 4, 30, 15, 25, 11, 24, 23]
Costo asociado: 191.93400000000003      Capacidad: 65.0

--> Costo total: 882.403          Capacidad total: 457.0

+-+-+-+-+-+-+-+-+-+-+-+-+-+-+-+-+-+-+- Iteracion 335  +-+-+-+-+-+-+-+-+-+-+-+-+-+-+-+-+-+-+-

Nuevo optimo. Costo: 882.403
Lista tabu: [((27,30,16.643),1), ((25,11,27.313),1), ((22,3,1.414),2), ((3,31,67.03),2), ((11,24,0.0),2), ((24,23,8.0),2), ((22,24,13.416),1), ((9,34,7.0),3), ((27,30,16.643),3), ((9,30,20.248),2), ((6,7,2.236),4), ((29,14,1.414),4), ((6,29,11.314),3), ((28,27,15.652),5), ((15,25,5.099),5), ((15,28,9.22),4), ((18,32,1.0),6), ((16,29,6.0),6), ((16,18,3.606),5)]

+-+-+-+-+-+-+-+-+-+-+-+-+-+-+-+-+-+-+- Iteracion 339  +-+-+-+-+-+-+-+-+-+-+-+-+-+-+-+-+-+-+-


Ruta #1: [1, 6, 7, 26, 18, 32, 16, 29, 14, 20]
Costo asociado: 148.528      Capacidad: 100.0

Ruta #2: [1, 12, 31, 3, 8, 22, 5, 21, 27]
Costo asociado: 209.24400000000003      Capacidad: 100.0

Ruta #3: [1, 2, 19, 10, 17]
Costo asociado: 143.72699999999998      Capacidad: 95.0

Ruta #4: [1, 13, 9, 34, 33]
Costo asociado: 151.89      Capacidad: 97.0

Ruta #5: [1, 28, 4, 30, 15, 25, 11, 24, 23]
Costo asociado: 191.93400000000003      Capacidad: 65.0

--> Costo total: 873.0169999999999          Capacidad total: 457.0

+-+-+-+-+-+-+-+-+-+-+-+-+-+-+-+-+-+-+- Iteracion 339  +-+-+-+-+-+-+-+-+-+-+-+-+-+-+-+-+-+-+-

Nuevo optimo. Costo: 873.0169999999999
Lista tabu: [((28,27,15.652),1), ((15,25,5.099),1), ((18,32,1.0),2), ((16,29,6.0),2), ((16,18,3.606),1), ((4,5,19.416),7), ((21,8,6.0),7), ((4,21,18.868),5), ((21,5,1.0),4), ((1,28,65.863),4), ((21,28,21.095),3), ((13,9,6.708),5), ((34,33,2.0),5), ((13,34,13.342),4), ((27,30,16.643),6), ((11,24,0.0),6), ((11,27,10.198),5)]

+-+-+-+-+-+-+-+-+-+-+-+-+-+-+-+-+-+-+- Iteracion 344  +-+-+-+-+-+-+-+-+-+-+-+-+-+-+-+-+-+-+-


Ruta #1: [1, 6, 7, 26, 18, 32, 16, 29, 14, 20]
Costo asociado: 148.528      Capacidad: 100.0

Ruta #2: [1, 12, 31, 3, 8, 22, 5, 21, 27]
Costo asociado: 209.24400000000003      Capacidad: 100.0

Ruta #3: [1, 2, 19, 10, 17]
Costo asociado: 143.72699999999998      Capacidad: 95.0

Ruta #4: [1, 13, 9, 34, 33]
Costo asociado: 151.89      Capacidad: 97.0

Ruta #5: [1, 28, 4, 30, 15, 25, 11, 24, 23]
Costo asociado: 191.93400000000003      Capacidad: 65.0

--> Costo total: 859.202          Capacidad total: 457.0

+-+-+-+-+-+-+-+-+-+-+-+-+-+-+-+-+-+-+- Iteracion 344  +-+-+-+-+-+-+-+-+-+-+-+-+-+-+-+-+-+-+-

Nuevo optimo. Costo: 859.202
Lista tabu: [((4,5,19.416),2), ((21,8,6.0),2), ((27,30,16.643),1), ((11,24,0.0),1), ((27,30,16.643),6), ((23,1,72.007),6), ((23,27,11.662),4), ((13,9,6.708),3), ((34,33,2.0),3), ((13,34,13.342),2), ((21,5,1.0),4), ((23,24,8.0),4), ((21,24,8.485),3), ((32,16,2.828),5), ((14,20,34.132),5), ((14,32,5.831),4), ((27,23,11.662),6), ((11,25,27.313),6), ((11,27,10.198),5)]

+-+-+-+-+-+-+-+-+-+-+-+-+-+-+-+-+-+-+- Iteracion 350  +-+-+-+-+-+-+-+-+-+-+-+-+-+-+-+-+-+-+-


Ruta #1: [1, 6, 7, 26, 18, 32, 16, 29, 14, 20]
Costo asociado: 148.528      Capacidad: 100.0

Ruta #2: [1, 12, 31, 3, 8, 22, 5, 21, 27]
Costo asociado: 209.24400000000003      Capacidad: 100.0

Ruta #3: [1, 2, 19, 10, 17]
Costo asociado: 143.72699999999998      Capacidad: 95.0

Ruta #4: [1, 13, 9, 34, 33]
Costo asociado: 151.89      Capacidad: 97.0

Ruta #5: [1, 28, 4, 30, 15, 25, 11, 24, 23]
Costo asociado: 191.93400000000003      Capacidad: 65.0

--> Costo total: 858.097          Capacidad total: 457.0

+-+-+-+-+-+-+-+-+-+-+-+-+-+-+-+-+-+-+- Iteracion 350  +-+-+-+-+-+-+-+-+-+-+-+-+-+-+-+-+-+-+-

Nuevo optimo. Costo: 858.097
Lista tabu: [((4,21,18.868),5), ((1,28,65.863),5), ((4,28,2.236),3), ((4,28,2.236),2), ((19,10,18.788),2), ((4,10,10.63),1), ((21,5,1.0),3), ((28,27,15.652),3), ((21,27,5.657),2), ((7,26,3.162),4), ((18,32,1.0),4), ((7,18,4.243),3), ((27,23,11.662),5), ((11,25,27.313),5), ((11,27,10.198),4), ((21,5,1.0),6), ((3,31,67.03),6), ((3,21,7.071),5)]

+-+-+-+-+-+-+-+-+-+-+-+-+-+-+-+-+-+-+- Iteracion 351  +-+-+-+-+-+-+-+-+-+-+-+-+-+-+-+-+-+-+-


Ruta #1: [1, 6, 7, 26, 18, 32, 16, 29, 14, 20]
Costo asociado: 148.528      Capacidad: 100.0

Ruta #2: [1, 12, 31, 3, 8, 22, 5, 21, 27]
Costo asociado: 209.24400000000003      Capacidad: 100.0

Ruta #3: [1, 2, 19, 10, 17]
Costo asociado: 143.72699999999998      Capacidad: 95.0

Ruta #4: [1, 13, 9, 34, 33]
Costo asociado: 151.89      Capacidad: 97.0

Ruta #5: [1, 28, 4, 30, 15, 25, 11, 24, 23]
Costo asociado: 191.93400000000003      Capacidad: 65.0

--> Costo total: 857.175          Capacidad total: 457.0

+-+-+-+-+-+-+-+-+-+-+-+-+-+-+-+-+-+-+- Iteracion 351  +-+-+-+-+-+-+-+-+-+-+-+-+-+-+-+-+-+-+-

Nuevo optimo. Costo: 857.175
Lista tabu: [((4,21,18.868),4), ((1,28,65.863),4), ((4,28,2.236),2), ((4,28,2.236),1), ((19,10,18.788),1), ((21,5,1.0),2), ((28,27,15.652),2), ((21,27,5.657),1), ((7,26,3.162),3), ((18,32,1.0),3), ((7,18,4.243),2), ((27,23,11.662),4), ((11,25,27.313),4), ((11,27,10.198),3), ((21,5,1.0),5), ((3,31,67.03),5), ((3,21,7.071),4), ((4,28,2.236),10), ((11,25,27.313),10), ((4,11,22.361),8)]

+-+-+-+-+-+-+-+-+-+-+-+-+-+-+-+-+-+-+- Iteracion 379  +-+-+-+-+-+-+-+-+-+-+-+-+-+-+-+-+-+-+-


Ruta #1: [1, 6, 7, 26, 18, 32, 16, 29, 14, 20]
Costo asociado: 148.528      Capacidad: 100.0

Ruta #2: [1, 12, 31, 3, 8, 22, 5, 21, 27]
Costo asociado: 209.24400000000003      Capacidad: 100.0

Ruta #3: [1, 2, 19, 10, 17]
Costo asociado: 143.72699999999998      Capacidad: 95.0

Ruta #4: [1, 13, 9, 34, 33]
Costo asociado: 151.89      Capacidad: 97.0

Ruta #5: [1, 28, 4, 30, 15, 25, 11, 24, 23]
Costo asociado: 191.93400000000003      Capacidad: 65.0

--> Costo total: 854.449          Capacidad total: 457.0

+-+-+-+-+-+-+-+-+-+-+-+-+-+-+-+-+-+-+- Iteracion 379  +-+-+-+-+-+-+-+-+-+-+-+-+-+-+-+-+-+-+-

Nuevo optimo. Costo: 854.449
Lista tabu: [((18,32,1.0),1), ((14,20,34.132),1), ((21,27,5.657),2), ((24,23,8.0),2), ((21,23,6.325),1), ((6,7,2.236),3), ((32,16,2.828),3), ((6,32,7.211),2), ((11,24,0.0),4), ((1,13,62.936),4), ((11,13,14.765),3), ((6,7,2.236),5), ((26,18,4.0),5), ((6,26,4.123),4), ((5,8,5.0),6), ((3,31,67.03),6), ((3,5,6.083),5)]

+-+-+-+-+-+-+-+-+-+-+-+-+-+-+-+-+-+-+- Iteracion 404  +-+-+-+-+-+-+-+-+-+-+-+-+-+-+-+-+-+-+-


Ruta #1: [1, 6, 7, 26, 18, 32, 16, 29, 14, 20]
Costo asociado: 148.528      Capacidad: 100.0

Ruta #2: [1, 12, 31, 3, 8, 22, 5, 21, 27]
Costo asociado: 209.24400000000003      Capacidad: 100.0

Ruta #3: [1, 2, 19, 10, 17]
Costo asociado: 143.72699999999998      Capacidad: 95.0

Ruta #4: [1, 13, 9, 34, 33]
Costo asociado: 151.89      Capacidad: 97.0

Ruta #5: [1, 28, 4, 30, 15, 25, 11, 24, 23]
Costo asociado: 191.93400000000003      Capacidad: 65.0

--> Costo total: 853.425          Capacidad total: 457.0

+-+-+-+-+-+-+-+-+-+-+-+-+-+-+-+-+-+-+- Iteracion 404  +-+-+-+-+-+-+-+-+-+-+-+-+-+-+-+-+-+-+-

Nuevo optimo. Costo: 853.425
Lista tabu: [((27,28,15.652),1), ((25,15,5.099),1), ((18,32,1.0),2), ((16,29,6.0),2), ((16,18,3.606),1), ((11,24,0.0),3), ((5,8,5.0),3), ((5,11,9.22),2), ((32,16,2.828),4), ((29,14,1.414),4), ((29,32,4.472),3), ((4,11,22.361),5), ((1,21,68.68),5), ((4,21,18.868),4), ((5,8,5.0),6), ((27,28,15.652),6), ((5,28,21.633),5)]

+-+-+-+-+-+-+-+-+-+-+-+-+-+-+-+-+-+-+- Iteracion 430  +-+-+-+-+-+-+-+-+-+-+-+-+-+-+-+-+-+-+-


Ruta #1: [1, 6, 7, 26, 18, 32, 16, 29, 14, 20]
Costo asociado: 148.528      Capacidad: 100.0

Ruta #2: [1, 12, 31, 3, 8, 22, 5, 21, 27]
Costo asociado: 209.24400000000003      Capacidad: 100.0

Ruta #3: [1, 2, 19, 10, 17]
Costo asociado: 143.72699999999998      Capacidad: 95.0

Ruta #4: [1, 13, 9, 34, 33]
Costo asociado: 151.89      Capacidad: 97.0

Ruta #5: [1, 28, 4, 30, 15, 25, 11, 24, 23]
Costo asociado: 191.93400000000003      Capacidad: 65.0

--> Costo total: 849.425          Capacidad total: 457.0

+-+-+-+-+-+-+-+-+-+-+-+-+-+-+-+-+-+-+- Iteracion 430  +-+-+-+-+-+-+-+-+-+-+-+-+-+-+-+-+-+-+-

Nuevo optimo. Costo: 849.425
Lista tabu: [((27,28,15.652),1), ((30,15,7.81),1), ((2,19,7.071),2), ((17,1,67.624),2), ((2,17,21.26),1), ((32,16,2.828),3), ((29,14,1.414),3), ((29,32,4.472),2), ((6,7,2.236),4), ((32,16,2.828),4), ((6,32,7.211),3), ((13,9,6.708),5), ((11,24,0.0),5), ((13,24,14.765),4), ((18,32,1.0),6), ((14,20,34.132),6), ((14,18,6.403),5)]

+-+-+-+-+-+-+-+-+-+-+-+-+-+-+-+-+-+-+- Iteracion 472  +-+-+-+-+-+-+-+-+-+-+-+-+-+-+-+-+-+-+-


Ruta #1: [1, 6, 7, 26, 18, 32, 16, 29, 14, 20]
Costo asociado: 148.528      Capacidad: 100.0

Ruta #2: [1, 12, 31, 3, 8, 22, 5, 21, 27]
Costo asociado: 209.24400000000003      Capacidad: 100.0

Ruta #3: [1, 2, 19, 10, 17]
Costo asociado: 143.72699999999998      Capacidad: 95.0

Ruta #4: [1, 13, 9, 34, 33]
Costo asociado: 151.89      Capacidad: 97.0

Ruta #5: [1, 28, 4, 30, 15, 25, 11, 24, 23]
Costo asociado: 191.93400000000003      Capacidad: 65.0

--> Costo total: 844.539          Capacidad total: 457.0

+-+-+-+-+-+-+-+-+-+-+-+-+-+-+-+-+-+-+- Iteracion 472  +-+-+-+-+-+-+-+-+-+-+-+-+-+-+-+-+-+-+-

La solución anterior duró 0min 10seg    -------> Nuevo optimo local. Costo: 844.539
Lista tabu: [((11,24,0.0),1), ((1,13,62.936),1), ((13,9,6.708),2), ((1,21,68.68),2), ((13,21,7.071),1), ((24,34,4.0),3), ((33,1,73.246),3), ((24,33,6.0),2), ((11,24,0.0),4), ((1,21,68.68),4), ((11,21,8.485),3), ((5,8,5.0),5), ((3,31,67.03),5), ((3,5,6.083),4), ((21,23,6.325),6), ((24,34,4.0),6), ((21,34,6.325),5)]

+-+-+-+-+-+-+-+-+-+-+-+-+-+-+-+-+-+-+- Iteracion 518  +-+-+-+-+-+-+-+-+-+-+-+-+-+-+-+-+-+-+-


Ruta #1: [1, 6, 7, 26, 18, 32, 16, 29, 14, 20]
Costo asociado: 148.528      Capacidad: 100.0

Ruta #2: [1, 4, 11, 24, 34, 33]
Costo asociado: 167.64499999999998      Capacidad: 92.0

Ruta #3: [1, 2, 19, 10, 17]
Costo asociado: 143.72699999999998      Capacidad: 95.0

Ruta #4: [1, 13, 9, 27, 28, 30, 25, 15]
Costo asociado: 169.586      Capacidad: 75.0

Ruta #5: [1, 21, 23, 5, 8, 22, 3, 31, 12]
Costo asociado: 215.053      Capacidad: 95.0

--> Costo total: 841.425          Capacidad total: 457.0

+-+-+-+-+-+-+-+-+-+-+-+-+-+-+-+-+-+-+- Iteracion 518  +-+-+-+-+-+-+-+-+-+-+-+-+-+-+-+-+-+-+-

La solución anterior duró 0min 0seg    -------> Nuevo optimo local. Costo: 841.425
Lista tabu: [((18,32,1.0),1), ((16,29,6.0),1), ((5,8,5.0),2), ((9,27,3.606),2), ((5,27,6.403),1), ((24,34,4.0),3), ((9,27,3.606),3), ((24,27,10.198),2), ((9,27,3.606),4), ((24,34,4.0),4), ((9,34,7.0),3), ((28,30,2.0),5), ((15,1,69.462),5), ((15,28,9.22),4), ((11,24,0.0),6), ((21,23,6.325),6), ((11,23,8.0),5)]

+-+-+-+-+-+-+-+-+-+-+-+-+-+-+-+-+-+-+- Iteracion 528  +-+-+-+-+-+-+-+-+-+-+-+-+-+-+-+-+-+-+-


Ruta #1: [1, 6, 7, 26, 18, 32, 16, 29, 14, 20]
Costo asociado: 148.528      Capacidad: 100.0

Ruta #2: [1, 4, 11, 24, 34, 33]
Costo asociado: 167.64499999999998      Capacidad: 92.0

Ruta #3: [1, 2, 19, 10, 17]
Costo asociado: 143.72699999999998      Capacidad: 95.0

Ruta #4: [1, 13, 9, 27, 28, 30, 25, 15]
Costo asociado: 169.586      Capacidad: 75.0

Ruta #5: [1, 21, 5, 23, 8, 22, 3, 31, 12]
Costo asociado: 211.93900000000002      Capacidad: 95.0

--> Costo total: 812.8979999999999          Capacidad total: 457.0

+-+-+-+-+-+-+-+-+-+-+-+-+-+-+-+-+-+-+- Iteracion 528  +-+-+-+-+-+-+-+-+-+-+-+-+-+-+-+-+-+-+-

La solución anterior duró 0min 0seg    -------> Nuevo optimo local. Costo: 812.8979999999999
Lista tabu: [((21,23,6.325),1), ((5,8,5.0),1), ((28,30,2.0),1), ((25,15,5.099),1), ((13,9,6.708),2), ((28,30,2.0),2), ((13,28,16.279),1), ((13,9,6.708),3), ((28,30,2.0),3), ((13,28,16.279),2), ((21,5,1.0),4), ((22,3,1.414),4), ((21,22,6.0),3), ((18,32,1.0),5), ((14,20,34.132),5), ((14,18,6.403),4), ((30,25,4.123),6), ((15,1,69.462),6), ((15,30,7.81),5)]

+-+-+-+-+-+-+-+-+-+-+-+-+-+-+-+-+-+-+- Iteracion 538  +-+-+-+-+-+-+-+-+-+-+-+-+-+-+-+-+-+-+-


Ruta #1: [1, 6, 7, 26, 18, 32, 16, 29, 14]
Costo asociado: 116.091      Capacidad: 86.0

Ruta #2: [1, 4, 11, 24, 34, 33]
Costo asociado: 167.64499999999998      Capacidad: 92.0

Ruta #3: [1, 2, 19, 10, 17]
Costo asociado: 143.72699999999998      Capacidad: 95.0

Ruta #4: [1, 13, 9, 27, 28, 30, 25, 15, 20]
Costo asociado: 173.496      Capacidad: 89.0

Ruta #5: [1, 21, 5, 23, 8, 22, 3, 31, 12]
Costo asociado: 211.93900000000002      Capacidad: 95.0

--> Costo total: 812.0899999999999          Capacidad total: 457.0

+-+-+-+-+-+-+-+-+-+-+-+-+-+-+-+-+-+-+- Iteracion 538  +-+-+-+-+-+-+-+-+-+-+-+-+-+-+-+-+-+-+-

La solución anterior duró 0min 0seg    -------> Nuevo optimo local. Costo: 812.0899999999999
