+-+-+-+-+-+-+-+-+-+-+-+-+-+-+ GRAFO CARGADO +-+-+-+-+-+-+-+-+-+-+-+-+-+-+-
        1         2         3         4         5         6         7         8         9         10        11        12        13        14        15        16        17        18        19        20        21        22        23        24        25        26        27        28        29        30        31        32        33
1     0         45.453    14.56    45.453    36.401    60.828    24.0    73.355    64.351    64.815    55.326    17.804    41.11    56.223    39.051    20.0    39.051    72.014    19.235    33.121    31.401    39.699    7.81    10.77    22.361    61.074    65.0    61.131    17.088    40.012    61.0    29.53    40.311    
2     45.453    0         59.076    58.0    78.237    99.73    35.355    116.606    108.577    80.156    88.865    28.302    79.649    101.139    10.05    50.537    54.231    94.085    26.907    19.0    76.368    9.055    46.098    35.355    45.891    97.693    107.336    98.087    29.833    30.414    96.566    17.493    85.446    
3     14.56    59.076    0         55.009    31.257    56.143    31.305    64.195    54.231    71.589    54.781    30.806    38.601    45.177    51.74    28.636    48.754    75.802    33.615    44.598    21.587    52.498    19.105    25.298    24.331    58.052    57.07    57.871    31.623    54.083    58.694    43.863    26.401    
4     45.453    58.0    55.009    0         45.398    54.644    63.514    77.827    74.33    22.561    38.949    49.244    39.85    71.589    59.841    26.42    6.403    36.222    42.048    61.033    54.148    59.682    37.802    41.4    66.528    49.679    67.535    50.448    39.825    28.443    47.424    43.932    70.576    
5     36.401    78.237    31.257    45.398    0         25.0    59.841    38.419    31.401    52.498    25.612    53.31    9.22    26.571    73.824    29.069    41.231    50.804    51.624    69.08    13.454    74.303    32.65    43.829    55.0    26.926    29.155    26.683    48.549    60.465    27.857    60.803    29.155    
6     60.828    99.73    56.143    54.644    25.0    0         84.593    24.515    25.71    50.804    16.763    76.922    20.248    29.682    96.566    49.193    53.151    41.304    74.095    92.72    36.139    96.933    56.045    67.052    80.0    7.071    15.0    6.083    70.937    77.337    10.05    82.292    47.17    
7     24.0    35.355    31.305    63.514    59.841    84.593    0         95.273    85.493    85.0    79.228    14.866    65.069    76.479    25.71    41.761    57.454    94.244    22.672    16.763    52.555    26.683    30.414    22.361    10.77    85.053    87.641    85.094    24.083    47.17    85.0    27.857    56.223    
8     73.355    116.606    64.195    77.827    38.419    24.515    95.273    0         11.045    75.313    41.231    90.918    39.205    21.024    111.83    67.209    75.472    65.0    89.872    106.471    42.72    112.361    70.725    81.835    88.323    31.257    10.296    30.265    86.839    97.837    34.234    99.202    45.011    
9     64.351    108.577    54.231    74.33    31.401    25.71    85.493    11.045    0         75.06    41.012    82.098    34.54    10.0    103.228    60.44    71.176    66.91    81.688    97.417    33.121    103.812    62.482    73.41    78.109    32.757    11.662    31.78    78.746    91.837    35.693    91.351    34.0    
10    64.815    80.156    71.589    22.561    52.498    50.804    85.0    75.313    75.06    0         34.234    71.176    44.147    75.326    82.377    44.822    27.857    16.643    64.257    83.522    64.475    82.201    57.009    62.65    86.839    44.147    65.62    45.122    61.847    50.0    41.231    66.491    81.154    
11    55.326    88.865    54.781    38.949    25.612    16.763    79.228    41.231    41.012    34.234    0         69.181    16.643    42.45    87.098    39.459    38.419    26.926    64.938    84.593    39.051    87.321    49.01    59.135    76.688    10.817    31.401    11.662    61.814    63.812    8.485    71.84    53.907    
12    17.804    28.302    30.806    49.244    53.31    76.922    14.866    90.918    82.098    71.176    69.181    0         56.754    74.027    21.26    30.017    43.382    81.492    7.81    15.811    49.204    21.932    20.881    10.05    21.84    76.295    82.292    76.485    9.434    32.65    75.802    15.0    57.201    
13    41.11    79.649    38.601    39.85    9.22    20.248    65.069    39.205    34.54    44.147    16.643    56.754    0         32.14    76.322    29.155    36.674    41.617    53.852    72.533    22.627    76.694    35.903    46.84    61.4    20.0    29.069    20.025    50.695    58.728    20.224    62.177    38.275    
14    56.223    101.139    45.177    71.589    26.571    29.682    76.479    21.024    10.0    75.326    42.45    74.027    32.14    0         95.268    54.708    67.72    69.26    74.25    89.051    24.839    95.901    55.172    65.795    68.71    36.235    18.868    35.355    71.421    86.452    38.91    84.172    24.0    
15    39.051    10.05    51.74    59.841    73.824    96.566    25.71    111.83    103.228    82.377    87.098    21.26    76.322    95.268    0         47.802    55.227    95.189    22.472    9.055    70.434    1.0    41.183    30.017    36.401    95.21    102.956    95.509    25.632    34.438    94.372    16.031    78.102    
16    20.0    50.537    28.636    26.42    29.069    49.193    41.761    67.209    60.44    44.822    39.459    30.017    29.155    54.708    47.802    0         20.125    52.555    25.495    45.177    32.28    48.083    12.207    20.1    42.19    47.434    57.489    47.76    22.361    31.765    46.573    33.106    47.17    
17    39.051    54.231    48.754    6.403    41.231    53.151    57.454    75.472    71.176    27.857    38.419    43.382    36.674    67.72    55.227    20.125    0         40.012    36.401    55.785    49.0    55.145    31.401    35.228    60.208    48.836    65.192    49.518    34.015    26.0    46.861    39.205    65.192    
18    72.014    94.085    75.802    36.222    50.804    41.304    94.244    65.0    66.91    16.643    26.926    81.492    41.617    69.26    95.189    52.555    40.012    0         75.313    95.189    64.031    95.131    64.475    72.125    94.372    34.234    56.223    35.228    72.567    64.63    31.257    79.158    79.881    
19    19.235    26.907    33.615    42.048    51.624    74.095    22.672    89.872    81.688    64.257    64.938    7.81    53.852    74.25    22.472    25.495    36.401    75.313    0         20.025    49.518    22.847    19.209    8.602    29.155    72.801    80.777    73.082    3.162    25.08    72.035    10.296    59.54    
20    33.121    19.0    44.598    61.033    69.08    92.72    16.763    106.471    97.417    83.522    84.593    15.811    72.533    89.051    9.055    45.177    55.785    95.189    20.025    0         64.351    10.05    36.688    25.71    27.514    91.984    97.99    92.195    23.0    38.419    91.411    18.028    70.725    
21    31.401    76.368    21.587    54.148    13.454    36.139    52.555    42.72    33.121    64.475    39.051    49.204    22.627    24.839    70.434    32.28    49.0    64.031    49.518    64.351    0         71.063    30.61    41.012    45.891    39.395    35.511    39.0    46.755    63.695    40.706    59.548    16.763    
22    39.699    9.055    52.498    59.682    74.303    96.933    26.683    112.361    103.812    82.201    87.321    21.932    76.694    95.901    1.0    48.083    55.145    95.131    22.847    10.05    71.063    0         41.677    30.529    37.363    95.509    103.446    95.818    26.0    34.015    94.641    16.0    78.873    
23    7.81    46.098    19.105    37.802    32.65    56.045    30.414    70.725    62.482    57.009    49.01    20.881    35.903    55.172    41.183    12.207    31.401    64.475    19.209    36.688    30.61    41.677    0         11.18    30.017    55.579    61.774    55.731    16.279    35.355    55.227    29.0    42.379    
24    10.77    35.355    25.298    41.4    43.829    67.052    22.361    81.835    73.41    62.65    59.135    10.05    46.84    65.795    30.017    20.1    35.228    72.125    8.602    25.71    41.012    30.529    11.18    0         25.612    66.287    72.945    66.491    6.325    30.414    65.765    18.868    51.0    
25    22.361    45.891    24.331    66.528    55.0    80.0    10.77    88.323    78.109    86.839    76.688    21.84    61.4    68.71    36.401    42.19    60.208    94.372    29.155    27.514    45.891    37.363    30.017    25.612    0         81.302    81.394    81.222    29.53    54.231    81.615    36.497    47.17    
26    61.074    97.693    58.052    49.679    26.926    7.071    85.053    31.257    32.757    44.147    10.817    76.295    20.0    36.235    95.21    47.434    48.836    34.234    72.801    91.984    39.395    95.509    55.579    66.287    81.302    0         22.023    1.0    69.642    73.817    3.0    80.411    52.01    
27    65.0    107.336    57.07    67.535    29.155    15.0    87.641    10.296    11.662    65.62    31.401    82.292    29.069    18.868    102.956    57.489    65.192    56.223    80.777    97.99    35.511    103.446    61.774    72.945    81.394    22.023    0         21.024    77.698    87.784    25.02    89.872    41.231    
28    61.131    98.087    57.871    50.448    26.683    6.083    85.094    30.265    31.78    45.122    11.662    76.485    20.025    35.355    95.509    47.76    49.518    35.228    73.082    92.195    39.0    95.818    55.731    66.491    81.222    1.0    21.024    0         69.921    74.404    4.0    80.777    51.4    
29    17.088    29.833    31.623    39.825    48.549    70.937    24.083    86.839    78.746    61.847    61.814    9.434    50.695    71.421    25.632    22.361    34.015    72.567    3.162    23.0    46.755    26.0    16.279    6.325    29.53    69.642    77.698    69.921    0         25.0    68.884    12.806    57.245    
30    40.012    30.414    54.083    28.443    60.465    77.337    47.17    97.837    91.837    50.0    63.812    32.65    58.728    86.452    34.438    31.765    26.0    64.63    25.08    38.419    63.695    34.015    35.355    30.414    54.231    73.817    87.784    74.404    25.0    0         72.111    20.518    77.369    
31    61.0    96.566    58.694    47.424    27.857    10.05    85.0    34.234    35.693    41.231    8.485    75.802    20.224    38.91    94.372    46.573    46.861    31.257    72.035    91.411    40.706    94.641    55.227    65.765    81.615    3.0    25.02    4.0    68.884    72.111    0         79.379    53.907    
32    29.53    17.493    43.863    43.932    60.803    82.292    27.857    99.202    91.351    66.491    71.84    15.0    62.177    84.172    16.031    33.106    39.205    79.158    10.296    18.028    59.548    16.0    29.0    18.868    36.497    80.411    89.872    80.777    12.806    20.518    79.379    0         69.836    
33    40.311    85.446    26.401    70.576    29.155    47.17    56.223    45.011    34.0    81.154    53.907    57.201    38.275    24.0    78.102    47.17    65.192    79.881    59.54    70.725    16.763    78.873    42.379    51.0    47.17    52.01    41.231    51.4    57.245    77.369    53.907    69.836    0         


Demandas:
1: 0.0
2: 5.0
3: 23.0
4: 14.0
5: 13.0
6: 8.0
7: 18.0
8: 19.0
9: 10.0
10: 18.0
11: 20.0
12: 5.0
13: 9.0
14: 23.0
15: 9.0
16: 18.0
17: 10.0
18: 24.0
19: 13.0
20: 14.0
21: 8.0
22: 10.0
23: 19.0
24: 14.0
25: 13.0
26: 14.0
27: 2.0
28: 23.0
29: 15.0
30: 8.0
31: 20.0
32: 24.0
33: 3.0
+-+-+-+-+-+-+-+-+-+-+-+-+-+-+-+ SOLUCION INICIAL +-+-+-+-+-+-+-+-+-+-+-+-+-+-+-+-

Ruta #1: [1, 4, 17, 10, 18, 11, 13]
Costo asociado: 181.03500000000003      Capacidad: 95.0

Ruta #2: [1, 5, 16, 14, 33, 21, 3]
Costo asociado: 197.088      Capacidad: 88.0

Ruta #3: [1, 7, 15, 20, 22, 2, 32, 30]
Costo asociado: 155.893      Capacidad: 88.0

Ruta #4: [1, 12, 25, 19, 29, 24, 23]
Costo asociado: 97.27600000000001      Capacidad: 79.0

Ruta #5: [1, 26, 31, 28, 6, 8, 9, 27]
Costo asociado: 186.37900000000002      Capacidad: 96.0

--> Costo total: 817.6710000000002          Capacidad total: 446.0

+-+-+-+-+-+-+-+-+-+-+-+-+-+-+-+-+-+-+-+-+-+-+-+-+- Iteracion 2  +-+-+-+-+-+-+-+-+-+-+-+-+-+-+-+-+-+-+-+-+-+-+-+-+-


Ruta #1: [1, 4, 17, 10, 18, 11, 13]
Costo asociado: 181.03500000000003      Capacidad: 95.0

Ruta #2: [1, 5, 16, 14, 33, 21, 3]
Costo asociado: 197.088      Capacidad: 88.0

Ruta #3: [1, 25, 19, 29, 24, 23]
Costo asociado: 79.99300000000001      Capacidad: 74.0

Ruta #4: [1, 12, 7, 15, 20, 22, 2, 32, 30]
Costo asociado: 164.563      Capacidad: 93.0

Ruta #5: [1, 26, 31, 28, 6, 8, 9, 27]
Costo asociado: 186.37900000000002      Capacidad: 96.0

--> Costo total: 809.0580000000001          Capacidad total: 446.0

La solución anterior duró 0min 0seg    -------> Nuevo optimo local. Costo: 809.058       ==> Optimo: 661.0  Desvio: 22.400000000000002%
Lista tabu: [((24,23,11.18),6), ((2,32,17.493),6), ((24,32,18.868),5)]

+-+-+-+-+-+-+-+-+-+-+-+-+-+-+-+-+-+-+-+-+-+-+-+-+- Iteracion 6  +-+-+-+-+-+-+-+-+-+-+-+-+-+-+-+-+-+-+-+-+-+-+-+-+-


Ruta #1: [1, 4, 17, 10, 18, 11, 13]
Costo asociado: 181.03500000000003      Capacidad: 95.0

Ruta #2: [1, 5, 16, 14, 33, 21, 3]
Costo asociado: 197.088      Capacidad: 88.0

Ruta #3: [1, 25, 19, 29, 24, 23]
Costo asociado: 79.99300000000001      Capacidad: 74.0

Ruta #4: [1, 12, 7, 20, 15, 22, 2, 32, 30]
Costo asociado: 146.566      Capacidad: 93.0

Ruta #5: [1, 26, 31, 28, 6, 8, 9, 27]
Costo asociado: 186.37900000000002      Capacidad: 96.0

--> Costo total: 791.061          Capacidad total: 446.0

La solución anterior duró 0min 0seg    -------> Nuevo optimo local. Costo: 791.061       ==> Optimo: 661.0  Desvio: 19.7%
Lista tabu: [((24,23,11.18),2), ((2,32,17.493),2), ((24,32,18.868),1), ((12,25,21.84),7), ((1,7,24.0),7), ((12,7,14.866),5), ((28,6,6.083),4), ((1,26,61.074),4), ((6,26,7.071),3), ((2,32,17.493),5), ((7,15,25.71),5), ((15,32,16.031),4), ((7,15,25.71),6), ((1,12,17.804),6), ((12,15,21.26),5)]

+-+-+-+-+-+-+-+-+-+-+-+-+-+-+-+-+-+-+-+-+-+-+-+-+- Iteracion 27  +-+-+-+-+-+-+-+-+-+-+-+-+-+-+-+-+-+-+-+-+-+-+-+-+-


Ruta #1: [1, 4, 17, 10, 18, 11, 13]
Costo asociado: 181.03500000000003      Capacidad: 95.0

Ruta #2: [1, 5, 16, 14, 33, 21, 3]
Costo asociado: 197.088      Capacidad: 88.0

Ruta #3: [1, 25, 19, 29, 24, 23]
Costo asociado: 79.99300000000001      Capacidad: 74.0

Ruta #4: [1, 12, 7, 20, 15, 22, 2, 32, 30]
Costo asociado: 146.566      Capacidad: 93.0

Ruta #5: [1, 27, 9, 8, 6, 28, 26, 31]
Costo asociado: 183.305      Capacidad: 96.0

--> Costo total: 787.9870000000001          Capacidad total: 446.0

La solución anterior duró 0min 0seg    -------> Nuevo optimo local. Costo: 787.987       ==> Optimo: 661.0  Desvio: 19.2%
Lista tabu: [((29,24,6.325),1), ((2,32,17.493),1), ((29,24,6.325),2), ((25,19,29.155),2), ((19,24,8.602),1), ((20,15,9.055),3), ((25,19,29.155),3), ((19,20,20.025),2), ((7,20,16.763),4), ((1,25,22.361),4), ((7,25,10.77),3), ((20,15,9.055),5), ((1,12,17.804),5), ((12,15,21.26),4), ((2,32,17.493),6), ((1,12,17.804),6), ((12,32,15.0),5)]

+-+-+-+-+-+-+-+-+-+-+-+-+-+-+-+-+-+-+-+-+-+-+-+-+- Iteracion 29  +-+-+-+-+-+-+-+-+-+-+-+-+-+-+-+-+-+-+-+-+-+-+-+-+-


Ruta #1: [1, 4, 17, 10, 18, 11, 13]
Costo asociado: 181.03500000000003      Capacidad: 95.0

Ruta #2: [1, 5, 16, 14, 33, 21, 3]
Costo asociado: 197.088      Capacidad: 88.0

Ruta #3: [1, 25, 19, 29, 24, 23]
Costo asociado: 79.99300000000001      Capacidad: 74.0

Ruta #4: [1, 12, 7, 20, 15, 22, 2, 32, 30]
Costo asociado: 146.566      Capacidad: 93.0

Ruta #5: [1, 31, 26, 28, 6, 8, 27, 9]
Costo asociado: 181.907      Capacidad: 96.0

--> Costo total: 786.589          Capacidad total: 446.0

La solución anterior duró 0min 0seg    -------> Nuevo optimo local. Costo: 786.589       ==> Optimo: 661.0  Desvio: 19.0%
Lista tabu: [((20,15,9.055),1), ((25,19,29.155),1), ((7,20,16.763),2), ((1,25,22.361),2), ((7,25,10.77),1), ((20,15,9.055),3), ((1,12,17.804),3), ((12,15,21.26),2), ((2,32,17.493),4), ((1,12,17.804),4), ((12,32,15.0),3), ((31,28,4.0),9), ((1,26,61.074),9), ((28,26,1.0),7), ((1,25,22.361),6), ((19,29,3.162),6), ((1,19,19.235),5)]

+-+-+-+-+-+-+-+-+-+-+-+-+-+-+-+-+-+-+-+-+-+-+-+-+- Iteracion 34  +-+-+-+-+-+-+-+-+-+-+-+-+-+-+-+-+-+-+-+-+-+-+-+-+-


Ruta #1: [1, 4, 17, 10, 18, 11, 13]
Costo asociado: 181.03500000000003      Capacidad: 95.0

Ruta #2: [1, 5, 16, 14, 33, 21, 3]
Costo asociado: 197.088      Capacidad: 88.0

Ruta #3: [1, 25, 19, 29, 24, 23]
Costo asociado: 79.99300000000001      Capacidad: 74.0

Ruta #4: [1, 12, 7, 20, 15, 22, 2, 32, 30]
Costo asociado: 146.566      Capacidad: 93.0

Ruta #5: [1, 9, 8, 27, 6, 28, 26, 31]
Costo asociado: 171.775      Capacidad: 96.0

--> Costo total: 776.457          Capacidad total: 446.0

La solución anterior duró 0min 0seg    -------> Nuevo optimo local. Costo: 776.457       ==> Optimo: 661.0  Desvio: 17.5%
Lista tabu: [((31,28,4.0),4), ((1,26,61.074),4), ((28,26,1.0),2), ((1,25,22.361),1), ((19,29,3.162),1), ((9,8,11.045),6), ((1,27,65.0),6), ((27,8,10.296),4), ((29,24,6.325),3), ((25,19,29.155),3), ((19,24,8.602),2), ((2,32,17.493),4), ((20,15,9.055),4), ((15,32,16.031),3), ((28,6,6.083),5), ((1,31,61.0),5), ((6,31,10.05),4), ((29,24,6.325),6), ((2,32,17.493),6), ((29,32,12.806),5)]

+-+-+-+-+-+-+-+-+-+-+-+-+-+-+-+-+-+-+-+-+-+-+-+-+- Iteracion 37  +-+-+-+-+-+-+-+-+-+-+-+-+-+-+-+-+-+-+-+-+-+-+-+-+-


Ruta #1: [1, 4, 17, 10, 18, 11, 13]
Costo asociado: 181.03500000000003      Capacidad: 95.0

Ruta #2: [1, 5, 21, 33, 14, 16, 3]
Costo asociado: 188.52200000000002      Capacidad: 88.0

Ruta #3: [1, 25, 19, 29, 24, 23]
Costo asociado: 79.99300000000001      Capacidad: 74.0

Ruta #4: [1, 12, 7, 20, 15, 22, 2, 32, 30]
Costo asociado: 146.566      Capacidad: 93.0

Ruta #5: [1, 9, 8, 27, 6, 28, 26, 31]
Costo asociado: 171.775      Capacidad: 96.0

--> Costo total: 767.891          Capacidad total: 446.0

La solución anterior duró 0min 0seg    -------> Nuevo optimo local. Costo: 767.891       ==> Optimo: 661.0  Desvio: 16.2%
Lista tabu: [((31,28,4.0),1), ((1,26,61.074),1), ((9,8,11.045),3), ((1,27,65.0),3), ((27,8,10.296),1), ((2,32,17.493),1), ((20,15,9.055),1), ((28,6,6.083),2), ((1,31,61.0),2), ((6,31,10.05),1), ((29,24,6.325),3), ((2,32,17.493),3), ((29,32,12.806),2), ((27,9,11.662),8), ((6,8,24.515),8), ((9,8,11.045),6), ((9,8,11.045),5), ((27,6,15.0),5), ((9,27,11.662),4), ((6,28,6.083),6), ((26,31,3.0),6), ((6,26,7.071),5)]

+-+-+-+-+-+-+-+-+-+-+-+-+-+-+-+-+-+-+-+-+-+-+-+-+- Iteracion 39  +-+-+-+-+-+-+-+-+-+-+-+-+-+-+-+-+-+-+-+-+-+-+-+-+-


Ruta #1: [1, 4, 17, 10, 18, 11, 13]
Costo asociado: 181.03500000000003      Capacidad: 95.0

Ruta #2: [1, 16, 14, 33, 21, 5, 3]
Costo asociado: 174.74200000000002      Capacidad: 88.0

Ruta #3: [1, 25, 19, 29, 24, 23]
Costo asociado: 79.99300000000001      Capacidad: 74.0

Ruta #4: [1, 12, 7, 20, 15, 22, 2, 32, 30]
Costo asociado: 146.566      Capacidad: 93.0

Ruta #5: [1, 9, 8, 27, 6, 28, 26, 31]
Costo asociado: 171.775      Capacidad: 96.0

--> Costo total: 754.111          Capacidad total: 446.0

La solución anterior duró 0min 0seg    -------> Nuevo optimo local. Costo: 754.111       ==> Optimo: 661.0  Desvio: 14.099999999999998%
Lista tabu: [((9,8,11.045),1), ((1,27,65.0),1), ((29,24,6.325),1), ((2,32,17.493),1), ((27,9,11.662),6), ((6,8,24.515),6), ((9,8,11.045),4), ((9,8,11.045),3), ((27,6,15.0),3), ((9,27,11.662),2), ((6,28,6.083),4), ((26,31,3.0),4), ((6,26,7.071),3), ((5,16,29.069),9), ((21,3,21.587),9), ((5,21,13.454),7), ((27,6,15.0),6), ((33,14,24.0),6), ((14,27,18.868),5)]

Ruta #1: [1, 4, 17, 10, 18, 11, 13]
Costo asociado: 181.03500000000003      Capacidad: 95.0

Ruta #2: [1, 5, 21, 33, 14, 16, 3]
Costo asociado: 188.52200000000002      Capacidad: 88.0

Ruta #3: [1, 25, 19, 29, 24, 23]
Costo asociado: 79.99300000000001      Capacidad: 74.0

Ruta #4: [1, 12, 7, 20, 15, 22, 2, 32, 30]
Costo asociado: 146.566      Capacidad: 93.0

Ruta #5: [1, 9, 8, 27, 6, 28, 26, 31]
Costo asociado: 171.775      Capacidad: 96.0

--> Costo total: 767.891          Capacidad total: 446.0

Ruta #1: [1, 4, 17, 10, 18, 11, 13]
Costo asociado: 181.03500000000003      Capacidad: 95.0

Ruta #2: [1, 5, 16, 14, 33, 21, 3]
Costo asociado: 197.088      Capacidad: 88.0

Ruta #3: [1, 25, 19, 29, 24, 23]
Costo asociado: 79.99300000000001      Capacidad: 74.0

Ruta #4: [1, 12, 7, 20, 15, 22, 2, 32, 30]
Costo asociado: 146.566      Capacidad: 93.0

Ruta #5: [1, 9, 8, 27, 6, 28, 26, 31]
Costo asociado: 171.775      Capacidad: 96.0

--> Costo total: 776.457          Capacidad total: 446.0

+-+-+-+-+-+-+-+-+-+-+-+-+-+-+-+-+-+-+-+-+-+-+-+-+- Iteracion 641  +-+-+-+-+-+-+-+-+-+-+-+-+-+-+-+-+-+-+-+-+-+-+-+-+-


Ruta #1: [1, 4, 17, 10, 18, 11, 13]
Costo asociado: 181.03500000000003      Capacidad: 95.0

Ruta #2: [1, 16, 5, 14, 33, 21, 3]
Costo asociado: 152.55      Capacidad: 88.0

Ruta #3: [1, 25, 19, 29, 24, 23]
Costo asociado: 79.99300000000001      Capacidad: 74.0

Ruta #4: [1, 12, 7, 20, 15, 22, 2, 32, 30]
Costo asociado: 146.566      Capacidad: 93.0

Ruta #5: [1, 9, 8, 27, 6, 28, 26, 31]
Costo asociado: 171.775      Capacidad: 96.0

--> Costo total: 731.919          Capacidad total: 446.0

La solución anterior duró 0min 2seg    -------> Nuevo optimo local. Costo: 731.919       ==> Optimo: 661.0  Desvio: 10.7%
Lista tabu: [((20,15,9.055),5), ((22,2,9.055),5), ((20,22,10.05),4), ((29,24,6.325),6), ((25,19,29.155),6), ((19,24,8.602),5)]

Ruta #1: [1, 4, 17, 10, 18, 11, 13]
Costo asociado: 181.03500000000003      Capacidad: 95.0

Ruta #2: [1, 16, 14, 33, 21, 5, 3]
Costo asociado: 174.74200000000002      Capacidad: 88.0

Ruta #3: [1, 25, 19, 29, 24, 23]
Costo asociado: 79.99300000000001      Capacidad: 74.0

Ruta #4: [1, 12, 7, 20, 15, 22, 2, 32, 30]
Costo asociado: 146.566      Capacidad: 93.0

Ruta #5: [1, 9, 8, 27, 6, 28, 26, 31]
Costo asociado: 171.775      Capacidad: 96.0

--> Costo total: 754.111          Capacidad total: 446.0

Ruta #1: [1, 4, 17, 10, 18, 11, 13]
Costo asociado: 181.03500000000003      Capacidad: 95.0

Ruta #2: [1, 5, 21, 33, 14, 16, 3]
Costo asociado: 188.52200000000002      Capacidad: 88.0

Ruta #3: [1, 25, 19, 29, 24, 23]
Costo asociado: 79.99300000000001      Capacidad: 74.0

Ruta #4: [1, 12, 7, 20, 15, 22, 2, 32, 30]
Costo asociado: 146.566      Capacidad: 93.0

Ruta #5: [1, 9, 8, 27, 6, 28, 26, 31]
Costo asociado: 171.775      Capacidad: 96.0

--> Costo total: 767.891          Capacidad total: 446.0

+-+-+-+-+-+-+-+-+-+-+-+-+-+-+-+-+-+-+-+-+-+-+-+-+- Iteracion 1247  +-+-+-+-+-+-+-+-+-+-+-+-+-+-+-+-+-+-+-+-+-+-+-+-+-


Ruta #1: [1, 4, 17, 10, 18, 11, 13]
Costo asociado: 181.03500000000003      Capacidad: 95.0

Ruta #2: [1, 16, 14, 33, 21, 5, 3]
Costo asociado: 174.74200000000002      Capacidad: 88.0

Ruta #3: [1, 25, 19, 29, 24, 23]
Costo asociado: 79.99300000000001      Capacidad: 74.0

Ruta #4: [1, 12, 7, 20, 15, 22, 2, 32, 30]
Costo asociado: 146.566      Capacidad: 93.0

Ruta #5: [1, 9, 8, 27, 6, 28, 26, 31]
Costo asociado: 171.775      Capacidad: 96.0

--> Costo total: 754.111          Capacidad total: 446.0

+-+-+-+-+-+-+-+-+-+-+-+-+-+-+-+-+-+-+-+-+-+-+-+-+- Iteracion 1247  +-+-+-+-+-+-+-+-+-+-+-+-+-+-+-+-+-+-+-+-+-+-+-+-+-

Solucion peor. Costo: 754.111
Lista tabu: [((1,25,22.361),1), ((29,24,6.325),1), ((1,25,22.361),2), ((29,24,6.325),2), ((1,29,17.088),1), ((27,6,15.0),3), ((26,31,3.0),3), ((26,27,22.023),2), ((27,6,15.0),4), ((28,26,1.0),4), ((27,28,21.024),3), ((24,23,11.18),5), ((25,19,29.155),5), ((19,23,19.209),4), ((27,6,15.0),6), ((33,14,24.0),6), ((14,27,18.868),5)]

Ruta #1: [1, 4, 17, 10, 18, 11, 13]
Costo asociado: 181.03500000000003      Capacidad: 95.0

Ruta #2: [1, 5, 16, 14, 33, 21, 3]
Costo asociado: 197.088      Capacidad: 88.0

Ruta #3: [1, 25, 19, 29, 24, 23]
Costo asociado: 79.99300000000001      Capacidad: 74.0

Ruta #4: [1, 12, 7, 20, 15, 22, 2, 32, 30]
Costo asociado: 146.566      Capacidad: 93.0

Ruta #5: [1, 9, 8, 27, 6, 28, 26, 31]
Costo asociado: 171.775      Capacidad: 96.0

--> Costo total: 776.457          Capacidad total: 446.0

+-+-+-+-+-+-+-+-+-+-+-+-+-+-+-+-+-+-+-+-+-+-+-+-+- Iteracion 1572  +-+-+-+-+-+-+-+-+-+-+-+-+-+-+-+-+-+-+-+-+-+-+-+-+-


Ruta #1: [1, 4, 17, 10, 18, 11, 13]
Costo asociado: 181.03500000000003      Capacidad: 95.0

Ruta #2: [1, 16, 5, 14, 33, 21, 3]
Costo asociado: 152.55      Capacidad: 88.0

Ruta #3: [1, 25, 19, 29, 24, 23]
Costo asociado: 79.99300000000001      Capacidad: 74.0

Ruta #4: [1, 12, 7, 20, 15, 22, 2, 32, 30]
Costo asociado: 146.566      Capacidad: 93.0

Ruta #5: [1, 9, 8, 27, 6, 28, 26, 31]
Costo asociado: 171.775      Capacidad: 96.0

--> Costo total: 731.919          Capacidad total: 446.0

+-+-+-+-+-+-+-+-+-+-+-+-+-+-+-+-+-+-+-+-+-+-+-+-+- Iteracion 1572  +-+-+-+-+-+-+-+-+-+-+-+-+-+-+-+-+-+-+-+-+-+-+-+-+-

Solucion peor. Costo: 731.919
Lista tabu: [((1,25,22.361),1), ((24,23,11.18),1), ((28,26,1.0),2), ((18,11,26.926),2), ((11,28,11.662),1), ((1,25,22.361),3), ((29,24,6.325),3), ((1,29,17.088),2), ((12,7,14.866),4), ((1,25,22.361),4), ((12,25,21.84),3), ((28,26,1.0),5), ((18,11,26.926),5), ((11,28,11.662),4), ((12,7,14.866),6), ((1,25,22.361),6), ((12,25,21.84),5)]

Ruta #1: [1, 4, 17, 10, 18, 11, 13]
Costo asociado: 181.03500000000003      Capacidad: 95.0

Ruta #2: [1, 5, 16, 14, 33, 21, 3]
Costo asociado: 197.088      Capacidad: 88.0

Ruta #3: [1, 25, 19, 29, 24, 23]
Costo asociado: 79.99300000000001      Capacidad: 74.0

Ruta #4: [1, 12, 7, 20, 15, 22, 2, 32, 30]
Costo asociado: 146.566      Capacidad: 93.0

Ruta #5: [1, 31, 26, 28, 6, 8, 27, 9]
Costo asociado: 181.907      Capacidad: 96.0

--> Costo total: 786.589          Capacidad total: 446.0

+-+-+-+-+-+-+-+-+-+-+-+-+-+-+-+-+-+-+-+-+-+-+-+-+- Iteracion 1873  +-+-+-+-+-+-+-+-+-+-+-+-+-+-+-+-+-+-+-+-+-+-+-+-+-


Ruta #1: [1, 4, 17, 10, 18, 11, 13]
Costo asociado: 181.03500000000003      Capacidad: 95.0

Ruta #2: [1, 5, 21, 33, 14, 16, 3]
Costo asociado: 188.52200000000002      Capacidad: 88.0

Ruta #3: [1, 25, 19, 29, 24, 23]
Costo asociado: 79.99300000000001      Capacidad: 74.0

Ruta #4: [1, 12, 7, 20, 15, 22, 2, 32, 30]
Costo asociado: 146.566      Capacidad: 93.0

Ruta #5: [1, 31, 26, 28, 6, 8, 27, 9]
Costo asociado: 181.907      Capacidad: 96.0

--> Costo total: 778.023          Capacidad total: 446.0

+-+-+-+-+-+-+-+-+-+-+-+-+-+-+-+-+-+-+-+-+-+-+-+-+- Iteracion 1873  +-+-+-+-+-+-+-+-+-+-+-+-+-+-+-+-+-+-+-+-+-+-+-+-+-

Solucion peor. Costo: 778.023
Lista tabu: [((27,6,15.0),6), ((28,26,1.0),6), ((27,28,21.024),5)]

+-+-+-+-+-+-+-+-+-+-+-+-+-+-+-+-+-+-+-+-+-+-+-+-+- Iteracion 1884  +-+-+-+-+-+-+-+-+-+-+-+-+-+-+-+-+-+-+-+-+-+-+-+-+-


Ruta #1: [1, 4, 17, 10, 18, 11, 13]
Costo asociado: 181.03500000000003      Capacidad: 95.0

Ruta #2: [1, 5, 21, 33, 14, 16, 3]
Costo asociado: 188.52200000000002      Capacidad: 88.0

Ruta #3: [1, 25, 19, 29, 24, 23]
Costo asociado: 79.99300000000001      Capacidad: 74.0

Ruta #4: [1, 12, 7, 20, 15, 22, 2, 32, 30]
Costo asociado: 146.566      Capacidad: 93.0

Ruta #5: [1, 9, 8, 27, 6, 28, 26, 31]
Costo asociado: 171.775      Capacidad: 96.0

--> Costo total: 767.891          Capacidad total: 446.0

+-+-+-+-+-+-+-+-+-+-+-+-+-+-+-+-+-+-+-+-+-+-+-+-+- Iteracion 1884  +-+-+-+-+-+-+-+-+-+-+-+-+-+-+-+-+-+-+-+-+-+-+-+-+-

Solucion peor. Costo: 767.891
Lista tabu: [((28,6,6.083),1), ((1,31,61.0),1), ((26,28,1.0),2), ((27,9,11.662),2), ((26,27,22.023),1), ((7,20,16.763),3), ((1,25,22.361),3), ((7,25,10.77),2), ((12,7,14.866),4), ((1,25,22.361),4), ((12,25,21.84),3), ((12,7,14.866),5), ((1,25,22.361),5), ((12,25,21.84),4), ((1,25,22.361),6), ((19,29,3.162),6), ((1,19,19.235),5)]

+-+-+-+-+-+-+-+-+-+-+-+-+-+-+-+-+-+-+-+-+-+-+-+-+- Iteracion 1943  +-+-+-+-+-+-+-+-+-+-+-+-+-+-+-+-+-+-+-+-+-+-+-+-+-


Ruta #1: [1, 4, 17, 10, 18, 11, 13]
Costo asociado: 181.03500000000003      Capacidad: 95.0

Ruta #2: [1, 16, 14, 33, 21, 5, 3]
Costo asociado: 174.74200000000002      Capacidad: 88.0

Ruta #3: [1, 25, 19, 29, 24, 23]
Costo asociado: 79.99300000000001      Capacidad: 74.0

Ruta #4: [1, 12, 7, 20, 15, 22, 2, 32, 30]
Costo asociado: 146.566      Capacidad: 93.0

Ruta #5: [1, 9, 8, 27, 6, 28, 26, 31]
Costo asociado: 171.775      Capacidad: 96.0

--> Costo total: 754.111          Capacidad total: 446.0

+-+-+-+-+-+-+-+-+-+-+-+-+-+-+-+-+-+-+-+-+-+-+-+-+- Iteracion 1943  +-+-+-+-+-+-+-+-+-+-+-+-+-+-+-+-+-+-+-+-+-+-+-+-+-

Solucion peor. Costo: 754.111
Lista tabu: [((20,15,9.055),1), ((1,12,17.804),1), ((1,25,22.361),2), ((19,29,3.162),2), ((1,19,19.235),1), ((24,23,11.18),3), ((14,16,54.708),3), ((16,24,20.1),2), ((7,20,16.763),4), ((1,12,17.804),4), ((12,20,15.811),3), ((29,24,6.325),5), ((25,19,29.155),5), ((19,24,8.602),4), ((20,15,9.055),6), ((1,12,17.804),6), ((12,15,21.26),5)]

Ruta #1: [1, 4, 17, 10, 18, 11, 13]
Costo asociado: 181.03500000000003      Capacidad: 95.0

Ruta #2: [1, 5, 16, 14, 33, 21, 3]
Costo asociado: 197.088      Capacidad: 88.0

Ruta #3: [1, 25, 19, 29, 24, 23]
Costo asociado: 79.99300000000001      Capacidad: 74.0

Ruta #4: [1, 12, 7, 20, 15, 22, 2, 32, 30]
Costo asociado: 146.566      Capacidad: 93.0

Ruta #5: [1, 27, 9, 8, 6, 28, 26, 31]
Costo asociado: 183.305      Capacidad: 96.0

--> Costo total: 787.9870000000001          Capacidad total: 446.0

+-+-+-+-+-+-+-+-+-+-+-+-+-+-+-+-+-+-+-+-+-+-+-+-+- Iteracion 2244  +-+-+-+-+-+-+-+-+-+-+-+-+-+-+-+-+-+-+-+-+-+-+-+-+-


Ruta #1: [1, 4, 17, 10, 18, 11, 13]
Costo asociado: 181.03500000000003      Capacidad: 95.0

Ruta #2: [1, 16, 5, 14, 33, 21, 3]
Costo asociado: 152.55      Capacidad: 88.0

Ruta #3: [1, 25, 19, 29, 24, 23]
Costo asociado: 79.99300000000001      Capacidad: 74.0

Ruta #4: [1, 12, 7, 20, 15, 22, 2, 32, 30]
Costo asociado: 146.566      Capacidad: 93.0

Ruta #5: [1, 27, 9, 8, 6, 28, 26, 31]
Costo asociado: 183.305      Capacidad: 96.0

--> Costo total: 743.4490000000001          Capacidad total: 446.0

+-+-+-+-+-+-+-+-+-+-+-+-+-+-+-+-+-+-+-+-+-+-+-+-+- Iteracion 2244  +-+-+-+-+-+-+-+-+-+-+-+-+-+-+-+-+-+-+-+-+-+-+-+-+-

Solucion peor. Costo: 743.449
Lista tabu: [((29,24,6.325),6), ((2,32,17.493),6), ((29,32,12.806),5)]

+-+-+-+-+-+-+-+-+-+-+-+-+-+-+-+-+-+-+-+-+-+-+-+-+- Iteracion 2251  +-+-+-+-+-+-+-+-+-+-+-+-+-+-+-+-+-+-+-+-+-+-+-+-+-


Ruta #1: [1, 4, 17, 10, 18, 11, 13]
Costo asociado: 181.03500000000003      Capacidad: 95.0

Ruta #2: [1, 16, 5, 6, 28, 26, 31]
Costo asociado: 145.152      Capacidad: 96.0

Ruta #3: [1, 25, 19, 29, 24, 23]
Costo asociado: 79.99300000000001      Capacidad: 74.0

Ruta #4: [1, 12, 7, 20, 15, 22, 2, 32, 30]
Costo asociado: 146.566      Capacidad: 93.0

Ruta #5: [1, 27, 9, 8, 14, 33, 21, 3]
Costo asociado: 185.641      Capacidad: 88.0

--> Costo total: 738.387          Capacidad total: 446.0

+-+-+-+-+-+-+-+-+-+-+-+-+-+-+-+-+-+-+-+-+-+-+-+-+- Iteracion 2251  +-+-+-+-+-+-+-+-+-+-+-+-+-+-+-+-+-+-+-+-+-+-+-+-+-

Solucion peor. Costo: 738.387
Lista tabu: [((1,5,36.401),4), ((16,14,54.708),4), ((1,16,20.0),2), ((5,14,26.571),1), ((21,3,21.587),1), ((2,32,17.493),2), ((7,20,16.763),2), ((20,32,18.028),1), ((26,31,3.0),3), ((6,28,6.083),3), ((28,31,4.0),2), ((2,32,17.493),4), ((1,12,17.804),4), ((12,32,15.0),3), ((28,26,1.0),5), ((18,11,26.926),5), ((11,28,11.662),4), ((2,32,17.493),6), ((1,12,17.804),6), ((12,32,15.0),5)]

+-+-+-+-+-+-+-+-+-+-+-+-+-+-+-+-+-+-+-+-+-+-+-+-+- Iteracion 2254  +-+-+-+-+-+-+-+-+-+-+-+-+-+-+-+-+-+-+-+-+-+-+-+-+-


Ruta #1: [1, 4, 17, 10, 18, 11, 13]
Costo asociado: 181.03500000000003      Capacidad: 95.0

Ruta #2: [1, 16, 5, 6, 28, 26, 31]
Costo asociado: 145.152      Capacidad: 96.0

Ruta #3: [1, 25, 19, 29, 24, 23]
Costo asociado: 79.99300000000001      Capacidad: 74.0

Ruta #4: [1, 12, 7, 20, 15, 22, 2, 32, 30]
Costo asociado: 146.566      Capacidad: 93.0

Ruta #5: [1, 3, 21, 33, 14, 9, 8, 27]
Costo asociado: 173.251      Capacidad: 88.0

--> Costo total: 725.997          Capacidad total: 446.0

La solución anterior duró 0min 4seg    -------> Nuevo optimo local. Costo: 725.997       ==> Optimo: 661.0  Desvio: 9.8%
Lista tabu: [((1,5,36.401),1), ((16,14,54.708),1), ((2,32,17.493),1), ((1,12,17.804),1), ((28,26,1.0),2), ((18,11,26.926),2), ((11,28,11.662),1), ((2,32,17.493),3), ((1,12,17.804),3), ((12,32,15.0),2), ((8,6,24.515),8), ((5,14,26.571),8), ((8,14,21.024),6), ((24,23,11.18),5), ((25,19,29.155),5), ((19,23,19.209),4), ((24,23,11.18),6), ((25,19,29.155),6), ((19,23,19.209),5)]

Ruta #1: [1, 4, 17, 10, 18, 11, 13]
Costo asociado: 181.03500000000003      Capacidad: 95.0

Ruta #2: [1, 16, 5, 14, 33, 21, 3]
Costo asociado: 152.55      Capacidad: 88.0

Ruta #3: [1, 25, 19, 29, 24, 23]
Costo asociado: 79.99300000000001      Capacidad: 74.0

Ruta #4: [1, 12, 7, 20, 15, 22, 2, 32, 30]
Costo asociado: 146.566      Capacidad: 93.0

Ruta #5: [1, 9, 8, 27, 6, 28, 26, 31]
Costo asociado: 171.775      Capacidad: 96.0

--> Costo total: 731.919          Capacidad total: 446.0

Ruta #1: [1, 4, 17, 10, 18, 11, 13]
Costo asociado: 181.03500000000003      Capacidad: 95.0

Ruta #2: [1, 16, 14, 33, 21, 5, 3]
Costo asociado: 174.74200000000002      Capacidad: 88.0

Ruta #3: [1, 25, 19, 29, 24, 23]
Costo asociado: 79.99300000000001      Capacidad: 74.0

Ruta #4: [1, 12, 7, 20, 15, 22, 2, 32, 30]
Costo asociado: 146.566      Capacidad: 93.0

Ruta #5: [1, 9, 8, 27, 6, 28, 26, 31]
Costo asociado: 171.775      Capacidad: 96.0

--> Costo total: 754.111          Capacidad total: 446.0

Ruta #1: [1, 4, 17, 10, 18, 11, 13]
Costo asociado: 181.03500000000003      Capacidad: 95.0

Ruta #2: [1, 5, 21, 33, 14, 16, 3]
Costo asociado: 188.52200000000002      Capacidad: 88.0

Ruta #3: [1, 25, 19, 29, 24, 23]
Costo asociado: 79.99300000000001      Capacidad: 74.0

Ruta #4: [1, 12, 7, 20, 15, 22, 2, 32, 30]
Costo asociado: 146.566      Capacidad: 93.0

Ruta #5: [1, 9, 8, 27, 6, 28, 26, 31]
Costo asociado: 171.775      Capacidad: 96.0

--> Costo total: 767.891          Capacidad total: 446.0

+-+-+-+-+-+-+-+-+-+-+-+-+-+-+-+-+-+-+-+-+-+-+-+-+- Iteracion 2984  +-+-+-+-+-+-+-+-+-+-+-+-+-+-+-+-+-+-+-+-+-+-+-+-+-


Ruta #1: [1, 4, 17, 10, 18, 11, 13]
Costo asociado: 181.03500000000003      Capacidad: 95.0

Ruta #2: [1, 16, 14, 33, 21, 5, 3]
Costo asociado: 174.74200000000002      Capacidad: 88.0

Ruta #3: [1, 25, 19, 29, 24, 23]
Costo asociado: 79.99300000000001      Capacidad: 74.0

Ruta #4: [1, 12, 7, 20, 15, 22, 2, 32, 30]
Costo asociado: 146.566      Capacidad: 93.0

Ruta #5: [1, 9, 8, 27, 6, 28, 26, 31]
Costo asociado: 171.775      Capacidad: 96.0

--> Costo total: 754.111          Capacidad total: 446.0

+-+-+-+-+-+-+-+-+-+-+-+-+-+-+-+-+-+-+-+-+-+-+-+-+- Iteracion 2984  +-+-+-+-+-+-+-+-+-+-+-+-+-+-+-+-+-+-+-+-+-+-+-+-+-

Solucion peor. Costo: 754.111
Lista tabu: [((2,32,17.493),1), ((7,20,16.763),1), ((2,32,17.493),2), ((20,15,9.055),2), ((15,32,16.031),1), ((20,15,9.055),3), ((2,32,17.493),3), ((2,20,19.0),2), ((27,6,15.0),4), ((28,26,1.0),4), ((27,28,21.024),3), ((24,23,11.18),5), ((2,32,17.493),5), ((24,32,18.868),4), ((20,15,9.055),6), ((25,19,29.155),6), ((19,20,20.025),5)]

Ruta #1: [1, 4, 17, 10, 18, 11, 13]
Costo asociado: 181.03500000000003      Capacidad: 95.0

Ruta #2: [1, 5, 16, 14, 33, 21, 3]
Costo asociado: 197.088      Capacidad: 88.0

Ruta #3: [1, 25, 19, 29, 24, 23]
Costo asociado: 79.99300000000001      Capacidad: 74.0

Ruta #4: [1, 12, 7, 20, 15, 22, 2, 32, 30]
Costo asociado: 146.566      Capacidad: 93.0

Ruta #5: [1, 9, 8, 27, 6, 28, 26, 31]
Costo asociado: 171.775      Capacidad: 96.0

--> Costo total: 776.457          Capacidad total: 446.0

+-+-+-+-+-+-+-+-+-+-+-+-+-+-+-+-+-+-+-+-+-+-+-+-+- Iteracion 3306  +-+-+-+-+-+-+-+-+-+-+-+-+-+-+-+-+-+-+-+-+-+-+-+-+-


Ruta #1: [1, 4, 17, 10, 18, 11, 13]
Costo asociado: 181.03500000000003      Capacidad: 95.0

Ruta #2: [1, 5, 21, 33, 14, 16, 3]
Costo asociado: 188.52200000000002      Capacidad: 88.0

Ruta #3: [1, 25, 19, 29, 24, 23]
Costo asociado: 79.99300000000001      Capacidad: 74.0

Ruta #4: [1, 12, 7, 20, 15, 22, 2, 32, 30]
Costo asociado: 146.566      Capacidad: 93.0

Ruta #5: [1, 9, 8, 27, 6, 28, 26, 31]
Costo asociado: 171.775      Capacidad: 96.0

--> Costo total: 767.891          Capacidad total: 446.0

+-+-+-+-+-+-+-+-+-+-+-+-+-+-+-+-+-+-+-+-+-+-+-+-+- Iteracion 3306  +-+-+-+-+-+-+-+-+-+-+-+-+-+-+-+-+-+-+-+-+-+-+-+-+-

Solucion peor. Costo: 767.891
Lista tabu: [((29,24,6.325),1), ((25,19,29.155),1), ((2,32,17.493),2), ((15,22,1.0),2), ((22,32,16.0),1), ((2,32,17.493),3), ((1,12,17.804),3), ((12,32,15.0),2), ((8,27,10.296),4), ((16,14,54.708),4), ((8,14,21.024),3), ((26,31,3.0),5), ((6,28,6.083),5), ((28,31,4.0),4), ((16,14,54.708),6), ((29,24,6.325),6), ((16,24,20.1),5)]

+-+-+-+-+-+-+-+-+-+-+-+-+-+-+-+-+-+-+-+-+-+-+-+-+- Iteracion 3340  +-+-+-+-+-+-+-+-+-+-+-+-+-+-+-+-+-+-+-+-+-+-+-+-+-


Ruta #1: [1, 4, 17, 10, 18, 11, 13]
Costo asociado: 181.03500000000003      Capacidad: 95.0

Ruta #2: [1, 16, 14, 33, 21, 5, 3]
Costo asociado: 174.74200000000002      Capacidad: 88.0

Ruta #3: [1, 25, 19, 29, 24, 23]
Costo asociado: 79.99300000000001      Capacidad: 74.0

Ruta #4: [1, 12, 7, 20, 15, 22, 2, 32, 30]
Costo asociado: 146.566      Capacidad: 93.0

Ruta #5: [1, 9, 8, 27, 6, 28, 26, 31]
Costo asociado: 171.775      Capacidad: 96.0

--> Costo total: 754.111          Capacidad total: 446.0

+-+-+-+-+-+-+-+-+-+-+-+-+-+-+-+-+-+-+-+-+-+-+-+-+- Iteracion 3340  +-+-+-+-+-+-+-+-+-+-+-+-+-+-+-+-+-+-+-+-+-+-+-+-+-

Solucion peor. Costo: 754.111
Lista tabu: [((7,20,16.763),1), ((1,12,17.804),1), ((12,7,14.866),2), ((22,2,9.055),2), ((12,22,21.932),1), ((27,6,15.0),3), ((26,31,3.0),3), ((26,27,22.023),2), ((24,23,11.18),4), ((14,16,54.708),4), ((16,24,20.1),3), ((8,27,10.296),5), ((33,14,24.0),5), ((8,14,21.024),4), ((26,31,3.0),6), ((6,28,6.083),6), ((28,31,4.0),5)]

Ruta #1: [1, 4, 17, 10, 18, 11, 13]
Costo asociado: 181.03500000000003      Capacidad: 95.0

Ruta #2: [1, 5, 16, 14, 33, 21, 3]
Costo asociado: 197.088      Capacidad: 88.0

Ruta #3: [1, 25, 19, 29, 24, 23]
Costo asociado: 79.99300000000001      Capacidad: 74.0

Ruta #4: [1, 12, 7, 20, 15, 22, 2, 32, 30]
Costo asociado: 146.566      Capacidad: 93.0

Ruta #5: [1, 31, 26, 28, 6, 8, 27, 9]
Costo asociado: 181.907      Capacidad: 96.0

--> Costo total: 786.589          Capacidad total: 446.0

+-+-+-+-+-+-+-+-+-+-+-+-+-+-+-+-+-+-+-+-+-+-+-+-+- Iteracion 3642  +-+-+-+-+-+-+-+-+-+-+-+-+-+-+-+-+-+-+-+-+-+-+-+-+-


Ruta #1: [1, 4, 17, 10, 18, 11, 13]
Costo asociado: 181.03500000000003      Capacidad: 95.0

Ruta #2: [1, 5, 21, 33, 14, 16, 3]
Costo asociado: 188.52200000000002      Capacidad: 88.0

Ruta #3: [1, 25, 19, 29, 24, 23]
Costo asociado: 79.99300000000001      Capacidad: 74.0

Ruta #4: [1, 12, 7, 20, 15, 22, 2, 32, 30]
Costo asociado: 146.566      Capacidad: 93.0

Ruta #5: [1, 31, 26, 28, 6, 8, 27, 9]
Costo asociado: 181.907      Capacidad: 96.0

--> Costo total: 778.023          Capacidad total: 446.0

+-+-+-+-+-+-+-+-+-+-+-+-+-+-+-+-+-+-+-+-+-+-+-+-+- Iteracion 3642  +-+-+-+-+-+-+-+-+-+-+-+-+-+-+-+-+-+-+-+-+-+-+-+-+-

Solucion peor. Costo: 778.023
Lista tabu: [((28,26,1.0),5), ((18,11,26.926),5), ((11,28,11.662),4), ((2,32,17.493),6), ((15,22,1.0),6), ((22,32,16.0),5)]

+-+-+-+-+-+-+-+-+-+-+-+-+-+-+-+-+-+-+-+-+-+-+-+-+- Iteracion 3647  +-+-+-+-+-+-+-+-+-+-+-+-+-+-+-+-+-+-+-+-+-+-+-+-+-


Ruta #1: [1, 4, 17, 10, 18, 11, 13]
Costo asociado: 181.03500000000003      Capacidad: 95.0

Ruta #2: [1, 16, 14, 33, 21, 5, 3]
Costo asociado: 174.74200000000002      Capacidad: 88.0

Ruta #3: [1, 25, 19, 29, 24, 23]
Costo asociado: 79.99300000000001      Capacidad: 74.0

Ruta #4: [1, 12, 7, 20, 15, 22, 2, 32, 30]
Costo asociado: 146.566      Capacidad: 93.0

Ruta #5: [1, 31, 26, 28, 6, 8, 27, 9]
Costo asociado: 181.907      Capacidad: 96.0

--> Costo total: 764.243          Capacidad total: 446.0

+-+-+-+-+-+-+-+-+-+-+-+-+-+-+-+-+-+-+-+-+-+-+-+-+- Iteracion 3647  +-+-+-+-+-+-+-+-+-+-+-+-+-+-+-+-+-+-+-+-+-+-+-+-+-

Solucion peor. Costo: 764.243
