+-+-+-+-+-+-+-+-+-+-+-+-+-+-+ GRAFO CARGADO +-+-+-+-+-+-+-+-+-+-+-+-+-+-+-
        1         2         3         4         5         6         7         8         9         10        11        12        13        14        15        16        17        18        19        20        21        22        23        24        25        26        27        28        29        30        31        32        33        34        35        36        37        38        39        40        41        42        43        44        45        46        47        48        49        50        51        52        53        54        55
1     0         60.44    48.549    26.907    18.601    34.366    48.847    26.627    10.0    71.589    25.495    52.202    18.682    43.186    27.459    52.202    65.46    31.113    30.067    38.833    33.615    14.866    37.696    52.393    66.31    16.279    26.926    40.804    34.655    22.361    29.614    27.295    22.825    29.411    31.89    67.476    6.708    19.849    60.745    73.41    59.439    20.518    27.074    55.57    60.208    56.648    30.017    58.249    39.051    80.808    38.328    61.033    65.795    43.174    47.202    
2     60.44    0         87.361    78.006    76.059    55.66    13.153    86.163    52.773    30.265    53.6    80.112    53.009    56.939    81.025    80.112    58.258    80.156    31.765    60.803    89.09    53.085    68.118    39.294    43.105    55.227    83.295    60.465    54.037    41.677    78.816    85.988    47.096    75.326    79.31    26.683    61.984    73.11    54.489    43.012    60.877    53.009    86.313    14.866    29.017    5.831    84.024    39.825    26.87    36.125    29.732    98.681    44.045    54.12    49.244    
3     48.549    87.361    0         23.77    57.974    31.78    74.33    56.143    45.967    80.225    34.886    14.213    38.601    91.4    26.173    14.213    51.478    19.416    68.242    87.367    28.443    41.11    85.884    96.54    109.809    64.637    31.016    89.308    82.801    65.795    72.801    37.014    42.544    19.235    17.72    78.026    41.881    30.083    49.649    73.007    42.544    68.6    39.013    75.133    100.17    81.744    26.0    59.414    77.936    87.824    78.816    12.728    109.636    36.014    94.112    
4     26.907    78.006    23.77    0         34.205    29.682    65.008    33.061    27.857    79.48    25.962    32.388    25.0    70.007    4.243    32.388    60.141    4.472    52.498    65.299    12.083    25.318    62.968    78.39    92.179    43.139    9.434    67.357    61.522    47.413    49.041    15.652    31.064    6.708    6.083    76.217    20.809    7.071    56.586    76.322    51.856    47.424    17.464    68.731    84.504    73.027    6.708    60.902    62.298    88.238    62.394    35.341    91.788    38.419    74.027    
5     18.601    76.059    57.974    34.205    0         51.546    65.513    11.0    28.601    89.828    43.081    65.123    36.674    43.463    32.311    65.123    83.385    38.601    44.385    37.121    34.409    33.121    32.016    59.304    72.835    22.204    28.653    39.357    36.401    34.785    14.866    24.839    41.34    39.459    40.262    85.633    22.472    28.284    78.791    92.005    76.844    26.019    23.345    73.007    70.064    72.945    33.541    76.844    51.662    99.035    50.01    69.289    72.007    60.745    50.695    
6     34.366    55.66    31.78    29.682    51.546    0         42.72    55.946    26.019    50.695    9.0    25.612    16.0    70.228    33.838    25.612    32.249    29.547    40.608    68.154    41.677    20.0    69.584    69.814    82.073    46.39    38.419    69.642    61.984    41.629    63.953    43.863    15.232    24.166    27.857    47.854    29.12    29.0    28.018    46.648    25.298    49.031    45.255    43.417    70.937    50.0    36.359    31.305    49.518    59.135    51.088    43.081    82.134    9.434    70.235    
7     48.847    13.153    74.33    65.008    65.513    42.72    0         75.133    40.522    29.411    40.447    67.535    40.012    53.451    68.118    67.535    49.244    67.067    22.672    55.946    76.236    40.311    62.266    40.112    47.76    46.011    70.576    56.08    48.754    32.527    70.036    73.546    34.015    62.201    66.189    25.0    49.729    60.299    44.944    39.0    50.448    44.598    73.98    9.487    34.015    8.062    71.113    31.385    21.84    37.577    25.0    85.796    48.384    41.881    47.518    
8     26.627    86.163    56.143    33.061    11.0    55.946    75.133    0         36.235    98.082    48.26    65.376    42.638    53.759    30.017    65.376    88.193    37.0    54.708    47.17    29.411    39.623    41.183    70.257    83.726    33.136    25.179    49.396    47.074    45.354    21.26    19.647    48.104    39.319    39.013    94.021    28.32    28.862    83.863    99.086    80.957    37.014    17.72    82.152    81.056    82.765    30.265    83.63    62.37    107.299    60.828    66.287    82.873    65.368    61.392    
9     10.0    52.773    45.967    27.857    28.601    26.019    40.522    36.235    0         61.847    17.029    46.957    10.05    46.141    29.833    46.957    56.045    31.305    24.739    43.081    37.336    6.083    43.738    51.039    64.661    20.616    31.064    44.777    37.59    20.0    38.897    33.242    13.0    28.018    31.385    57.801    9.22    21.587    51.245    63.411    50.488    23.77    33.541    46.519    56.648    48.508    32.757    48.26    34.482    71.063    34.54    58.694    64.351    34.234    48.166    
10    71.589    30.265    80.225    79.48    89.828    50.695    29.411    98.082    61.847    0         53.712    69.065    56.939    82.861    83.385    69.065    36.249    80.006    51.0    85.235    91.548    59.076    91.236    68.264    73.335    73.007    87.235    85.44    78.0    60.208    96.83    91.706    50.774    74.632    78.447    4.472    70.214    76.922    34.482    14.213    42.45    72.402    92.661    19.925    59.211    27.019    86.163    21.024    51.245    9.22    54.406    89.051    74.243    44.283    76.688    
11    25.495    53.6    34.886    25.962    43.081    9.0    40.447    48.26    17.029    53.712    0         32.016    7.0    61.847    29.732    32.016    40.311    27.166    33.971    59.481    37.947    11.0    60.671    62.968    75.743    37.483    33.541    61.033    53.488    33.615    55.109    38.275    7.81    22.023    26.019    50.329    20.616    23.324    35.777    51.856    33.956    40.262    39.408    43.105    65.46    48.26    32.573    36.235    43.417    62.61    44.598    47.17    75.69    17.72    62.434    
12    52.202    80.112    14.213    32.388    65.123    25.612    67.535    65.376    46.957    69.065    32.016    0         37.736    93.059    35.903    0.0    37.947    28.862    65.795    89.961    40.311    41.183    89.811    94.921    107.48    67.231    41.231    91.706    84.534    65.46    79.511    47.539    39.699    26.077    26.683    67.365    45.607    37.0    36.674    60.531    29.12    70.682    49.477    66.731    96.54    74.324    36.688    48.042    74.967    76.059    76.381    20.0    107.49    26.249    94.303    
13    18.682    53.009    38.601    25.0    36.674    16.0    40.012    42.638    10.05    56.939    7.0    37.736    0         55.462    28.16    37.736    46.819    27.295    29.682    52.811    36.346    4.0    53.759    58.052    71.218    30.594    31.048    54.424    47.011    27.803    48.27    34.928    6.325    22.804    26.683    53.235    14.422    20.616    42.154    56.569    40.792    33.526    35.777    44.147    61.774    48.042    31.145    41.037    39.446    66.038    40.224    51.225    71.063    24.515    56.613    
14    43.186    56.939    91.4    70.007    43.463    70.228    53.451    53.759    46.141    82.861    61.847    93.059    55.462    0         70.093    93.059    94.34    74.277    34.015    7.0    75.0    51.884    15.297    21.954    32.558    26.907    68.411    5.099    8.602    28.862    35.128    66.573    55.027    72.471    75.073    78.447    49.679    62.936    89.359    91.411    91.411    22.804    65.513    62.936    36.056    57.271    72.346    80.1    31.623    90.824    28.46    104.019    31.401    76.4    9.849    
15    27.459    81.025    26.173    4.243    32.311    33.838    68.118    30.017    29.833    83.385    29.732    35.903    28.16    70.093    0         35.903    64.382    7.071    54.571    65.069    8.246    28.018    62.201    79.605    93.472    43.417    5.385    67.179    61.717    48.847    47.17    11.705    34.366    10.817    9.22    80.056    21.932    8.246    60.828    80.455    56.08    47.802    13.601    72.18    86.331    76.164    3.0    65.0    64.288    92.195    64.195    37.0    93.022    42.638    74.632    
16    52.202    80.112    14.213    32.388    65.123    25.612    67.535    65.376    46.957    69.065    32.016    0.0    37.736    93.059    35.903    0         37.947    28.862    65.795    89.961    40.311    41.183    89.811    94.921    107.48    67.231    41.231    91.706    84.534    65.46    79.511    47.539    39.699    26.077    26.683    67.365    45.607    37.0    36.674    60.531    29.12    70.682    49.477    66.731    96.54    74.324    36.688    48.042    74.967    76.059    76.381    20.0    107.49    26.249    94.303    
17    65.46    58.258    51.478    60.141    83.385    32.249    49.244    88.193    56.045    36.249    40.311    37.947    46.819    94.34    64.382    37.947    0         58.728    60.671    94.005    71.449    50.596    97.252    87.281    96.664    74.673    69.426    95.047    87.052    66.008    94.921    75.286    43.174    53.74    56.639    36.359    60.926    60.803    5.0    24.331    8.944    76.236    76.837    43.417    83.187    52.802    66.468    18.439    66.483    41.0    69.123    57.271    97.17    22.825    91.591    
18    31.113    80.156    19.416    4.472    38.601    29.547    67.067    37.0    31.305    80.006    27.166    28.862    27.295    74.277    7.071    28.862    58.728    0         55.714    69.656    12.728    28.16    67.417    82.152    95.88    47.381    12.369    71.701    65.765    51.108    53.451    18.682    33.061    5.385    2.236    76.922    24.839    11.402    55.444    76.059    50.21    51.624    20.616    70.257    87.846    75.027    8.062    60.836    65.552    88.6    65.795    30.871    95.525    37.736    78.102    
19    30.067    31.765    68.242    52.498    44.385    40.608    22.672    54.708    24.739    51.0    33.971    65.795    29.682    34.015    54.571    65.795    60.671    55.714    0         34.928    61.984    27.731    40.311    29.206    41.773    23.601    55.579    35.511    27.659    10.0    47.508    57.035    26.173    51.894    55.543    46.53    33.242    46.325    55.731    57.974    58.523    21.932    57.0    31.623    32.202    29.206    57.489    46.098    9.849    59.682    10.63    80.802    41.725    44.721    31.048    
20    38.833    60.803    87.367    65.299    37.121    68.154    55.946    47.17    43.081    85.235    59.481    89.961    52.811    7.0    65.069    89.961    94.005    69.656    34.928    0         69.527    49.041    8.544    28.231    39.459    22.825    63.032    2.236    7.28    28.0    28.16    60.803    53.151    68.242    70.605    80.777    45.486    58.258    89.006    92.892    90.449    19.313    59.641    65.391    42.059    60.539    67.179    80.753    34.482    93.52    31.385    99.865    38.328    74.967    16.492    
21    33.615    89.09    28.443    12.083    34.409    41.677    76.236    29.411    37.336    91.548    37.947    40.311    36.346    75.0    8.246    40.311    71.449    12.728    61.984    69.527    0         36.014    65.795    86.006    99.925    48.877    6.708    71.701    66.851    55.66    48.877    9.849    42.579    17.804    14.866    88.255    28.862    16.0    68.118    88.323    62.936    53.339    11.705    80.411    93.408    84.291    5.385    72.945    71.589    100.319    71.309    37.216    99.403    50.22    80.262    
22    14.866    53.085    41.11    25.318    33.121    20.0    40.311    39.623    6.083    59.076    11.0    41.183    4.0    51.884    28.018    41.183    50.596    28.16    27.731    49.041    36.014    0         49.82    55.444    68.819    26.683    30.265    50.695    43.382    24.759    44.385    33.526    8.485    24.166    27.857    55.227    11.314    20.025    45.88    59.464    44.721    29.732    34.176    45.222    59.933    48.374    31.016    44.045    37.577    68.242    38.079    53.814    68.6    28.443    53.413    
23    37.696    68.118    85.884    62.968    32.016    69.584    62.266    41.183    43.738    91.236    60.671    89.811    53.759    15.297    62.201    89.811    97.252    67.417    40.311    8.544    65.795    49.82    0         36.77    47.854    23.195    59.548    10.198    14.142    32.016    20.881    56.586    55.082    66.648    68.6    86.764    44.385    56.08    92.266    98.031    93.005    21.024    55.227    71.589    50.537    67.424    64.031    85.147    41.4    99.765    38.419    98.112    46.69    77.104    25.0    
24    52.393    39.294    96.54    78.39    59.304    69.814    40.112    70.257    51.039    68.264    62.968    94.921    58.052    21.954    79.605    94.921    87.281    82.152    29.206    28.231    86.006    55.444    36.77    0         13.928    38.079    79.31    26.833    24.331    31.064    54.589    79.057    55.227    79.057    82.377    64.125    57.706    71.589    82.541    79.057    86.406    33.734    78.447    49.0    14.213    41.304    82.292    70.612    21.024    75.133    18.868    109.225    13.416    73.573    12.207    
25    66.31    43.105    109.809    92.179    72.835    82.073    47.76    83.726    64.661    73.335    75.743    107.48    71.218    32.558    93.472    107.48    96.664    95.88    41.773    39.459    99.925    68.819    47.854    13.928    0         51.923    93.231    37.656    37.014    44.777    67.067    92.973    67.941    92.65    96.042    69.584    71.554    85.422    92.136    85.51    96.747    47.539    92.347    55.543    14.142    46.69    96.177    79.12    32.558    79.0    31.145    122.442    1.414    85.0    23.087    
26    16.279    55.227    64.637    43.139    22.204    46.39    46.011    33.136    20.616    73.007    37.483    67.231    30.594    26.907    43.417    67.231    74.673    47.381    23.601    22.825    48.877    26.683    23.195    38.079    51.923    0         42.19    24.698    18.385    13.601    24.042    41.231    32.0    45.607    48.166    68.6    22.804    36.069    69.721    77.82    70.029    4.472    40.497    54.489    48.0    52.802    45.804    63.906    29.732    82.006    27.893    77.201    51.245    54.009    31.385    
27    26.926    83.295    31.016    9.434    28.653    38.419    70.576    25.179    31.064    87.235    33.541    41.231    31.048    68.411    5.385    41.231    69.426    12.369    55.579    63.032    6.708    30.265    59.548    79.31    93.231    42.19    0         65.192    60.216    49.041    43.382    6.325    37.363    16.125    14.56    83.774    22.361    10.44    65.765    84.876    61.221    46.648    8.246    75.186    86.833    78.638    5.099    69.34    65.115    96.151    64.761    41.231    92.704    47.424    73.573    
28    40.804    60.465    89.308    67.357    39.357    69.642    56.08    49.396    44.777    85.44    61.033    91.706    54.424    5.099    67.179    91.706    95.047    71.701    35.511    2.236    71.701    50.695    10.198    26.833    37.656    24.698    65.192    0         8.0    29.069    30.265    63.008    54.571    70.214    72.622    80.994    47.434    60.308    90.05    93.392    91.662    21.024    61.855    65.552    40.817    60.415    69.311    81.498    34.438    93.622    31.305    101.833    36.497    76.295    14.866    
29    34.655    54.037    82.801    61.522    36.401    61.984    48.754    47.074    37.59    78.0    53.488    84.534    47.011    8.602    61.717    84.534    87.052    65.765    27.659    7.28    66.851    43.382    14.142    24.331    37.014    18.385    60.216    8.0    0         21.095    30.265    58.669    46.84    63.891    66.528    73.539    41.11    54.452    82.055    85.615    83.726    14.213    57.706    58.181    37.336    53.535    64.031    73.553    27.459    86.331    24.413    95.425    36.056    68.447    14.318    
30    22.361    41.677    65.795    47.413    34.785    41.629    32.527    45.354    20.0    60.208    33.615    65.46    27.803    28.862    48.847    65.46    66.008    51.108    10.0    28.0    55.66    24.759    32.016    31.064    44.777    13.601    49.041    29.069    21.095    0         37.537    49.649    26.401    48.01    51.313    55.758    26.926    40.719    61.008    66.129    62.65    12.207    49.366    41.231    37.855    39.205    51.624    53.151    17.117    69.065    16.031    78.518    44.418    47.539    28.844    
31    29.614    78.816    72.801    49.041    14.866    63.953    70.036    21.26    38.897    96.83    55.109    79.511    48.27    35.128    47.17    79.511    94.921    53.451    47.508    28.16    48.877    44.385    20.881    54.589    67.067    24.042    43.382    30.265    30.265    37.537    0         39.115    51.865    54.129    55.082    92.455    35.128    42.953    90.139    100.846    89.051    25.807    37.443    78.518    67.186    76.694    48.332    86.313    52.479    105.891    50.12    84.155    66.03    72.78    44.011    
32    27.295    85.988    37.014    15.652    24.839    43.863    73.546    19.647    33.242    91.706    38.275    47.539    34.928    66.573    11.705    47.539    75.286    18.682    57.035    60.803    9.849    33.526    56.586    79.057    92.973    41.231    6.325    63.008    58.669    49.649    39.115    0         41.231    22.361    20.881    88.102    24.083    15.0    71.505    90.0    67.201    45.695    2.0    78.746    87.476    81.584    11.045    74.404    66.272    100.722    65.62    46.69    92.358    53.038    72.45    
33    22.825    47.096    42.544    31.064    41.34    15.232    34.015    48.104    13.0    50.774    7.81    39.699    6.325    55.027    34.366    39.699    43.174    33.061    26.173    53.151    42.579    8.485    55.082    55.227    67.941    32.0    37.363    54.571    46.84    26.401    51.865    41.231    0         28.284    32.249    47.011    19.799    26.926    38.328    50.99    38.053    34.234    42.048    37.855    57.689    42.0    37.336    35.609    35.609    59.908    36.797    54.918    67.897    22.023    55.073    
34    29.411    75.326    19.235    6.708    39.459    24.166    62.201    39.319    28.018    74.632    22.023    26.077    22.804    72.471    10.817    26.077    53.74    5.385    51.894    68.242    17.804    24.166    66.648    79.057    92.65    45.607    16.125    70.214    63.891    48.01    54.129    22.361    28.284    0         4.0    71.568    22.804    11.18    50.329    70.711    45.343    49.679    24.166    65.123    84.095    70.114    12.728    55.462    61.741    83.217    62.177    31.623    92.358    32.45    75.69    
35    31.89    79.31    17.72    6.083    40.262    27.857    66.189    39.013    31.385    78.447    26.019    26.683    26.683    75.073    9.22    26.683    56.639    2.236    55.543    70.605    14.866    27.857    68.6    82.377    96.042    48.166    14.56    72.622    66.528    51.313    55.082    20.881    32.249    4.0    0         75.432    25.456    12.53    53.413    74.243    48.083    52.345    22.804    69.116    87.727    74.108    10.296    59.093    65.391    86.977    65.742    29.53    95.718    35.847    78.645    
36    67.476    26.683    78.026    76.217    85.633    47.854    25.0    94.021    57.801    4.472    50.329    67.365    53.235    78.447    80.056    67.365    36.359    76.922    46.53    80.777    88.255    55.227    86.764    64.125    69.584    68.6    83.774    80.994    73.539    55.758    92.455    88.102    47.011    71.568    75.432    0         66.287    73.41    34.015    16.553    41.785    67.956    89.006    15.524    55.444    23.022    82.873    19.647    46.84    13.454    50.0    87.281    70.456    42.012    72.367    
37    6.708    61.984    41.881    20.809    22.472    29.12    49.729    28.32    9.22    70.214    20.616    45.607    14.422    49.679    21.932    45.607    60.926    24.839    33.242    45.486    28.862    11.314    44.385    57.706    71.554    22.804    22.361    47.434    41.11    26.926    35.128    24.083    19.799    22.804    25.456    66.287    0         13.892    56.365    70.767    54.406    26.907    24.331    55.543    64.56    57.723    24.698    55.317    42.755    79.404    42.45    54.406    71.12    38.275    53.263    
38    19.849    73.11    30.083    7.071    28.284    29.0    60.299    28.862    21.587    76.922    23.324    37.0    20.616    62.936    8.246    37.0    60.803    11.402    46.325    58.258    16.0    20.025    56.08    71.589    85.422    36.069    10.44    60.308    54.452    40.719    42.953    15.0    26.926    11.18    12.53    73.41    13.892    0         56.851    75.0    53.0    40.361    16.279    64.761    78.109    68.359    11.18    59.405    56.045    85.884    55.973    42.059    85.0    38.288    67.007    
39    60.745    54.489    49.649    56.586    78.791    28.018    44.944    83.863    51.245    34.482    35.777    36.674    42.154    89.359    60.828    36.674    5.0    55.444    55.731    89.006    68.118    45.88    92.266    82.541    92.136    69.721    65.765    90.05    82.055    61.008    90.139    71.505    38.328    50.329    53.413    34.015    56.365    56.851    0         24.021    8.062    71.253    73.0    39.623    78.772    48.918    63.032    15.0    61.685    40.2    64.288    56.436    92.612    18.601    86.683    
40    73.41    43.012    73.007    76.322    92.005    46.648    39.0    99.086    63.411    14.213    51.856    60.531    56.569    91.411    80.455    60.531    24.331    76.059    57.974    92.892    88.323    59.464    98.031    79.057    85.51    77.82    84.876    93.392    85.615    66.129    100.846    90.0    50.99    70.711    74.243    16.553    70.767    75.0    24.021    0         32.0    78.0    91.214    30.15    71.386    38.833    83.006    15.62    60.299    16.763    63.388    80.399    86.313    38.484    86.284    
41    59.439    60.877    42.544    51.856    76.844    25.298    50.448    80.957    50.488    42.45    33.956    29.12    40.792    91.411    56.08    29.12    8.944    50.21    58.523    90.449    62.936    44.721    93.005    86.406    96.747    70.029    61.221    91.662    83.726    62.65    89.051    67.201    38.053    45.343    48.083    41.785    54.406    53.0    8.062    32.0    0         72.028    68.819    46.098    83.762    55.172    58.052    22.361    65.391    48.26    67.779    48.662    97.129    16.279    89.56    
42    20.518    53.009    68.6    47.424    26.019    49.031    44.598    37.014    23.77    72.402    40.262    70.682    33.526    22.804    47.802    70.682    76.236    51.624    21.932    19.313    53.339    29.732    21.024    33.734    47.539    4.472    46.648    21.024    14.213    12.207    25.807    45.695    34.234    49.679    52.345    67.956    26.907    40.361    71.253    78.0    72.028    0         44.944    53.413    44.045    50.99    50.22    64.56    26.833    81.271    24.698    81.216    46.84    56.223    26.926    
43    27.074    86.313    39.013    17.464    23.345    45.255    73.98    17.72    33.541    92.661    39.408    49.477    35.777    65.513    13.601    49.477    76.837    20.616    57.0    59.641    11.705    34.176    55.227    78.447    92.347    40.497    8.246    61.855    57.706    49.366    37.443    2.0    42.048    24.166    22.804    89.006    24.331    16.279    73.0    91.214    68.819    44.944    0         79.379    87.132    82.0    13.038    75.604    66.121    101.71    65.376    48.662    91.706    54.489    71.589    
44    55.57    14.866    75.133    68.731    73.007    43.417    9.487    82.152    46.519    19.925    43.105    66.731    44.147    62.936    72.18    66.731    43.417    70.257    31.623    65.391    80.411    45.222    71.589    49.0    55.543    54.489    75.186    65.552    58.181    41.231    78.518    78.746    37.855    65.123    69.116    15.524    55.543    64.761    39.623    30.15    46.098    53.413    79.379    0         41.485    9.434    75.133    25.0    31.321    28.178    34.482    85.866    56.294    40.497    56.886    
45    60.208    29.017    100.17    84.504    70.064    70.937    34.015    81.056    56.648    59.211    65.46    96.54    61.774    36.056    86.331    96.54    83.187    87.846    32.202    42.059    93.408    59.933    50.537    14.213    14.142    48.0    86.833    40.817    37.336    37.855    67.186    87.476    57.689    84.095    87.727    55.444    64.56    78.109    78.772    71.386    83.762    44.045    87.132    41.485    0         32.558    89.185    65.391    22.361    65.031    22.136    112.606    15.033    72.918    26.401    
46    56.648    5.831    81.744    73.027    72.945    50.0    8.062    82.765    48.508    27.019    48.26    74.324    48.042    57.271    76.164    74.324    52.802    75.027    29.206    60.539    84.291    48.374    67.424    41.304    46.69    52.802    78.638    60.415    53.535    39.205    76.694    81.584    42.0    70.114    74.108    23.022    57.723    68.359    48.918    38.833    55.172    50.99    82.0    9.434    32.558    0         79.158    34.409    26.077    33.956    29.155    92.973    47.518    48.301    50.289    
47    30.017    84.024    26.0    6.708    33.541    36.359    71.113    30.265    32.757    86.163    32.573    36.688    31.145    72.346    3.0    36.688    66.468    8.062    57.489    67.179    5.385    31.016    64.031    82.292    96.177    45.804    5.099    69.311    64.031    51.624    48.332    11.045    37.336    12.728    10.296    82.873    24.698    11.18    63.032    83.006    58.052    50.22    13.038    75.133    89.185    79.158    0         67.602    67.186    94.937    67.052    36.139    95.708    45.0    77.104    
48    58.249    39.825    59.414    60.902    76.844    31.305    31.385    83.63    48.26    21.024    36.235    48.042    41.037    80.1    65.0    48.042    18.439    60.836    46.098    80.753    72.945    44.045    85.147    70.612    79.12    63.906    69.34    81.498    73.553    53.151    86.313    74.404    35.609    55.462    59.093    19.647    55.317    59.405    15.0    15.62    22.361    64.56    75.604    25.0    65.391    34.409    67.602    0         50.359    28.443    53.235    68.029    79.712    23.77    76.164    
49    39.051    26.87    77.936    62.298    51.662    49.518    21.84    62.37    34.482    51.245    43.417    74.967    39.446    31.623    64.288    74.967    66.483    65.552    9.849    34.482    71.589    37.577    41.4    21.024    32.558    29.732    65.115    34.438    27.459    17.117    52.479    66.272    35.609    61.741    65.391    46.84    42.755    56.045    61.685    60.299    65.391    26.833    66.121    31.321    22.361    26.077    67.186    50.359    0         59.237    3.162    90.443    32.65    52.697    26.019    
50    80.808    36.125    87.824    88.238    99.035    59.135    37.577    107.299    71.063    9.22    62.61    76.059    66.038    90.824    92.195    76.059    41.0    88.6    59.682    93.52    100.319    68.242    99.765    75.133    79.0    82.006    96.151    93.622    86.331    69.065    105.891    100.722    59.908    83.217    86.977    13.454    79.404    85.884    40.2    16.763    48.26    81.271    101.71    28.178    65.031    33.956    94.937    28.443    59.237    0         62.394    96.047    80.006    52.173    84.202    
51    38.328    29.732    78.816    62.394    50.01    51.088    25.0    60.828    34.54    54.406    44.598    76.381    40.224    28.46    64.195    76.381    69.123    65.795    10.63    31.385    71.309    38.079    38.419    18.868    31.145    27.893    64.761    31.305    24.413    16.031    50.12    65.62    36.797    62.177    65.742    50.0    42.45    55.973    64.288    63.388    67.779    24.698    65.376    34.482    22.136    29.155    67.052    53.235    3.162    62.394    0         91.4    31.113    54.708    23.0    
52    61.033    98.681    12.728    35.341    69.289    43.081    85.796    66.287    58.694    89.051    47.17    20.0    51.225    104.019    37.0    20.0    57.271    30.871    80.802    99.865    37.216    53.814    98.112    109.225    122.442    77.201    41.231    101.833    95.425    78.518    84.155    46.69    54.918    31.623    29.53    87.281    54.406    42.059    56.436    80.399    48.662    81.216    48.662    85.866    112.606    92.973    36.139    68.029    90.443    96.047    91.4    0         122.287    45.706    106.832    
53    65.795    44.045    109.636    91.788    72.007    82.134    48.384    82.873    64.351    74.243    75.69    107.49    71.063    31.401    93.022    107.49    97.17    95.525    41.725    38.328    99.403    68.6    46.69    13.416    1.414    51.245    92.704    36.497    36.056    44.418    66.03    92.358    67.897    92.358    95.718    70.456    71.12    85.0    92.612    86.313    97.129    46.84    91.706    56.294    15.033    47.518    95.708    79.712    32.65    80.006    31.113    122.287    0         85.212    22.023    
54    43.174    54.12    36.014    38.419    60.745    9.434    41.881    65.368    34.234    44.283    17.72    26.249    24.515    76.4    42.638    26.249    22.825    37.736    44.721    74.967    50.22    28.443    77.104    73.573    85.0    54.009    47.424    76.295    68.447    47.539    72.78    53.038    22.023    32.45    35.847    42.012    38.275    38.288    18.601    38.484    16.279    56.223    54.489    40.497    72.918    48.301    45.0    23.77    52.697    52.173    54.708    45.706    85.212    0         75.392    
55    47.202    49.244    94.112    74.027    50.695    70.235    47.518    61.392    48.166    76.688    62.434    94.303    56.613    9.849    74.632    94.303    91.591    78.102    31.048    16.492    80.262    53.413    25.0    12.207    23.087    31.385    73.573    14.866    14.318    28.844    44.011    72.45    55.073    75.69    78.645    72.367    53.263    67.007    86.683    86.284    89.56    26.926    71.589    56.886    26.401    50.289    77.104    76.164    26.019    84.202    23.0    106.832    22.023    75.392    0         


Demandas:
1: 0.0
2: 3.0
3: 12.0
4: 25.0
5: 4.0
6: 11.0
7: 20.0
8: 21.0
9: 10.0
10: 20.0
11: 13.0
12: 14.0
13: 16.0
14: 17.0
15: 11.0
16: 36.0
17: 6.0
18: 7.0
19: 21.0
20: 11.0
21: 17.0
22: 22.0
23: 10.0
24: 19.0
25: 21.0
26: 23.0
27: 19.0
28: 15.0
29: 22.0
30: 7.0
31: 11.0
32: 15.0
33: 22.0
34: 12.0
35: 24.0
36: 25.0
37: 2.0
38: 15.0
39: 18.0
40: 13.0
41: 3.0
42: 20.0
43: 14.0
44: 10.0
45: 10.0
46: 66.0
47: 10.0
48: 7.0
49: 12.0
50: 24.0
51: 5.0
52: 18.0
53: 7.0
54: 11.0
55: 12.0
+-+-+-+-+-+-+-+-+-+-+-+-+-+-+-+ SOLUCION INICIAL +-+-+-+-+-+-+-+-+-+-+-+-+-+-+-+-

Ruta #1: [1, 2, 46, 7, 9]
Costo asociado: 124.85499999999999      Capacidad: 99.0

Ruta #2: [1, 5, 8, 19, 49, 51, 30, 26]
Costo asociado: 143.231      Capacidad: 93.0

Ruta #3: [1, 10, 44, 36, 50, 40, 48]
Costo asociado: 211.124      Capacidad: 99.0

Ruta #4: [1, 12, 37, 16, 3, 52, 18]
Costo asociado: 232.341      Capacidad: 89.0

Ruta #5: [1, 6, 13, 11, 17, 54, 41, 39, 33]
Costo asociado: 205.996      Capacidad: 100.0

Ruta #6: [1, 20, 42, 29, 28, 23, 31]
Costo asociado: 141.052      Capacidad: 89.0

Ruta #7: [1, 21, 27, 47, 15, 32, 43]
Costo asociado: 89.201      Capacidad: 86.0

Ruta #8: [1, 24, 25, 45, 53, 55, 14]
Costo asociado: 170.554      Capacidad: 86.0

Ruta #9: [1, 22, 34, 35, 4, 38]
Costo asociado: 76.035      Capacidad: 98.0

--> Costo total: 1394.3890000000001          Capacidad total: 839.0

+-+-+-+-+-+-+-+-+-+-+-+-+-+-+-+-+-+-+-+-+-+-+-+-+- Iteracion 6  +-+-+-+-+-+-+-+-+-+-+-+-+-+-+-+-+-+-+-+-+-+-+-+-+-


Ruta #1: [1, 2, 46, 7, 9]
Costo asociado: 124.85499999999999      Capacidad: 99.0

Ruta #2: [1, 5, 8, 19, 49, 51, 30, 26]
Costo asociado: 143.231      Capacidad: 93.0

Ruta #3: [1, 10, 44, 36, 50, 40, 48]
Costo asociado: 211.124      Capacidad: 99.0

Ruta #4: [1, 12, 37, 16, 3, 52, 18]
Costo asociado: 232.341      Capacidad: 89.0

Ruta #5: [1, 6, 13, 11, 17, 54, 41, 39, 33]
Costo asociado: 205.996      Capacidad: 100.0

Ruta #6: [1, 20, 42, 29, 28, 23, 31]
Costo asociado: 141.052      Capacidad: 89.0

Ruta #7: [1, 21, 27, 47, 15, 32, 43]
Costo asociado: 89.201      Capacidad: 86.0

Ruta #8: [1, 24, 25, 45, 53, 55, 14]
Costo asociado: 170.554      Capacidad: 86.0

Ruta #9: [1, 22, 34, 35, 4, 38]
Costo asociado: 76.035      Capacidad: 98.0

--> Costo total: 1381.055          Capacidad total: 839.0

+-+-+-+-+-+-+-+-+-+-+-+-+-+-+-+-+-+-+-+-+-+-+-+-+- Iteracion 6  +-+-+-+-+-+-+-+-+-+-+-+-+-+-+-+-+-+-+-+-+-+-+-+-+-

La solución anterior duró 0min 1seg    -------> Nuevo optimo local. Costo: 1381.055       ==> Optimo: 1073.0  Desvio: 28.7%
Lista tabu: [((27,47,5.099),4), ((32,43,2.0),4), ((15,32,11.705),4), ((27,32,6.325),3), ((4,38,7.071),5), ((52,18,30.871),5), ((4,18,4.472),4), ((21,27,6.708),6), ((43,1,27.074),6), ((21,43,11.705),5), ((52,18,30.871),7), ((18,1,31.113),7), ((27,47,5.099),7), ((18,47,8.062),6), ((12,37,45.607),8), ((3,52,12.728),8), ((16,3,14.213),8), ((3,12,14.213),7)]

+-+-+-+-+-+-+-+-+-+-+-+-+-+-+-+-+-+-+-+-+-+-+-+-+- Iteracion 10  +-+-+-+-+-+-+-+-+-+-+-+-+-+-+-+-+-+-+-+-+-+-+-+-+-


Ruta #1: [1, 2, 46, 7, 9]
Costo asociado: 124.85499999999999      Capacidad: 99.0

Ruta #2: [1, 5, 8, 19, 49, 51, 30, 26]
Costo asociado: 143.231      Capacidad: 93.0

Ruta #3: [1, 10, 44, 36, 50, 40, 48]
Costo asociado: 211.124      Capacidad: 99.0

Ruta #4: [1, 12, 37, 16, 3, 52, 18]
Costo asociado: 232.341      Capacidad: 89.0

Ruta #5: [1, 6, 13, 11, 17, 54, 41, 39, 33]
Costo asociado: 205.996      Capacidad: 100.0

Ruta #6: [1, 20, 42, 29, 28, 23, 31]
Costo asociado: 141.052      Capacidad: 89.0

Ruta #7: [1, 21, 27, 47, 15, 32, 43]
Costo asociado: 89.201      Capacidad: 86.0

Ruta #8: [1, 24, 45, 25, 53, 55, 14]
Costo asociado: 157.22      Capacidad: 86.0

Ruta #9: [1, 22, 34, 35, 4, 38]
Costo asociado: 76.035      Capacidad: 98.0

--> Costo total: 1380.326          Capacidad total: 839.0

+-+-+-+-+-+-+-+-+-+-+-+-+-+-+-+-+-+-+-+-+-+-+-+-+- Iteracion 10  +-+-+-+-+-+-+-+-+-+-+-+-+-+-+-+-+-+-+-+-+-+-+-+-+-

La solución anterior duró 0min 0seg    -------> Nuevo optimo local. Costo: 1380.326       ==> Optimo: 1073.0  Desvio: 28.599999999999998%
Lista tabu: [((4,38,7.071),1), ((52,18,30.871),1), ((21,27,6.708),2), ((43,1,27.074),2), ((21,43,11.705),1), ((52,18,30.871),3), ((18,1,31.113),3), ((27,47,5.099),3), ((18,47,8.062),2), ((12,37,45.607),4), ((3,52,12.728),4), ((16,3,14.213),4), ((3,12,14.213),3), ((24,25,13.928),10), ((45,53,15.033),10), ((24,45,14.213),8), ((34,35,4.0),6), ((4,38,7.071),6), ((4,34,6.708),5), ((47,15,3.0),7), ((43,1,27.074),7), ((43,47,13.038),6), ((8,19,54.708),8), ((19,49,9.849),8), ((1,43,27.074),8), ((43,32,2.0),8), ((8,43,17.72),7)]

+-+-+-+-+-+-+-+-+-+-+-+-+-+-+-+-+-+-+-+-+-+-+-+-+- Iteracion 26  +-+-+-+-+-+-+-+-+-+-+-+-+-+-+-+-+-+-+-+-+-+-+-+-+-


Ruta #1: [1, 2, 46, 7, 9]
Costo asociado: 124.85499999999999      Capacidad: 99.0

Ruta #2: [1, 5, 8, 19, 49, 51, 30, 26]
Costo asociado: 143.231      Capacidad: 93.0

Ruta #3: [1, 10, 36, 44, 50, 40, 48]
Costo asociado: 210.39499999999998      Capacidad: 99.0

Ruta #4: [1, 12, 37, 16, 3, 52, 18]
Costo asociado: 232.341      Capacidad: 89.0

Ruta #5: [1, 6, 13, 11, 17, 54, 41, 39, 33]
Costo asociado: 205.996      Capacidad: 100.0

Ruta #6: [1, 20, 42, 29, 28, 23, 31]
Costo asociado: 141.052      Capacidad: 89.0

Ruta #7: [1, 21, 27, 47, 15, 32, 43]
Costo asociado: 89.201      Capacidad: 86.0

Ruta #8: [1, 24, 45, 25, 53, 55, 14]
Costo asociado: 157.22      Capacidad: 86.0

Ruta #9: [1, 22, 34, 35, 4, 38]
Costo asociado: 76.035      Capacidad: 98.0

--> Costo total: 1379.952          Capacidad total: 839.0

+-+-+-+-+-+-+-+-+-+-+-+-+-+-+-+-+-+-+-+-+-+-+-+-+- Iteracion 26  +-+-+-+-+-+-+-+-+-+-+-+-+-+-+-+-+-+-+-+-+-+-+-+-+-

La solución anterior duró 0min 1seg    -------> Nuevo optimo local. Costo: 1379.952       ==> Optimo: 1073.0  Desvio: 28.599999999999998%
Lista tabu: [((2,46,5.831),1), ((7,9,40.522),1), ((34,35,4.0),2), ((4,38,7.071),2), ((4,34,6.708),1), ((4,38,7.071),3), ((52,18,30.871),3), ((4,18,4.472),2), ((47,15,3.0),4), ((15,32,11.705),4), ((52,18,30.871),4), ((15,18,7.071),3), ((29,28,8.0),5), ((53,55,22.023),5), ((29,55,14.318),4), ((27,47,5.099),6), ((47,15,3.0),6), ((1,38,19.849),6), ((38,4,7.071),6), ((27,38,10.44),5), ((13,11,7.0),7), ((33,1,22.825),7), ((13,33,6.325),6), ((10,36,4.472),8), ((50,40,16.763),8), ((44,50,28.178),8), ((10,50,9.22),7)]

+-+-+-+-+-+-+-+-+-+-+-+-+-+-+-+-+-+-+-+-+-+-+-+-+- Iteracion 31  +-+-+-+-+-+-+-+-+-+-+-+-+-+-+-+-+-+-+-+-+-+-+-+-+-


Ruta #1: [1, 2, 46, 7, 9]
Costo asociado: 124.85499999999999      Capacidad: 99.0

Ruta #2: [1, 5, 8, 19, 49, 51, 30, 26]
Costo asociado: 143.231      Capacidad: 93.0

Ruta #3: [1, 10, 36, 44, 50, 40, 48]
Costo asociado: 210.39499999999998      Capacidad: 99.0

Ruta #4: [1, 12, 37, 16, 3, 52, 18]
Costo asociado: 232.341      Capacidad: 89.0

Ruta #5: [1, 6, 13, 11, 17, 54, 41, 39, 33]
Costo asociado: 205.996      Capacidad: 100.0

Ruta #6: [1, 20, 42, 29, 28, 23, 31]
Costo asociado: 141.052      Capacidad: 89.0

Ruta #7: [1, 21, 27, 15, 47, 32, 43]
Costo asociado: 88.827      Capacidad: 86.0

Ruta #8: [1, 24, 45, 25, 53, 55, 14]
Costo asociado: 157.22      Capacidad: 86.0

Ruta #9: [1, 22, 34, 35, 4, 38]
Costo asociado: 76.035      Capacidad: 98.0

--> Costo total: 1373.701          Capacidad total: 839.0

+-+-+-+-+-+-+-+-+-+-+-+-+-+-+-+-+-+-+-+-+-+-+-+-+- Iteracion 31  +-+-+-+-+-+-+-+-+-+-+-+-+-+-+-+-+-+-+-+-+-+-+-+-+-

La solución anterior duró 0min 0seg    -------> Nuevo optimo local. Costo: 1373.701       ==> Optimo: 1073.0  Desvio: 28.000000000000004%
Lista tabu: [((27,47,5.099),1), ((47,15,3.0),1), ((1,38,19.849),1), ((38,4,7.071),1), ((13,11,7.0),2), ((33,1,22.825),2), ((13,33,6.325),1), ((10,36,4.472),3), ((50,40,16.763),3), ((44,50,28.178),3), ((10,50,9.22),2), ((27,47,5.099),9), ((15,32,11.705),9), ((15,27,5.385),7), ((24,45,14.213),5), ((55,14,9.849),5), ((53,55,22.023),5), ((24,55,12.207),4), ((45,25,14.142),6), ((53,55,22.023),6), ((45,53,15.033),5), ((52,18,30.871),7), ((18,1,31.113),7), ((15,47,3.0),7), ((18,47,8.062),6), ((13,11,7.0),8), ((11,17,40.311),8), ((12,37,45.607),8), ((37,16,45.607),8), ((13,37,14.422),7)]

+-+-+-+-+-+-+-+-+-+-+-+-+-+-+-+-+-+-+-+-+-+-+-+-+- Iteracion 37  +-+-+-+-+-+-+-+-+-+-+-+-+-+-+-+-+-+-+-+-+-+-+-+-+-


Ruta #1: [1, 2, 46, 7, 9]
Costo asociado: 124.85499999999999      Capacidad: 99.0

Ruta #2: [1, 5, 8, 19, 49, 51, 30, 26]
Costo asociado: 143.231      Capacidad: 93.0

Ruta #3: [1, 10, 36, 44, 50, 40, 48]
Costo asociado: 210.39499999999998      Capacidad: 99.0

Ruta #4: [1, 12, 37, 16, 3, 52, 18]
Costo asociado: 232.341      Capacidad: 89.0

Ruta #5: [1, 6, 13, 11, 17, 54, 41, 39, 33]
Costo asociado: 205.996      Capacidad: 100.0

Ruta #6: [1, 20, 28, 29, 42, 23, 31]
Costo asociado: 134.801      Capacidad: 89.0

Ruta #7: [1, 21, 27, 15, 47, 32, 43]
Costo asociado: 88.827      Capacidad: 86.0

Ruta #8: [1, 24, 45, 25, 53, 55, 14]
Costo asociado: 157.22      Capacidad: 86.0

Ruta #9: [1, 22, 34, 35, 4, 38]
Costo asociado: 76.035      Capacidad: 98.0

--> Costo total: 1354.136          Capacidad total: 839.0

+-+-+-+-+-+-+-+-+-+-+-+-+-+-+-+-+-+-+-+-+-+-+-+-+- Iteracion 37  +-+-+-+-+-+-+-+-+-+-+-+-+-+-+-+-+-+-+-+-+-+-+-+-+-

La solución anterior duró 0min 0seg    -------> Nuevo optimo local. Costo: 1354.136       ==> Optimo: 1073.0  Desvio: 26.200000000000003%
