+-+-+-+-+-+-+-+-+-+-+-+-+-+-+ GRAFO CARGADO +-+-+-+-+-+-+-+-+-+-+-+-+-+-+-
        1         2         3         4         5         6         7         8         9         10        11        12        13        14        15        16        17        18        19        20        21        22        23        24        25        26        27        28        29        30        31        32        33        34        35        36        37        38        39
1     0         53.814    83.451    12.166    27.203    48.042    36.056    25.807    17.889    21.26    29.155    55.082    56.089    29.967    18.974    49.092    93.434    29.155    34.67    29.833    29.833    86.267    90.785    89.14    86.267    59.414    60.877    34.438    21.587    15.62    93.349    18.385    59.414    84.865    27.019    28.46    22.136    87.693    36.249    
2     53.814    0         29.732    44.944    33.526    34.928    89.644    79.511    71.218    75.073    82.62    36.249    29.155    83.006    71.61    34.205    39.623    30.364    88.238    83.63    83.63    32.65    37.014    35.805    32.65    5.831    7.071    25.495    38.079    69.426    39.623    38.079    7.071    31.145    80.808    32.28    36.249    33.971    25.179    
3     83.451    29.732    0         74.027    61.057    57.271    119.097    109.041    100.658    104.69    112.045    55.227    47.265    112.294    100.896    56.089    10.296    57.983    117.686    113.217    113.217    3.162    9.055    7.071    3.162    24.042    22.672    52.479    66.287    99.035    9.899    67.007    24.207    1.414    110.39    59.682    64.637    4.243    51.478    
4     12.166    44.944    74.027    0         15.232    47.074    45.255    35.468    26.907    31.623    38.184    53.759    53.009    38.288    26.907    47.854    84.202    17.493    43.841    39.825    39.825    76.694    81.841    79.31    76.694    50.22    51.865    23.022    9.487    26.077    83.869    7.071    49.82    75.432    37.014    16.553    10.296    78.243    24.698    
5     27.203    33.526    61.057    15.232    0         46.648    59.666    50.22    41.617    46.648    52.631    52.326    49.336    52.402    41.231    47.011    71.344    3.162    58.258    54.644    54.644    63.514    69.354    65.803    63.514    38.079    39.925    8.602    5.831    41.183    70.725    9.055    37.121    62.434    51.865    1.414    5.099    65.192    9.899    
6     48.042    34.928    57.271    47.074    46.648    0         81.043    71.063    64.777    65.97    74.953    7.071    11.402    76.485    66.483    1.414    64.514    44.654    79.812    74.041    74.041    60.415    60.745    64.327    60.415    39.319    39.115    43.932    47.011    61.188    65.803    43.658    41.593    58.464    71.568    46.325    45.188    60.877    45.277    
7     36.056    89.644    119.097    45.255    59.666    81.043    0         10.296    18.439    15.232    7.071    88.057    90.477    7.616    18.439    82.28    129.19    62.37    1.414    7.071    7.071    121.828    126.657    124.523    121.828    95.131    96.675    68.015    53.907    20.591    128.973    52.326    94.921    120.507    9.487    61.074    55.227    123.329    69.527    
8     25.807    79.511    109.041    35.468    50.22    71.063    10.296    0         8.602    5.099    4.0    78.102    80.324    6.325    9.487    72.277    119.097    52.802    8.944    4.472    4.472    111.803    116.516    114.56    111.803    85.041    86.556    58.412    44.407    10.296    118.929    42.521    84.9    110.454    2.0    51.614    45.607    113.278    60.0    
9     17.889    71.218    100.658    26.907    41.617    64.777    18.439    8.602    0         6.0    11.402    71.847    73.498    12.083    2.828    65.924    110.752    44.204    17.029    13.038    13.038    103.392    108.231    106.104    103.392    76.694    78.243    49.82    35.805    4.472    110.535    33.971    76.485    102.069    10.296    43.012    37.014    104.89    51.4    
10    21.26    75.073    104.69    31.623    46.648    65.97    15.232    5.099    6.0    0         9.055    73.007    75.273    11.045    8.246    67.186    114.691    49.092    13.928    8.602    8.602    107.49    112.045    110.318    107.49    80.66    82.134    54.644    40.817    5.657    114.586    38.601    80.61    106.104    5.831    48.021    41.881    108.931    56.303    
11    29.155    82.62    112.045    38.184    52.631    74.953    7.071    4.0    11.402    9.055    0         82.0    84.119    2.828    11.402    76.158    122.147    55.317    5.657    4.472    4.472    114.769    119.633    117.456    114.769    88.091    89.644    60.959    46.861    13.928    121.918    45.255    87.864    113.455    4.472    54.037    48.166    116.276    62.482    
12    55.082    36.249    55.227    53.759    52.326    7.071    88.057    78.102    71.847    73.007    82.0    0         8.0    83.546    73.553    6.0    61.612    50.12    86.833    81.043    81.043    58.31    57.723    62.29    58.31    39.85    39.294    48.826    53.141    68.25    63.151    50.0    42.379    56.321    78.588    51.884    51.264    58.549    50.0    
13    56.089    29.155    47.265    53.009    49.336    11.402    90.477    80.324    73.498    75.273    84.119    8.0    0         85.44    74.953    10.0    53.852    46.819    89.196    83.57    83.57    50.359    50.0    54.332    50.359    32.311    31.623    44.721    50.99    70.214    55.317    48.374    34.928    48.374    80.994    48.703    49.031    50.636    45.651    
14    29.967    83.006    112.294    38.288    52.402    76.485    7.616    6.325    12.083    11.045    2.828    83.546    85.44    0         11.402    77.666    122.442    55.172    6.325    7.211    7.211    114.978    120.0    117.593    114.978    88.408    90.0    60.828    46.69    15.297    122.147    45.343    88.091    113.701    7.211    53.814    48.083    116.516    62.29    
15    18.974    71.61    100.896    26.907    41.231    66.483    18.439    9.487    2.828    8.246    11.402    73.553    74.953    11.402    0         67.602    111.041    43.932    17.029    13.928    13.928    103.586    108.6    106.217    103.586    77.006    78.6    49.578    35.468    7.211    110.752    33.971    76.694    102.303    11.402    42.638    36.797    105.119    51.088    
16    49.092    34.205    56.089    47.854    47.011    1.414    82.28    72.277    65.924    67.186    76.158    6.0    10.0    77.666    67.602    0         63.246    44.944    81.043    75.286    75.286    59.228    59.464    63.151    59.228    38.471    38.21    44.045    47.539    62.37    64.56    44.272    40.792    57.271    72.801    46.648    45.695    59.666    45.343    
17    93.434    39.623    10.296    84.202    71.344    64.514    129.19    119.097    110.752    114.691    122.147    61.612    53.852    122.442    111.041    63.246    0         68.264    127.781    123.24    123.24    8.246    4.0    8.246    8.246    34.059    32.558    62.769    76.551    109.041    2.828    77.201    34.409    8.944    120.416    69.971    74.887    6.325    61.774    
18    29.155    30.364    57.983    17.493    3.162    44.654    62.37    52.802    44.204    49.092    55.317    50.12    46.819    55.172    43.932    44.944    68.264    0         60.959    57.201    57.201    60.465    66.242    62.801    60.465    34.928    36.77    5.657    8.485    43.566    67.676    10.77    34.0    59.363    54.406    2.0    7.211    62.129    7.211    
19    34.67    88.238    117.686    43.841    58.258    79.812    1.414    8.944    17.029    13.928    5.657    86.833    89.196    6.325    17.029    81.043    127.781    60.959    0         6.0    6.0    120.416    125.252    123.11    120.416    93.723    95.268    66.603    52.498    19.235    127.562    50.912    93.509    119.097    8.246    59.666    53.814    121.918    68.118    
20    29.833    83.63    113.217    39.825    54.644    74.041    7.071    4.472    13.038    8.602    4.472    81.043    83.57    7.211    13.928    75.286    123.24    57.201    6.0    0         0.0    116.0    120.615    118.794    116.0    89.196    90.686    62.801    48.826    14.213    123.11    46.861    89.107    114.63    2.828    56.036    50.0    117.456    64.405    
21    29.833    83.63    113.217    39.825    54.644    74.041    7.071    4.472    13.038    8.602    4.472    81.043    83.57    7.211    13.928    75.286    123.24    57.201    6.0    0.0    0         116.0    120.615    118.794    116.0    89.196    90.686    62.801    48.826    14.213    123.11    46.861    89.107    114.63    2.828    56.036    50.0    117.456    64.405    
22    86.267    32.65    3.162    76.694    63.514    60.415    121.828    111.803    103.392    107.49    114.769    58.31    50.359    114.978    103.586    59.228    8.246    60.465    120.416    116.0    116.0    0         8.246    4.0    0.0    26.907    25.612    54.918    68.819    101.833    7.211    69.656    26.907    2.0    113.172    62.129    67.201    2.0    53.852    
23    90.785    37.014    9.055    81.841    69.354    60.745    126.657    116.516    108.231    112.045    119.633    57.723    50.0    120.0    108.6    59.464    4.0    66.242    125.252    120.615    120.615    8.246    0         10.0    8.246    31.623    30.0    60.828    74.431    106.405    6.325    74.887    32.249    8.0    117.796    68.0    72.719    6.325    59.933    
24    89.14    35.805    7.071    79.31    65.803    64.327    124.523    114.56    106.104    110.318    117.456    62.29    54.332    117.593    106.217    63.151    8.246    62.801    123.11    118.794    118.794    4.0    10.0    0         4.0    30.0    28.844    57.201    71.218    104.661    6.0    72.25    29.732    6.0    115.966    64.405    69.656    4.472    56.036    
25    86.267    32.65    3.162    76.694    63.514    60.415    121.828    111.803    103.392    107.49    114.769    58.31    50.359    114.978    103.586    59.228    8.246    60.465    120.416    116.0    116.0    0.0    8.246    4.0    0         26.907    25.612    54.918    68.819    101.833    7.211    69.656    26.907    2.0    113.172    62.129    67.201    2.0    53.852    
26    59.414    5.831    24.042    50.22    38.079    39.319    95.131    85.041    76.694    80.66    88.091    39.85    32.311    88.408    77.006    38.471    34.059    34.928    93.723    89.196    89.196    26.907    31.623    30.0    26.907    0         2.0    29.732    42.942    75.007    33.941    43.267    2.828    25.456    86.371    36.77    41.183    28.284    29.12    
27    60.877    7.071    22.672    51.865    39.925    39.115    96.675    86.556    78.243    82.134    89.644    39.294    31.623    90.0    78.6    38.21    32.558    36.77    95.268    90.686    90.686    25.612    30.0    28.844    25.612    2.0    0         31.623    44.721    76.485    32.558    44.944    4.472    24.083    87.864    38.626    42.942    26.907    31.048    
28    34.438    25.495    52.479    23.022    8.602    43.932    68.015    58.412    49.82    54.644    60.959    48.826    44.721    60.828    49.578    44.045    62.769    5.657    66.603    62.801    62.801    54.918    60.828    57.201    54.918    29.732    31.623    0         14.142    49.092    62.129    16.125    28.636    53.852    60.0    7.211    12.806    56.604    2.0    
29    21.587    38.079    66.287    9.487    5.831    47.011    53.907    44.407    35.805    40.817    46.861    53.141    50.99    46.69    35.468    47.539    76.551    8.485    52.498    48.826    48.826    68.819    74.431    71.218    68.819    42.942    44.721    14.142    0         35.355    76.026    4.472    42.19    67.676    46.043    7.211    2.0    70.456    15.62    
30    15.62    69.426    99.035    26.077    41.183    61.188    20.591    10.296    4.472    5.657    13.928    68.25    70.214    15.297    7.211    62.37    109.041    43.566    19.235    14.213    14.213    101.833    106.405    104.661    101.833    75.007    76.485    49.092    35.355    0         108.931    33.015    74.953    100.449    11.402    42.544    36.359    103.276    50.774    
31    93.349    39.623    9.899    83.869    70.725    65.803    128.973    118.929    110.535    114.586    121.918    63.151    55.317    122.147    110.752    64.56    2.828    67.676    127.562    123.11    123.11    7.211    6.325    6.0    7.211    33.941    32.558    62.129    76.026    108.931    0         76.837    34.059    8.485    120.283    69.34    74.404    5.657    61.057    
32    18.385    38.079    67.007    7.071    9.055    43.658    52.326    42.521    33.971    38.601    45.255    50.0    48.374    45.343    33.971    44.272    77.201    10.77    50.912    46.861    46.861    69.656    74.887    72.25    69.656    43.267    44.944    16.125    4.472    33.015    76.837    0         42.802    68.411    44.045    10.198    4.0    71.218    17.889    
33    59.414    7.071    24.207    49.82    37.121    41.593    94.921    84.9    76.485    80.61    87.864    42.379    34.928    88.091    76.694    40.792    34.409    34.0    93.509    89.107    89.107    26.907    32.249    29.732    26.907    2.828    4.472    28.636    42.19    74.953    34.059    42.802    0         25.612    86.279    35.777    40.497    28.425    27.857    
34    84.865    31.145    1.414    75.432    62.434    58.464    120.507    110.454    102.069    106.104    113.455    56.321    48.374    113.701    102.303    57.271    8.944    59.363    119.097    114.63    114.63    2.0    8.0    6.0    2.0    25.456    24.083    53.852    67.676    100.449    8.485    68.411    25.612    0         111.803    61.057    66.03    2.828    52.839    
35    27.019    80.808    110.39    37.014    51.865    71.568    9.487    2.0    10.296    5.831    4.472    78.588    80.994    7.211    11.402    72.801    120.416    54.406    8.246    2.828    2.828    113.172    117.796    115.966    113.172    86.371    87.864    60.0    46.043    11.402    120.283    44.045    86.279    111.803    0         53.254    47.202    114.63    61.612    
36    28.46    32.28    59.682    16.553    1.414    46.325    61.074    51.614    43.012    48.021    54.037    51.884    48.703    53.814    42.638    46.648    69.971    2.0    59.666    56.036    56.036    62.129    68.0    64.405    62.129    36.77    38.626    7.211    7.211    42.544    69.34    10.198    35.777    61.057    53.254    0         6.325    63.812    8.485    
37    22.136    36.249    64.637    10.296    5.099    45.188    55.227    45.607    37.014    41.881    48.166    51.264    49.031    48.083    36.797    45.695    74.887    7.211    53.814    50.0    50.0    67.201    72.719    69.656    67.201    41.183    42.942    12.806    2.0    36.359    74.404    4.0    40.497    66.03    47.202    6.325    0         68.819    14.422    
38    87.693    33.971    4.243    78.243    65.192    60.877    123.329    113.278    104.89    108.931    116.276    58.549    50.636    116.516    105.119    59.666    6.325    62.129    121.918    117.456    117.456    2.0    6.325    4.472    2.0    28.284    26.907    56.604    70.456    103.276    5.657    71.218    28.425    2.828    114.63    63.812    68.819    0         55.57    
39    36.249    25.179    51.478    24.698    9.899    45.277    69.527    60.0    51.4    56.303    62.482    50.0    45.651    62.29    51.088    45.343    61.774    7.211    68.118    64.405    64.405    53.852    59.933    56.036    53.852    29.12    31.048    2.0    15.62    50.774    61.057    17.889    27.857    52.839    61.612    8.485    14.422    55.57    0         


Demandas:
1: 0.0
2: 14.0
3: 16.0
4: 18.0
5: 20.0
6: 1.0
7: 12.0
8: 13.0
9: 18.0
10: 9.0
11: 15.0
12: 8.0
13: 10.0
14: 7.0
15: 18.0
16: 14.0
17: 1.0
18: 15.0
19: 7.0
20: 25.0
21: 2.0
22: 3.0
23: 4.0
24: 16.0
25: 15.0
26: 23.0
27: 11.0
28: 21.0
29: 10.0
30: 12.0
31: 9.0
32: 7.0
33: 8.0
34: 4.0
35: 23.0
36: 8.0
37: 6.0
38: 2.0
39: 15.0
+-+-+-+-+-+-+-+-+-+-+-+-+-+-+-+ SOLUCION INICIAL +-+-+-+-+-+-+-+-+-+-+-+-+-+-+-+-

Ruta #1: [1, 7, 11, 14, 19, 20, 21, 35, 10]
Costo asociado: 88.19900000000001      Capacidad: 100.0

Ruta #2: [1, 8, 30, 9, 15]
Costo asociado: 62.376999999999995      Capacidad: 61.0

Ruta #3: [1, 6, 12, 16, 13, 2, 26, 4]
Costo asociado: 168.485      Capacidad: 88.0

Ruta #4: [1, 3, 27, 17, 34, 38, 23, 31, 24, 22, 25, 33, 32]
Costo asociado: 261.19699999999995      Capacidad: 96.0

Ruta #5: [1, 28, 29, 36, 39, 18, 5, 37]
Costo asociado: 101.884      Capacidad: 95.0

--> Costo total: 682.142          Capacidad total: 440.0

+-+-+-+-+-+-+-+-+-+-+-+-+-+-+-+-+-+-+-+-+-+-+-+-+- Iteracion 2  +-+-+-+-+-+-+-+-+-+-+-+-+-+-+-+-+-+-+-+-+-+-+-+-+-


Ruta #1: [1, 7, 11, 14, 19, 20, 21, 35, 10]
Costo asociado: 88.19900000000001      Capacidad: 100.0

Ruta #2: [1, 8, 30, 9, 15]
Costo asociado: 62.376999999999995      Capacidad: 61.0

Ruta #3: [1, 6, 12, 16, 13, 2, 26, 4]
Costo asociado: 168.485      Capacidad: 88.0

Ruta #4: [1, 3, 27, 17, 31, 23, 38, 34, 24, 22, 25, 33, 32]
Costo asociado: 255.08099999999996      Capacidad: 96.0

Ruta #5: [1, 28, 29, 36, 39, 18, 5, 37]
Costo asociado: 101.884      Capacidad: 95.0

--> Costo total: 676.0260000000001          Capacidad total: 440.0

La solución anterior duró 0min 0seg    -------> Nuevo optimo local. Costo: 676.026       ==> Optimo: 549.0  Desvio: 23.1%
Lista tabu: [((5,37,5.099),7), ((39,18,7.211),7), ((18,37,7.211),6)]

+-+-+-+-+-+-+-+-+-+-+-+-+-+-+-+-+-+-+-+-+-+-+-+-+- Iteracion 3  +-+-+-+-+-+-+-+-+-+-+-+-+-+-+-+-+-+-+-+-+-+-+-+-+-


Ruta #1: [1, 10, 35, 21, 20, 19, 11, 14, 7]
Costo asociado: 88.076      Capacidad: 100.0

Ruta #2: [1, 8, 30, 9, 15]
Costo asociado: 62.376999999999995      Capacidad: 61.0

Ruta #3: [1, 6, 12, 16, 13, 2, 26, 4]
Costo asociado: 168.485      Capacidad: 88.0

Ruta #4: [1, 3, 27, 17, 31, 23, 38, 34, 24, 22, 25, 33, 32]
Costo asociado: 255.08099999999996      Capacidad: 96.0

Ruta #5: [1, 28, 29, 36, 39, 18, 5, 37]
Costo asociado: 101.884      Capacidad: 95.0

--> Costo total: 675.903          Capacidad total: 440.0

La solución anterior duró 0min 0seg    -------> Nuevo optimo local. Costo: 675.903       ==> Optimo: 549.0  Desvio: 23.1%
Lista tabu: [((5,37,5.099),6), ((39,18,7.211),6), ((18,37,7.211),5), ((17,34,8.944),11), ((31,24,6.0),11), ((17,31,2.828),10)]

+-+-+-+-+-+-+-+-+-+-+-+-+-+-+-+-+-+-+-+-+-+-+-+-+- Iteracion 4  +-+-+-+-+-+-+-+-+-+-+-+-+-+-+-+-+-+-+-+-+-+-+-+-+-


Ruta #1: [1, 10, 35, 21, 20, 19, 11, 14, 7]
Costo asociado: 88.076      Capacidad: 100.0

Ruta #2: [1, 8, 30, 9, 15]
Costo asociado: 62.376999999999995      Capacidad: 61.0

Ruta #3: [1, 6, 12, 16, 13, 2, 26, 4]
Costo asociado: 168.485      Capacidad: 88.0

Ruta #4: [1, 3, 27, 17, 31, 23, 38, 25, 22, 24, 34, 33, 32]
Costo asociado: 252.95799999999994      Capacidad: 96.0

Ruta #5: [1, 28, 29, 36, 39, 18, 5, 37]
Costo asociado: 101.884      Capacidad: 95.0

--> Costo total: 673.78          Capacidad total: 440.0

La solución anterior duró 0min 0seg    -------> Nuevo optimo local. Costo: 673.78       ==> Optimo: 549.0  Desvio: 22.7%
Lista tabu: [((5,37,5.099),5), ((39,18,7.211),5), ((18,37,7.211),4), ((17,34,8.944),10), ((31,24,6.0),10), ((17,31,2.828),9), ((14,19,6.325),11), ((7,11,7.071),11), ((19,11,5.657),10)]

+-+-+-+-+-+-+-+-+-+-+-+-+-+-+-+-+-+-+-+-+-+-+-+-+- Iteracion 8  +-+-+-+-+-+-+-+-+-+-+-+-+-+-+-+-+-+-+-+-+-+-+-+-+-


Ruta #1: [1, 10, 35, 21, 20, 19, 11, 14, 7]
Costo asociado: 88.076      Capacidad: 100.0

Ruta #2: [1, 8, 30, 9, 15]
Costo asociado: 62.376999999999995      Capacidad: 61.0

Ruta #3: [1, 6, 12, 16, 13, 2, 26, 4]
Costo asociado: 168.485      Capacidad: 88.0

Ruta #4: [1, 32, 33, 34, 17, 31, 23, 38, 25, 22, 24, 27, 3]
Costo asociado: 252.188      Capacidad: 96.0

Ruta #5: [1, 28, 29, 36, 39, 18, 5, 37]
Costo asociado: 101.884      Capacidad: 95.0

--> Costo total: 673.01          Capacidad total: 440.0

La solución anterior duró 0min 0seg    -------> Nuevo optimo local. Costo: 673.01       ==> Optimo: 549.0  Desvio: 22.6%
Lista tabu: [((5,37,5.099),1), ((39,18,7.211),1), ((17,34,8.944),6), ((31,24,6.0),6), ((17,31,2.828),5), ((14,19,6.325),7), ((7,11,7.071),7), ((19,11,5.657),6), ((38,34,2.828),8), ((25,33,26.907),8), ((25,38,2.0),7), ((35,21,2.828),5), ((7,1,36.056),5), ((7,35,9.487),4), ((21,20,0.0),6), ((30,9,4.472),6), ((9,21,13.038),5), ((19,11,5.657),7), ((14,7,7.616),7), ((14,19,6.325),6)]

+-+-+-+-+-+-+-+-+-+-+-+-+-+-+-+-+-+-+-+-+-+-+-+-+- Iteracion 9  +-+-+-+-+-+-+-+-+-+-+-+-+-+-+-+-+-+-+-+-+-+-+-+-+-


Ruta #1: [1, 10, 35, 21, 20, 19, 11, 14, 7]
Costo asociado: 88.076      Capacidad: 100.0

Ruta #2: [1, 8, 30, 9, 15]
Costo asociado: 62.376999999999995      Capacidad: 61.0

Ruta #3: [1, 6, 12, 16, 13, 2, 26, 4]
Costo asociado: 168.485      Capacidad: 88.0

Ruta #4: [1, 32, 33, 27, 24, 22, 25, 38, 23, 31, 17, 34, 3]
Costo asociado: 209.79      Capacidad: 96.0

Ruta #5: [1, 28, 29, 36, 39, 18, 5, 37]
Costo asociado: 101.884      Capacidad: 95.0

--> Costo total: 630.612          Capacidad total: 440.0

La solución anterior duró 0min 0seg    -------> Nuevo optimo local. Costo: 630.612       ==> Optimo: 549.0  Desvio: 14.899999999999999%
Lista tabu: [((17,34,8.944),5), ((31,24,6.0),5), ((17,31,2.828),4), ((14,19,6.325),6), ((7,11,7.071),6), ((19,11,5.657),5), ((38,34,2.828),7), ((25,33,26.907),7), ((25,38,2.0),6), ((35,21,2.828),4), ((7,1,36.056),4), ((7,35,9.487),3), ((21,20,0.0),5), ((30,9,4.472),5), ((9,21,13.038),4), ((19,11,5.657),6), ((14,7,7.616),6), ((14,19,6.325),5), ((24,34,6.0),11), ((27,17,32.558),11), ((34,17,8.944),10)]

+-+-+-+-+-+-+-+-+-+-+-+-+-+-+-+-+-+-+-+-+-+-+-+-+- Iteracion 12  +-+-+-+-+-+-+-+-+-+-+-+-+-+-+-+-+-+-+-+-+-+-+-+-+-


Ruta #1: [1, 10, 35, 21, 20, 19, 11, 14, 7]
Costo asociado: 88.076      Capacidad: 100.0

Ruta #2: [1, 8, 30, 9, 15]
Costo asociado: 62.376999999999995      Capacidad: 61.0

Ruta #3: [1, 6, 12, 16, 13, 2, 26, 4]
Costo asociado: 168.485      Capacidad: 88.0

Ruta #4: [1, 3, 34, 22, 25, 38, 23, 31, 17, 24, 27, 33, 32]
Costo asociado: 207.09199999999998      Capacidad: 96.0

Ruta #5: [1, 28, 29, 36, 39, 18, 5, 37]
Costo asociado: 101.884      Capacidad: 95.0

--> Costo total: 627.914          Capacidad total: 440.0

La solución anterior duró 0min 0seg    -------> Nuevo optimo local. Costo: 627.914       ==> Optimo: 549.0  Desvio: 14.399999999999999%
Lista tabu: [((17,34,8.944),2), ((31,24,6.0),2), ((17,31,2.828),1), ((14,19,6.325),3), ((7,11,7.071),3), ((19,11,5.657),2), ((38,34,2.828),4), ((25,33,26.907),4), ((25,38,2.0),3), ((35,21,2.828),1), ((7,1,36.056),1), ((21,20,0.0),2), ((30,9,4.472),2), ((9,21,13.038),1), ((19,11,5.657),3), ((14,7,7.616),3), ((14,19,6.325),2), ((24,34,6.0),8), ((27,17,32.558),8), ((34,17,8.944),7), ((33,34,25.612),9), ((27,3,22.672),9), ((27,33,4.472),8), ((20,19,6.0),6), ((30,9,4.472),6), ((9,20,13.038),5), ((10,35,5.831),7), ((20,19,6.0),7), ((10,20,8.602),6)]

+-+-+-+-+-+-+-+-+-+-+-+-+-+-+-+-+-+-+-+-+-+-+-+-+- Iteracion 13  +-+-+-+-+-+-+-+-+-+-+-+-+-+-+-+-+-+-+-+-+-+-+-+-+-


Ruta #1: [1, 10, 35, 21, 20, 19, 11, 14, 7]
Costo asociado: 88.076      Capacidad: 100.0

Ruta #2: [1, 8, 30, 9, 15]
Costo asociado: 62.376999999999995      Capacidad: 61.0

Ruta #3: [1, 6, 12, 16, 13, 2, 26, 4]
Costo asociado: 168.485      Capacidad: 88.0

Ruta #4: [1, 3, 34, 22, 25, 38, 23, 17, 31, 24, 27, 33, 32]
Costo asociado: 202.521      Capacidad: 96.0

Ruta #5: [1, 28, 29, 36, 39, 18, 5, 37]
Costo asociado: 101.884      Capacidad: 95.0

--> Costo total: 623.343          Capacidad total: 440.0

La solución anterior duró 0min 0seg    -------> Nuevo optimo local. Costo: 623.343       ==> Optimo: 549.0  Desvio: 13.5%
Lista tabu: [((17,34,8.944),1), ((31,24,6.0),1), ((14,19,6.325),2), ((7,11,7.071),2), ((19,11,5.657),1), ((38,34,2.828),3), ((25,33,26.907),3), ((25,38,2.0),2), ((21,20,0.0),1), ((30,9,4.472),1), ((19,11,5.657),2), ((14,7,7.616),2), ((14,19,6.325),1), ((24,34,6.0),7), ((27,17,32.558),7), ((34,17,8.944),6), ((33,34,25.612),8), ((27,3,22.672),8), ((27,33,4.472),7), ((20,19,6.0),5), ((30,9,4.472),5), ((9,20,13.038),4), ((10,35,5.831),6), ((20,19,6.0),6), ((10,20,8.602),5), ((17,34,8.944),11), ((24,22,4.0),11), ((34,22,2.0),10)]

+-+-+-+-+-+-+-+-+-+-+-+-+-+-+-+-+-+-+-+-+-+-+-+-+- Iteracion 18  +-+-+-+-+-+-+-+-+-+-+-+-+-+-+-+-+-+-+-+-+-+-+-+-+-


Ruta #1: [1, 10, 35, 21, 20, 19, 11, 7, 14]
Costo asociado: 86.22999999999999      Capacidad: 100.0

Ruta #2: [1, 8, 30, 9, 15]
Costo asociado: 62.376999999999995      Capacidad: 61.0

Ruta #3: [1, 6, 12, 16, 13, 2, 26, 4]
Costo asociado: 168.485      Capacidad: 88.0

Ruta #4: [1, 3, 34, 22, 25, 38, 23, 17, 31, 24, 27, 33, 32]
Costo asociado: 202.521      Capacidad: 96.0

Ruta #5: [1, 28, 29, 36, 39, 18, 5, 37]
Costo asociado: 101.884      Capacidad: 95.0

--> Costo total: 621.497          Capacidad total: 440.0

La solución anterior duró 0min 0seg    -------> Nuevo optimo local. Costo: 621.497       ==> Optimo: 549.0  Desvio: 13.200000000000001%
Lista tabu: [((24,34,6.0),2), ((27,17,32.558),2), ((34,17,8.944),1), ((33,34,25.612),3), ((27,3,22.672),3), ((27,33,4.472),2), ((10,35,5.831),1), ((20,19,6.0),1), ((17,34,8.944),6), ((24,22,4.0),6), ((34,22,2.0),5), ((23,31,6.325),7), ((17,24,8.246),7), ((17,23,4.0),6), ((34,22,2.0),4), ((31,24,6.0),4), ((31,34,8.485),3), ((17,31,2.828),5), ((38,23,6.325),5), ((23,31,6.325),4), ((34,22,2.0),6), ((17,31,2.828),6), ((34,17,8.944),5), ((38,23,6.325),7), ((34,22,2.0),7), ((22,23,8.246),6)]

+-+-+-+-+-+-+-+-+-+-+-+-+-+-+-+-+-+-+-+-+-+-+-+-+- Iteracion 19  +-+-+-+-+-+-+-+-+-+-+-+-+-+-+-+-+-+-+-+-+-+-+-+-+-


Ruta #1: [1, 14, 19, 11, 7, 20, 21, 35, 10]
Costo asociado: 86.01      Capacidad: 100.0

Ruta #2: [1, 8, 30, 9, 15]
Costo asociado: 62.376999999999995      Capacidad: 61.0

Ruta #3: [1, 6, 12, 16, 13, 2, 26, 4]
Costo asociado: 168.485      Capacidad: 88.0

Ruta #4: [1, 3, 34, 22, 25, 38, 23, 17, 31, 24, 27, 33, 32]
Costo asociado: 202.521      Capacidad: 96.0

Ruta #5: [1, 28, 29, 36, 39, 18, 5, 37]
Costo asociado: 101.884      Capacidad: 95.0

--> Costo total: 621.277          Capacidad total: 440.0

La solución anterior duró 0min 0seg    -------> Nuevo optimo local. Costo: 621.277       ==> Optimo: 549.0  Desvio: 13.200000000000001%
Lista tabu: [((24,34,6.0),1), ((27,17,32.558),1), ((33,34,25.612),2), ((27,3,22.672),2), ((27,33,4.472),1), ((17,34,8.944),5), ((24,22,4.0),5), ((34,22,2.0),4), ((23,31,6.325),6), ((17,24,8.246),6), ((17,23,4.0),5), ((34,22,2.0),3), ((31,24,6.0),3), ((31,34,8.485),2), ((17,31,2.828),4), ((38,23,6.325),4), ((23,31,6.325),3), ((34,22,2.0),5), ((17,31,2.828),5), ((34,17,8.944),4), ((38,23,6.325),6), ((34,22,2.0),6), ((22,23,8.246),5), ((11,14,2.828),11), ((7,1,36.056),11), ((7,11,7.071),10)]

+-+-+-+-+-+-+-+-+-+-+-+-+-+-+-+-+-+-+-+-+-+-+-+-+- Iteracion 23  +-+-+-+-+-+-+-+-+-+-+-+-+-+-+-+-+-+-+-+-+-+-+-+-+-


Ruta #1: [1, 14, 19, 11, 7, 20, 21, 35, 10]
Costo asociado: 86.01      Capacidad: 100.0

Ruta #2: [1, 8, 30, 9, 15]
Costo asociado: 62.376999999999995      Capacidad: 61.0

Ruta #3: [1, 6, 12, 16, 13, 2, 26, 4]
Costo asociado: 168.485      Capacidad: 88.0

Ruta #4: [1, 3, 34, 22, 25, 38, 23, 17, 31, 24, 27, 33, 32]
Costo asociado: 202.521      Capacidad: 96.0

Ruta #5: [1, 37, 5, 36, 39, 18, 29, 28]
Costo asociado: 101.41      Capacidad: 95.0

--> Costo total: 620.803          Capacidad total: 440.0

La solución anterior duró 0min 0seg    -------> Nuevo optimo local. Costo: 620.803       ==> Optimo: 549.0  Desvio: 13.100000000000001%
Lista tabu: [((17,34,8.944),1), ((24,22,4.0),1), ((23,31,6.325),2), ((17,24,8.246),2), ((17,23,4.0),1), ((34,22,2.0),1), ((17,31,2.828),1), ((38,23,6.325),2), ((34,22,2.0),2), ((22,23,8.246),1), ((11,14,2.828),7), ((7,1,36.056),7), ((7,11,7.071),6), ((7,14,7.616),8), ((20,19,6.0),8), ((19,14,6.325),7), ((35,10,5.831),5), ((1,14,29.967),5), ((10,14,11.045),4), ((38,23,6.325),6), ((31,24,6.0),6), ((31,38,5.657),5), ((35,10,5.831),7), ((14,19,6.325),7), ((10,19,13.928),6)]

+-+-+-+-+-+-+-+-+-+-+-+-+-+-+-+-+-+-+-+-+-+-+-+-+- Iteracion 35  +-+-+-+-+-+-+-+-+-+-+-+-+-+-+-+-+-+-+-+-+-+-+-+-+-


Ruta #1: [1, 14, 19, 11, 7, 20, 21, 35, 10]
Costo asociado: 86.01      Capacidad: 100.0

Ruta #2: [1, 8, 30, 9, 15]
Costo asociado: 62.376999999999995      Capacidad: 61.0

Ruta #3: [1, 4, 26, 2, 13, 12, 16, 6]
Costo asociado: 160.828      Capacidad: 88.0

Ruta #4: [1, 3, 34, 22, 25, 38, 23, 17, 31, 24, 27, 33, 32]
Costo asociado: 202.521      Capacidad: 96.0

Ruta #5: [1, 37, 5, 36, 39, 18, 29, 28]
Costo asociado: 101.41      Capacidad: 95.0

--> Costo total: 613.146          Capacidad total: 440.0

La solución anterior duró 0min 0seg    -------> Nuevo optimo local. Costo: 613.146       ==> Optimo: 549.0  Desvio: 11.700000000000001%
Lista tabu: [((19,11,5.657),1), ((1,8,25.807),1), ((26,4,50.22),2), ((24,27,28.844),2), ((26,27,2.0),1), ((25,38,2.0),3), ((34,22,2.0),3), ((22,38,2.0),2), ((37,5,5.099),4), ((36,39,8.485),4), ((36,37,6.325),3), ((38,23,6.325),5), ((31,24,6.0),5), ((31,38,5.657),4), ((38,23,6.325),6), ((3,34,1.414),6), ((23,34,8.0),5), ((3,34,1.414),7), ((25,38,2.0),7), ((3,25,3.162),6)]

+-+-+-+-+-+-+-+-+-+-+-+-+-+-+-+-+-+-+-+-+-+-+-+-+- Iteracion 44  +-+-+-+-+-+-+-+-+-+-+-+-+-+-+-+-+-+-+-+-+-+-+-+-+-


Ruta #1: [1, 14, 19, 11, 7, 20, 21, 35, 10]
Costo asociado: 86.01      Capacidad: 100.0

Ruta #2: [1, 15, 9, 8, 30]
Costo asociado: 56.32      Capacidad: 61.0

Ruta #3: [1, 4, 26, 2, 13, 12, 16, 6]
Costo asociado: 160.828      Capacidad: 88.0

Ruta #4: [1, 3, 34, 22, 25, 38, 23, 17, 31, 24, 27, 33, 32]
Costo asociado: 202.521      Capacidad: 96.0

Ruta #5: [1, 37, 5, 36, 39, 18, 29, 28]
Costo asociado: 101.41      Capacidad: 95.0

--> Costo total: 607.0889999999999          Capacidad total: 440.0

La solución anterior duró 0min 0seg    -------> Nuevo optimo local. Costo: 607.089       ==> Optimo: 549.0  Desvio: 10.6%
Lista tabu: [((16,13,10.0),3), ((6,12,7.071),3), ((13,12,8.0),2), ((34,22,2.0),1), ((25,38,2.0),1), ((13,12,8.0),2), ((6,1,48.042),2), ((6,13,11.402),1), ((34,22,2.0),3), ((17,31,2.828),3), ((34,17,8.944),2), ((30,9,4.472),4), ((7,20,7.071),4), ((20,30,14.213),3), ((25,38,2.0),5), ((24,27,28.844),5), ((24,25,4.0),4), ((38,23,6.325),6), ((34,22,2.0),6), ((22,23,8.246),5), ((21,35,2.828),7), ((7,20,7.071),7), ((20,35,2.828),6)]

+-+-+-+-+-+-+-+-+-+-+-+-+-+-+-+-+-+-+-+-+-+-+-+-+- Iteracion 45  +-+-+-+-+-+-+-+-+-+-+-+-+-+-+-+-+-+-+-+-+-+-+-+-+-


Ruta #1: [1, 14, 19, 11, 7, 20, 21, 35, 10]
Costo asociado: 86.01      Capacidad: 100.0

Ruta #2: [1, 15, 9, 8, 30]
Costo asociado: 56.32      Capacidad: 61.0

Ruta #3: [1, 4, 26, 2, 13, 12, 16, 6]
Costo asociado: 160.828      Capacidad: 88.0

Ruta #4: [1, 3, 34, 22, 25, 38, 23, 17, 31, 24, 27, 33, 32]
Costo asociado: 202.521      Capacidad: 96.0

Ruta #5: [1, 28, 37, 5, 36, 39, 18, 29]
Costo asociado: 99.525      Capacidad: 95.0

--> Costo total: 605.204          Capacidad total: 440.0

La solución anterior duró 0min 0seg    -------> Nuevo optimo local. Costo: 605.204       ==> Optimo: 549.0  Desvio: 10.2%
Lista tabu: [((16,13,10.0),2), ((6,12,7.071),2), ((13,12,8.0),1), ((13,12,8.0),1), ((6,1,48.042),1), ((34,22,2.0),2), ((17,31,2.828),2), ((34,17,8.944),1), ((30,9,4.472),3), ((7,20,7.071),3), ((20,30,14.213),2), ((25,38,2.0),4), ((24,27,28.844),4), ((24,25,4.0),3), ((38,23,6.325),5), ((34,22,2.0),5), ((22,23,8.246),4), ((21,35,2.828),6), ((7,20,7.071),6), ((20,35,2.828),5), ((30,9,4.472),11), ((1,8,25.807),11), ((9,8,8.602),10)]

+-+-+-+-+-+-+-+-+-+-+-+-+-+-+-+-+-+-+-+-+-+-+-+-+- Iteracion 48  +-+-+-+-+-+-+-+-+-+-+-+-+-+-+-+-+-+-+-+-+-+-+-+-+-


Ruta #1: [1, 14, 19, 11, 7, 20, 21, 35, 10]
Costo asociado: 86.01      Capacidad: 100.0

Ruta #2: [1, 15, 9, 8, 30]
Costo asociado: 56.32      Capacidad: 61.0

Ruta #3: [1, 4, 37, 5, 36, 39, 18, 29]
Costo asociado: 74.743      Capacidad: 92.0

Ruta #4: [1, 3, 34, 22, 25, 38, 23, 17, 31, 24, 27, 33, 32]
Costo asociado: 202.521      Capacidad: 96.0

Ruta #5: [1, 28, 26, 2, 13, 12, 16, 6]
Costo asociado: 162.61200000000002      Capacidad: 91.0

--> Costo total: 582.206          Capacidad total: 440.0

La solución anterior duró 0min 0seg    -------> Nuevo optimo local. Costo: 582.206       ==> Optimo: 549.0  Desvio: 6.0%
Lista tabu: [((25,38,2.0),1), ((24,27,28.844),1), ((38,23,6.325),2), ((34,22,2.0),2), ((22,23,8.246),1), ((21,35,2.828),3), ((7,20,7.071),3), ((20,35,2.828),2), ((30,9,4.472),8), ((1,8,25.807),8), ((9,8,8.602),7), ((29,28,14.142),9), ((1,37,22.136),9), ((37,28,12.806),8), ((7,20,7.071),6), ((1,14,29.967),6), ((14,20,7.211),5), ((20,21,0.0),7), ((9,8,8.602),7), ((8,20,4.472),6)]

+-+-+-+-+-+-+-+-+-+-+-+-+-+-+-+-+-+-+-+-+-+-+-+-+- Iteracion 53  +-+-+-+-+-+-+-+-+-+-+-+-+-+-+-+-+-+-+-+-+-+-+-+-+-


Ruta #1: [1, 10, 35, 21, 20, 11, 7, 19, 14]
Costo asociado: 79.168      Capacidad: 100.0

Ruta #2: [1, 15, 9, 8, 30]
Costo asociado: 56.32      Capacidad: 61.0

Ruta #3: [1, 4, 37, 5, 36, 39, 18, 29]
Costo asociado: 74.743      Capacidad: 92.0

Ruta #4: [1, 3, 34, 22, 25, 38, 23, 17, 31, 24, 27, 33, 32]
Costo asociado: 202.521      Capacidad: 96.0

Ruta #5: [1, 28, 26, 2, 13, 12, 16, 6]
Costo asociado: 162.61200000000002      Capacidad: 91.0

--> Costo total: 575.364          Capacidad total: 440.0

La solución anterior duró 0min 0seg    -------> Nuevo optimo local. Costo: 575.364       ==> Optimo: 549.0  Desvio: 4.8%
Lista tabu: [((30,9,4.472),3), ((1,8,25.807),3), ((9,8,8.602),2), ((29,28,14.142),4), ((1,37,22.136),4), ((37,28,12.806),3), ((7,20,7.071),1), ((1,14,29.967),1), ((20,21,0.0),2), ((9,8,8.602),2), ((8,20,4.472),1), ((4,26,50.22),7), ((28,37,12.806),7), ((4,37,10.296),6), ((19,11,5.657),4), ((21,35,2.828),4), ((19,21,6.0),3), ((7,20,7.071),5), ((21,35,2.828),5), ((7,21,7.071),4), ((37,5,5.099),6), ((36,39,8.485),6), ((36,37,6.325),5), ((8,30,10.296),7), ((21,35,2.828),7), ((8,35,2.0),6)]

+-+-+-+-+-+-+-+-+-+-+-+-+-+-+-+-+-+- Solucion Optima +-+-+-+-+-+-+-+-+-+-+-+-+-+-+-+-+-+-

Ruta #1: [1, 10, 35, 21, 20, 11, 7, 19, 14]
Costo asociado: 79.168      Capacidad: 100.0

Ruta #2: [1, 15, 9, 8, 30]
Costo asociado: 56.32      Capacidad: 61.0

Ruta #3: [1, 4, 37, 5, 36, 39, 18, 29]
Costo asociado: 74.743      Capacidad: 92.0

Ruta #4: [1, 3, 34, 22, 25, 38, 23, 17, 31, 24, 27, 33, 32]
Costo asociado: 202.521      Capacidad: 96.0

Ruta #5: [1, 28, 26, 2, 13, 12, 16, 6]
Costo asociado: 162.61200000000002      Capacidad: 91.0


Costo total:  575.364        Optimo real:  549.0      Desviación: 4.8%

Cantidad de iteraciones: 54
Nro de vehiculos: 5
Capacidad Maxima/Vehiculo: 100.0
Tiempo total: 0min 3seg
Tiempo de estancamiento: 0min 0seg
