+-+-+-+-+-+-+-+-+-+-+-+-+-+-+ GRAFO CARGADO +-+-+-+-+-+-+-+-+-+-+-+-+-+-+-
        1         2         3         4         5         6         7         8         9         10        11        12        13        14        15        16        17        18        19        20        21        22        23        24        25        26        27        28        29        30        31        32        33        34        35        36        37        38        39        40        41        42        43        44        45        46        47        48        49        50        51        52        53        54        55        56        57        58        59        60        61        62        63
1     0         121.655    64.031    83.762    100.439    72.25    75.153    26.077    82.462    90.907    57.689    14.422    50.16    39.294    92.087    28.636    42.521    75.895    112.071    10.0    32.249    70.114    70.342    84.404    92.347    33.526    8.944    86.579    61.351    54.148    62.0    101.823    80.399    26.683    60.828    80.324    78.0    76.968    100.499    80.449    86.023    88.814    86.833    99.035    32.985    80.0    110.454    99.298    77.82    74.0    82.462    84.758    83.355    62.514    50.16    78.23    24.413    98.082    82.389    91.782    50.99    62.801    92.282    
2     121.655    0         88.295    44.272    26.683    94.763    55.714    96.54    68.118    33.106    65.605    119.331    76.551    90.554    80.1    95.016    79.398    62.097    20.396    114.978    98.793    89.822    68.964    39.446    60.133    93.744    119.331    78.026    70.682    96.768    90.708    20.0    76.42    109.289    81.609    59.228    59.228    55.027    22.361    43.909    82.024    37.947    37.577    22.627    94.403    88.091    11.662    28.636    55.785    65.513    64.498    56.569    44.944    80.324    98.082    78.638    97.591    50.16    76.236    70.257    76.158    60.465    38.833    
3     64.031    88.295    0         44.407    80.225    11.314    73.348    43.681    24.083    56.321    56.036    72.691    62.225    27.203    108.167    57.271    41.231    80.623    90.0    54.037    32.062    96.167    80.449    67.469    35.384    32.985    56.321    23.409    71.218    11.662    2.828    70.456    96.021    74.0    8.944    83.187    29.12    75.153    66.753    66.483    104.403    50.636    52.154    70.114    63.53    16.125    80.623    80.399    32.558    22.804    89.554    85.907    73.376    82.073    15.232    95.603    53.141    94.868    97.652    30.529    26.907    38.626    80.05    
4     83.762    44.272    44.407    0         37.947    52.038    43.909    57.689    27.857    12.0    38.053    85.088    50.0    48.166    80.449    61.351    42.048    52.839    46.39    75.604    56.639    77.795    56.462    29.732    25.456    52.345    79.649    39.395    51.42    52.498    46.69    26.077    70.711    78.588    37.363    53.254    16.125    44.944    22.361    31.241    78.892    6.325    8.246    26.077    63.561    47.074    36.222    38.626    12.0    22.0    60.465    54.037    38.21    64.031    53.852    71.554    61.741    58.412    71.694    34.409    33.941    21.541    41.617    
5     100.439    26.683    80.225    37.947    0         89.107    29.53    76.942    65.788    26.833    42.802    96.208    52.345    74.726    54.918    72.471    59.933    35.44    11.662    95.016    82.219    63.151    42.379    16.125    61.774    76.551    99.479    77.253    44.944    86.093    82.098    17.205    50.04    85.041    72.028    32.558    53.852    28.636    21.26    20.0    56.143    33.106    29.732    14.142    70.711    84.9    16.0    2.0    49.477    59.228    38.053    30.067    18.868    53.852    86.371    52.154    76.026    26.0    50.0    71.554    61.188    44.721    12.166    
6     72.25    94.763    11.314    52.038    89.107    0         84.119    53.852    27.203    64.031    67.201    82.0    73.539    37.577    119.281    68.0    52.498    91.586    98.326    62.29    41.231    107.48    91.608    77.201    37.577    43.081    64.031    21.26    82.462    18.111    11.662    78.0    107.201    84.309    20.0    94.021    36.0    85.884    74.027    76.551    115.603    58.0    60.133    78.102    74.431    10.0    88.023    89.443    40.05    30.067    100.499    96.602    83.57    93.381    22.091    106.827    63.561    105.109    108.812    30.0    38.21    49.193    89.844    
7     75.153    55.714    73.348    43.909    29.53    84.119    0         54.918    67.882    39.294    20.0    68.819    25.06    58.31    36.878    46.519    40.0    8.944    40.0    71.47    64.0    36.056    14.0    18.0    68.819    58.0    75.895    79.246    15.62    75.286    74.324    40.2    26.833    56.639    64.405    10.0    55.172    2.0    42.0    14.142    34.986    43.081    38.626    36.222    43.267    83.235    44.272    27.785    50.99    58.138    16.971    12.649    10.77    24.739    74.216    27.857    51.264    24.083    27.785    76.577    48.083    34.986    18.439    
8     26.077    96.54    43.681    57.689    76.942    53.852    54.918    0         58.31    65.115    35.44    30.067    32.062    16.492    80.05    15.62    17.205    58.034    88.589    18.439    14.142    61.741    54.148    60.828    67.469    10.77    22.804    64.125    44.045    36.715    42.379    76.577    67.469    30.463    38.21    62.129    52.498    56.886    74.967    57.271    74.726    62.801    60.959    74.027    22.804    59.666    85.604    76.026    52.0    49.031    66.03    66.272    61.351    50.0    33.287    65.97    10.0    78.918    69.426    68.118    25.298    36.878    70.228    
9     82.462    68.118    24.083    27.857    65.788    27.203    67.882    58.31    0         39.294    55.57    88.363    65.391    43.174    104.69    68.264    48.662    76.42    73.756    72.801    50.596    97.755    78.409    56.604    11.314    49.031    75.895    11.662    71.021    35.384    26.907    52.612    93.723    86.209    22.361    77.795    12.806    69.311    48.374    57.201    102.176    32.985    36.056    53.367    72.993    20.0    62.29    66.483    17.205    10.77    84.853    79.398    64.405    83.355    38.419    94.021    66.0    85.44    95.016    10.198    34.059    34.986    68.964    
10    90.907    33.106    56.321    12.0    26.833    64.031    39.294    65.115    39.294    0         39.294    90.554    51.42    57.689    74.243    66.242    48.415    48.083    34.525    83.451    66.03    74.967    52.953    22.361    34.986    61.221    87.681    50.596    50.0    64.031    58.549    14.142    65.788    82.462    49.031    47.539    28.071    39.85    10.77    25.298    73.539    6.325    4.472    14.142    67.231    58.856    24.331    27.785    24.0    34.0    54.626    47.413    31.305    62.129    65.146    67.052    67.676    49.518    66.483    44.721    43.267    28.284    32.558    
11    57.689    65.605    56.036    38.053    42.802    67.201    20.0    35.44    55.57    39.294    0         53.814    12.166    38.471    52.154    29.732    20.0    25.298    54.406    52.802    44.0    42.19    24.413    26.907    59.464    38.0    57.271    66.03    15.62    56.462    56.604    46.648    40.0    43.909    47.202    28.636    43.863    22.0    46.519    22.804    48.415    40.2    36.497    43.267    28.844    67.882    54.037    41.617    40.497    44.944    34.176    32.249    26.0    27.785    55.027    39.699    33.287    44.045    41.617    65.299    29.53    20.591    34.928    
12    14.422    119.331    72.691    85.088    96.208    82.0    68.819    30.067    88.363    90.554    53.814    0         44.045    46.043    80.895    24.413    43.081    68.0    107.629    21.633    40.792    58.138    61.741    80.623    97.324    40.05    22.627    94.021    53.852    64.031    71.021    100.0    69.857    14.142    68.029    72.471    82.0    70.456    99.298    76.368    74.673    89.443    86.833    96.83    25.612    88.814    107.815    94.847    81.043    78.918    73.539    76.942    78.102    52.498    60.166    67.469    23.409    90.355    71.805    98.184    54.918    63.561    86.833    
13    50.16    76.551    62.225    50.0    52.345    73.539    25.06    32.062    65.391    51.42    12.166    44.045    0         40.249    48.703    21.541    21.633    26.306    63.655    47.074    43.681    33.941    22.091    37.202    70.342    37.947    51.42    75.18    12.0    60.465    62.29    58.138    36.056    32.802    53.814    30.594    54.406    26.833    58.31    32.802    43.863    52.345    48.662    54.589    18.439    75.604    64.9    50.912    51.42    54.626    34.0    34.928    34.059    20.0    58.31    34.928    26.683    48.083    37.947    75.392    35.384    31.048    42.802    
14    39.294    90.554    27.203    48.166    74.726    37.577    58.31    16.492    43.174    57.689    38.471    46.043    40.249    0         88.769    30.529    18.974    63.561    86.023    29.732    8.485    73.239    61.351    59.228    53.141    6.0    33.106    48.0    51.264    21.26    26.0    70.711    76.158    46.819    22.0    67.082    39.446    60.299    68.264    56.569    84.095    54.037    53.254    68.877    37.202    43.174    80.498    74.216    40.0    34.928    72.277    70.711    62.129    60.033    18.439    75.153    26.0    82.098    78.0    52.612    14.422    30.463    70.456    
15    92.087    80.1    108.167    80.449    54.918    119.281    36.878    80.05    104.69    74.243    52.154    80.895    48.703    88.769    0         66.483    69.857    28.284    60.0    92.195    92.347    23.409    27.785    51.884    105.603    86.649    96.083    115.966    37.577    108.24    108.757    70.88    12.649    66.753    99.298    27.203    92.022    35.609    74.0    49.396    6.325    78.892    74.431    67.052    60.133    119.331    70.711    52.953    87.864    94.763    20.0    26.833    42.942    30.265    106.452    14.142    72.691    30.0    10.77    113.455    81.633    70.937    43.681    
16    28.636    95.016    57.271    61.351    72.471    68.0    46.519    15.62    68.264    66.242    29.732    24.413    21.541    30.529    66.483    0         20.1    47.539    84.024    26.077    29.732    46.819    42.426    56.639    76.026    25.612    30.265    75.71    32.985    51.614    56.356    75.604    54.148    18.0    50.596    51.923    60.133    48.332    74.887    52.498    60.828    65.391    62.61    72.471    7.211    72.801    83.546    71.218    58.549    58.034    54.589    56.321    54.918    36.222    48.415    52.345    6.325    69.57    56.143    78.409    34.234    39.85    63.812    
17    42.521    79.398    41.231    42.048    59.933    52.498    40.0    17.205    48.662    48.415    20.0    43.081    21.633    18.974    69.857    20.1    0         44.721    71.554    35.609    24.0    55.317    42.379    43.863    56.0    18.0    40.0    56.921    32.311    38.833    41.037    59.464    57.271    38.053    33.287    48.374    40.05    42.0    58.0    40.497    65.299    46.648    44.407    56.851    24.331    55.57    68.411    59.093    38.471    38.21    53.367    52.154    45.122    41.617    36.715    56.356    19.698    64.031    59.093    58.856    15.232    20.591    53.852    
18    75.895    62.097    80.623    52.839    35.44    91.586    8.944    58.034    76.42    48.083    25.298    68.0    26.306    63.561    28.284    47.539    44.721    0         44.721    73.348    68.469    28.071    7.211    26.306    77.666    62.514    77.666    87.681    14.56    81.707    81.413    48.0    17.889    54.918    71.694    4.472    63.781    8.246    50.16    22.804    26.077    52.0    47.539    44.0    43.081    91.214    50.99    33.526    59.666    66.483    8.944    8.944    18.0    18.868    80.324    18.974    52.953    22.361    18.868    85.276    54.626    42.802    23.409    
19    112.071    20.396    90.0    46.39    11.662    98.326    40.0    88.589    73.756    34.525    54.406    107.629    63.655    86.023    60.0    84.024    71.554    44.721    0         106.677    93.638    71.47    51.884    27.785    68.352    88.023    111.14    84.9    55.606    96.519    92.022    21.541    57.271    96.208    82.098    41.231    62.514    38.833    26.0    31.623    62.29    40.792    38.21    20.396    82.073    93.381    14.142    12.806    58.31    68.264    45.607    37.947    29.732    63.53    97.015    59.666    87.658    30.0    56.886    78.435    72.277    55.785    21.633    
20    10.0    114.978    54.037    75.604    95.016    62.29    71.47    18.439    72.801    83.451    52.802    21.633    47.074    29.732    92.195    26.077    35.609    73.348    106.677    0         22.361    71.386    68.469    78.892    82.873    24.166    4.472    76.655    58.856    44.181    52.0    95.016    80.025    30.529    50.99    77.666    68.877    73.376    93.381    75.18    86.371    80.92    79.246    92.455    32.062    70.0    104.019    94.021    68.964    64.622    80.623    82.0    78.791    62.032    40.2    78.102    20.396    95.079    82.024    82.0    42.19    55.172    87.727    
21    32.249    98.793    32.062    56.639    82.219    41.231    64.0    14.142    50.596    66.03    44.0    40.792    43.681    8.485    92.347    29.732    24.0    68.469    93.638    22.361    0         75.18    65.513    66.483    60.926    6.0    25.298    54.332    55.317    23.409    30.265    78.892    79.699    43.909    28.636    72.25    47.707    66.0    76.551    63.561    87.316    62.482    61.612    76.942    36.878    48.166    88.589    81.609    48.415    42.942    76.942    76.105    68.731    62.769    19.698    78.435    24.083    88.023    81.609    59.666    22.804    38.471    77.279    
22    70.114    89.822    96.167    77.795    63.151    107.48    36.056    61.741    97.755    74.967    42.19    58.138    33.941    73.239    23.409    46.819    55.317    28.071    71.47    71.386    75.18    0         22.091    54.037    101.134    69.971    74.967    108.167    26.833    94.021    96.208    76.026    15.62    44.045    87.727    30.594    85.884    36.0    78.026    50.16    17.088    78.102    73.756    72.028    39.85    109.343    78.918    61.188    82.292    87.132    26.0    33.526    46.043    14.422    91.608    12.806    53.141    43.909    16.971    107.424    69.311    62.769    50.99    
23    70.342    68.964    80.449    56.462    42.379    91.608    14.0    54.148    78.409    52.953    24.413    61.741    22.091    61.351    27.785    42.426    42.379    7.211    51.884    68.469    65.513    22.091    0         32.0    80.623    59.666    72.691    89.376    10.198    80.498    80.994    54.148    15.62    48.374    71.61    11.314    66.03    14.142    56.0    28.071    24.083    56.321    51.923    50.16    37.363    92.022    57.723    40.497    62.129    68.118    12.166    15.62    24.331    11.662    78.791    15.62    48.166    28.844    17.205    87.658    53.852    43.863    30.463    
24    84.404    39.446    67.469    29.732    16.125    77.201    18.0    60.828    56.604    22.361    26.907    80.623    37.202    59.228    51.884    56.639    43.863    26.306    27.785    78.892    66.483    54.037    32.0    0         55.172    60.729    83.355    68.264    31.623    72.111    69.051    22.361    43.681    70.0    58.856    25.298    43.909    18.111    24.0    4.472    51.264    27.203    22.804    18.439    55.317    74.324    27.785    15.232    39.446    48.332    32.311    25.06    8.944    42.426    72.0    45.122    60.0    28.844    44.272    64.031    46.174    30.0    12.649    
25    92.347    60.133    35.384    25.456    61.774    37.577    68.819    67.469    11.314    34.986    59.464    97.324    70.342    53.141    105.603    76.026    56.0    77.666    68.352    82.873    60.926    101.134    80.623    55.172    0         58.822    86.163    18.111    74.324    46.69    38.21    46.819    95.415    94.021    33.287    78.409    16.125    70.0    42.379    56.639    103.73    28.844    32.802    48.332    80.1    29.12    55.785    62.769    18.974    18.439    85.604    79.398    63.655    86.925    49.679    96.042    74.431    83.738    96.519    10.198    42.426    39.294    66.843    
26    33.526    93.744    32.985    52.345    76.551    43.081    58.0    10.77    49.031    61.221    38.0    40.05    37.947    6.0    86.649    25.612    18.0    62.514    88.023    24.166    6.0    69.971    59.666    60.729    58.822    0         27.785    54.0    49.477    26.077    31.623    73.783    74.0    41.231    28.0    66.272    44.721    60.0    71.61    57.723    81.707    58.0    56.851    71.694    32.558    49.031    83.355    75.895    44.944    40.497    71.021    70.114    62.801    57.271    22.804    72.801    20.591    82.024    75.895    58.549    18.439    33.287    71.386    
27    8.944    119.331    56.321    79.649    99.479    64.031    75.895    22.804    75.895    87.681    57.271    22.627    51.42    33.106    96.083    30.265    40.0    77.666    111.14    4.472    25.298    74.967    72.691    83.355    86.163    27.785    0         79.246    63.151    46.0    54.148    99.358    84.0    33.106    53.852    82.0    72.471    77.795    97.673    79.649    90.2    85.041    83.451    96.83    36.0    72.111    108.407    98.489    72.719    68.029    84.853    86.348    83.259    66.0    42.0    82.024    24.739    99.459    86.0    84.9    46.043    59.397    92.195    
28    86.579    78.026    23.409    39.395    77.253    21.26    79.246    64.125    11.662    50.596    66.03    94.021    75.18    48.0    115.966    75.71    56.921    87.681    84.9    76.655    54.332    108.167    89.376    68.264    18.111    54.0    79.246    0         81.609    34.928    26.0    63.561    104.805    93.381    26.0    89.196    24.413    80.722    59.228    68.819    113.278    44.272    47.539    64.56    81.043    11.662    72.993    78.0    28.844    21.26    96.208    90.907    76.026    93.744    38.626    104.995    72.691    97.098    106.151    8.944    41.761    45.607    80.623    
29    61.351    70.682    71.218    51.42    44.944    82.462    15.62    44.045    71.021    50.0    15.62    53.852    12.0    51.264    37.577    32.985    32.311    14.56    55.606    58.856    55.317    26.833    10.198    31.623    74.324    49.477    63.151    81.609    0         70.711    71.61    53.852    25.06    41.231    62.482    18.974    59.059    16.971    54.918    27.203    33.287    52.345    48.166    50.0    28.636    83.451    59.093    43.267    55.462    60.465    22.0    23.409    26.077    12.649    68.877    24.413    38.471    36.77    26.833    80.623    44.407    36.056    34.059    
30    54.148    96.768    11.662    52.498    86.093    18.111    75.286    36.715    35.384    64.031    56.462    64.031    60.465    21.26    108.24    51.614    38.833    81.707    96.519    44.181    23.409    94.021    80.498    72.111    46.69    26.077    46.0    34.928    70.711    0         8.944    78.102    95.771    67.082    15.232    84.758    38.471    77.201    74.726    70.456    103.942    58.822    59.666    77.279    58.412    26.306    88.295    86.023    41.231    32.249    90.62    87.932    76.942    80.449    4.0    95.016    46.648    98.061    97.529    42.19    27.203    42.19    84.38    
31    62.0    90.708    2.828    46.69    82.098    11.662    74.324    42.379    26.907    58.549    56.604    71.021    62.29    26.0    108.757    56.356    41.037    81.413    92.022    52.0    30.265    96.208    80.994    69.051    38.21    31.623    54.148    26.0    71.61    8.944    0         72.691    96.519    72.801    10.198    84.095    31.623    76.158    69.051    67.912    104.862    52.953    54.332    72.25    62.769    18.0    82.873    82.219    34.928    25.298    90.355    86.925    74.726    82.219    12.649    96.021    52.0    96.167    98.184    33.287    27.203    39.85    81.584    
32    101.823    20.0    70.456    26.077    17.205    78.0    40.2    76.577    52.612    14.142    46.648    100.0    58.138    70.711    70.88    75.604    59.464    48.0    21.541    95.016    78.892    76.026    54.148    22.361    46.819    73.783    99.358    63.561    53.852    78.102    72.691    0         64.498    90.554    63.151    46.174    42.0    40.05    4.472    26.683    71.386    20.0    18.439    4.0    75.472    72.443    10.198    18.868    38.053    48.042    52.612    44.721    30.0    64.777    79.12    66.272    77.897    42.942    64.777    56.921    56.356    40.497    27.203    
33    80.399    76.42    96.021    70.711    50.04    107.201    26.833    67.469    93.723    65.788    40.0    69.857    36.056    76.158    12.649    54.148    57.271    17.889    57.271    80.025    79.699    15.62    15.62    43.681    95.415    74.0    84.0    104.805    25.06    95.771    96.519    64.498    0         55.785    87.201    18.439    81.216    26.0    67.082    40.497    8.485    69.857    65.391    60.531    48.0    107.629    66.03    48.042    77.201    83.546    12.0    20.0    34.928    18.0    93.915    2.828    60.299    28.636    2.0    102.801    69.34    59.397    38.0    
34    26.683    109.289    74.0    78.588    85.041    84.309    56.639    30.463    86.209    82.462    43.909    14.142    32.802    46.819    66.753    18.0    38.053    54.918    96.208    30.529    43.909    44.045    48.374    70.0    94.021    41.231    33.106    93.381    41.231    67.082    72.801    90.554    55.785    0         67.912    59.363    78.102    58.138    90.355    65.605    60.531    82.219    79.12    87.132    15.232    89.844    97.652    83.546    76.42    76.026    59.933    63.812    66.483    38.626    63.53    53.367    20.881    77.175    57.723    96.333    52.154    57.271    74.967    
35    60.828    81.609    8.944    37.363    72.028    20.0    64.405    38.21    22.361    49.031    47.202    68.029    53.814    22.0    99.298    50.596    33.287    71.694    82.098    50.99    28.636    87.727    71.61    58.856    33.287    28.0    53.852    26.0    62.482    15.232    10.198    63.151    87.201    67.912    0         74.243    23.324    66.212    59.666    57.723    95.603    43.681    44.721    62.514    56.462    22.361    73.348    72.111    26.0    17.205    80.623    76.968    64.56    73.539    17.205    86.833    47.074    86.023    88.814    31.048    18.439    29.732    71.386    
36    80.324    59.228    83.187    53.254    32.558    94.021    10.0    62.129    77.795    47.539    28.636    72.471    30.594    67.082    27.203    51.923    48.374    4.472    41.231    77.666    72.25    30.594    11.314    25.298    78.409    66.272    82.0    89.196    18.974    84.758    84.095    46.174    18.439    59.363    74.243    0         65.054    8.485    48.662    22.361    26.0    51.884    47.413    42.19    47.539    93.231    48.374    30.594    60.828    68.118    7.211    4.472    16.492    22.804    83.522    20.1    57.271    17.889    18.974    86.371    57.585    44.944    20.396    
37    78.0    59.228    29.12    16.125    53.852    36.0    55.172    52.498    12.806    28.071    43.863    82.0    54.406    39.446    92.022    60.133    40.05    63.781    62.514    68.877    47.707    85.884    66.03    43.909    16.125    44.721    72.471    24.413    59.059    38.471    31.623    42.0    81.216    78.102    23.324    65.054    0         56.569    38.053    44.407    89.644    22.0    24.331    42.19    64.031    31.048    52.038    54.406    4.472    6.325    72.139    66.603    51.614    71.554    40.497    81.609    58.856    72.719    82.462    21.633    27.203    23.409    56.356    
38    76.968    55.027    75.153    44.944    28.636    85.884    2.0    56.886    69.311    39.85    22.0    70.456    26.833    60.299    35.609    48.332    42.0    8.246    38.833    73.376    66.0    36.0    14.142    18.111    70.0    60.0    77.795    80.722    16.971    77.201    76.158    40.05    26.0    58.138    66.212    8.485    56.569    0         42.048    14.56    34.0    43.863    39.395    36.056    44.944    84.876    43.681    26.833    52.345    59.666    15.62    10.77    10.198    25.298    76.158    27.203    53.141    22.091    26.833    77.897    50.0    36.715    17.205    
39    100.499    22.361    66.753    22.361    21.26    74.027    42.0    74.967    48.374    10.77    46.519    99.298    58.31    68.264    74.0    74.887    58.0    50.16    26.0    93.381    76.551    78.026    56.0    24.0    42.379    71.61    97.673    59.228    54.918    74.726    69.051    4.472    67.082    90.355    59.666    48.662    38.053    42.048    0         28.071    74.216    16.125    15.232    7.211    75.18    68.264    14.0    22.804    34.234    44.181    55.317    47.539    32.249    66.272    75.895    68.731    76.837    46.648    67.469    52.498    53.852    38.419    30.463    
40    80.449    43.909    66.483    31.241    20.0    76.551    14.142    57.271    57.201    25.298    22.804    76.368    32.802    56.569    49.396    52.498    40.497    22.804    31.623    75.18    63.561    50.16    28.071    4.472    56.639    57.723    79.649    68.819    27.203    70.456    67.912    26.683    40.497    65.605    57.723    22.361    44.407    14.56    28.071    0         48.332    29.53    25.06    22.804    50.99    74.243    32.249    18.868    40.0    48.374    29.53    22.804    7.211    38.21    70.114    41.761    56.036    28.636    41.231    65.115    44.0    28.284    14.0    
41    86.023    82.024    104.403    78.892    56.143    115.603    34.986    74.726    102.176    73.539    48.415    74.673    43.863    84.095    6.325    60.828    65.299    26.077    62.29    86.371    87.316    17.088    24.083    51.264    103.73    81.707    90.2    113.278    33.287    103.942    104.862    71.386    8.485    60.531    95.603    26.0    89.644    34.0    74.216    48.332    0         77.82    73.348    67.469    54.332    116.103    72.111    54.148    85.604    92.022    18.974    26.683    42.379    24.739    102.0    8.944    67.082    32.558    7.211    111.212    77.666    67.882    44.407    
42    88.814    37.947    50.636    6.325    33.106    58.0    43.081    62.801    32.985    6.325    40.2    89.443    52.345    54.037    78.892    65.391    46.648    52.0    40.792    80.92    62.482    78.102    56.321    27.203    28.844    58.0    85.041    44.272    52.345    58.822    52.953    20.0    69.857    82.219    43.681    51.884    22.0    43.863    16.125    29.53    77.82    0         4.472    20.396    67.052    52.612    30.067    34.0    18.111    28.071    59.059    52.154    36.056    64.777    60.166    70.937    66.242    55.172    70.682    38.471    39.699    26.077    38.21    
43    86.833    37.577    52.154    8.246    29.732    60.133    38.626    60.959    36.056    4.472    36.497    86.833    48.662    53.254    74.431    62.61    44.407    47.539    38.21    79.246    61.612    73.756    51.923    22.804    32.802    56.851    83.451    47.539    48.166    59.666    54.332    18.439    65.391    79.12    44.721    47.413    24.331    39.395    15.232    25.06    73.348    4.472    0         18.0    63.906    55.317    28.636    30.463    20.1    30.067    54.589    47.707    31.623    60.531    60.729    66.483    63.812    50.99    66.212    42.19    38.833    24.083    34.059    
44    99.035    22.627    70.114    26.077    14.142    78.102    36.222    74.027    53.367    14.142    43.267    96.83    54.589    68.877    67.052    72.471    56.851    44.0    20.396    92.455    76.942    72.028    50.16    18.439    48.332    71.694    96.83    64.56    50.0    77.279    72.25    4.0    60.531    87.132    62.514    42.19    42.19    36.056    7.211    22.804    67.469    20.396    18.0    0         72.111    72.993    11.662    15.62    38.053    48.042    48.662    40.792    26.0    60.828    78.102    62.29    74.967    39.446    60.828    58.31    54.626    38.471    23.409    
45    32.985    94.403    63.53    63.561    70.711    74.431    43.267    22.804    72.993    67.231    28.844    25.612    18.439    37.202    60.133    7.211    24.331    43.081    82.073    32.062    36.878    39.85    37.363    55.317    80.1    32.558    36.0    81.043    28.636    58.412    62.769    75.472    48.0    15.232    56.462    47.539    64.031    44.944    75.18    50.99    54.332    67.052    63.906    72.111    0         78.791    82.801    69.311    62.032    62.514    49.477    52.0    52.498    30.0    55.317    46.043    13.416    65.391    50.0    83.187    39.294    42.426    61.221    
46    80.0    88.091    16.125    47.074    84.9    10.0    83.235    59.666    20.0    58.856    67.882    88.814    75.604    43.174    119.331    72.801    55.57    91.214    93.381    70.0    48.166    109.343    92.022    74.324    29.12    49.031    72.111    11.662    83.451    26.306    18.0    72.443    107.629    89.844    22.361    93.231    31.048    84.876    68.264    74.243    116.103    52.612    55.317    72.993    78.791    0         82.219    85.44    35.44    26.0    100.0    95.415    81.413    95.016    30.265    107.517    68.964    102.859    109.124    20.591    40.497    48.415    86.925    
47    110.454    11.662    80.623    36.222    16.0    88.023    44.272    85.604    62.29    24.331    54.037    107.815    64.9    80.498    70.711    83.546    68.411    50.99    14.142    104.019    88.589    78.918    57.723    27.785    55.785    83.355    108.407    72.993    59.093    88.295    82.873    10.198    66.03    97.652    73.348    48.374    52.038    43.681    14.0    32.249    72.111    30.067    28.636    11.662    82.801    82.219    0         18.0    48.166    58.138    54.037    46.043    33.526    68.964    89.286    68.118    86.279    41.231    66.0    65.97    66.212    50.12    28.071    
48    99.298    28.636    80.399    38.626    2.0    89.443    27.785    76.026    66.483    27.785    41.617    94.847    50.912    74.216    52.953    71.218    59.093    33.526    12.806    94.021    81.609    61.188    40.497    15.232    62.769    75.895    98.489    78.0    43.267    86.023    82.219    18.868    48.042    83.546    72.111    30.594    54.406    26.833    22.804    18.868    54.148    34.0    30.463    15.62    69.311    85.44    18.0    0         50.0    59.666    36.056    28.071    17.205    52.0    86.209    50.16    74.887    24.166    48.0    72.471    60.828    44.407    10.198    
49    77.82    55.785    32.558    12.0    49.477    40.05    50.99    52.0    17.205    24.0    40.497    81.043    51.42    40.0    87.864    58.549    38.471    59.666    58.31    68.964    48.415    82.292    62.129    39.446    18.974    44.944    72.719    28.844    55.462    41.231    34.928    38.053    77.201    76.42    26.0    60.828    4.472    52.345    34.234    40.0    85.604    18.111    20.1    38.053    62.032    35.44    48.166    50.0    0         10.0    67.941    62.29    47.202    68.029    42.942    77.666    57.723    68.264    78.409    25.612    26.833    20.396    51.884    
50    74.0    65.513    22.804    22.0    59.228    30.067    58.138    49.031    10.77    34.0    44.944    78.918    54.626    34.928    94.763    58.034    38.21    66.483    68.264    64.622    42.942    87.132    68.118    48.332    18.439    40.497    68.029    21.26    60.465    32.249    25.298    48.042    83.546    76.026    17.205    68.118    6.325    59.666    44.181    48.374    92.022    28.071    30.067    48.042    62.514    26.0    58.138    59.666    10.0    0         75.073    70.0    55.57    72.719    34.409    83.738    56.143    76.942    84.9    20.881    24.083    24.413    60.926    
51    82.462    64.498    89.554    60.465    38.053    100.499    16.971    66.03    84.853    54.626    34.176    73.539    34.0    72.277    20.0    54.589    53.367    8.944    45.607    80.623    76.942    26.0    12.166    32.311    85.604    71.021    84.853    96.208    22.0    90.62    90.355    52.612    12.0    59.933    80.623    7.211    72.139    15.62    55.317    29.53    18.974    59.059    54.589    48.662    49.477    100.0    54.037    36.056    67.941    75.073    0         8.0    23.409    21.633    89.196    14.142    60.299    18.439    12.166    93.509    63.561    51.614    26.0    
52    84.758    56.569    85.907    54.037    30.067    96.602    12.649    66.272    79.398    47.413    32.249    76.942    34.928    70.711    26.833    56.321    52.154    8.944    37.947    82.0    76.105    33.526    15.62    25.06    79.398    70.114    86.348    90.907    23.409    87.932    86.925    44.721    20.0    63.812    76.968    4.472    66.603    10.77    47.539    22.804    26.683    52.154    47.707    40.792    52.0    95.415    46.043    28.071    62.29    70.0    8.0    0         16.125    26.907    86.833    22.091    61.612    13.416    20.1    87.681    60.729    47.413    18.0    
53    83.355    44.944    73.376    38.21    18.868    83.57    10.77    61.351    64.405    31.305    26.0    78.102    34.059    62.129    42.942    54.918    45.122    18.0    29.732    78.791    68.731    46.043    24.331    8.944    63.655    62.801    83.259    76.026    26.077    76.942    74.726    30.0    34.928    66.483    64.56    16.492    51.614    10.198    32.249    7.211    42.379    36.056    31.623    26.0    52.498    81.413    33.526    17.205    47.202    55.57    23.409    16.125    0         35.44    76.42    36.497    59.059    21.541    35.44    72.25    50.16    34.928    8.944    
54    62.514    80.324    82.073    64.031    53.852    93.381    24.739    50.0    83.355    62.129    27.785    52.498    20.0    60.033    30.265    36.222    41.617    18.868    63.53    62.032    62.769    14.422    11.662    42.426    86.925    57.271    66.0    93.744    12.649    80.449    82.219    64.777    18.0    38.626    73.539    22.804    71.554    25.298    66.272    38.21    24.739    64.777    60.531    60.828    30.0    95.016    68.964    52.0    68.029    72.719    21.633    26.907    35.44    0         78.23    16.125    42.426    39.699    20.0    93.059    55.172    48.374    42.048    
55    50.16    98.082    15.232    53.852    86.371    22.091    74.216    33.287    38.419    65.146    55.027    60.166    58.31    18.439    106.452    48.415    36.715    80.324    97.015    40.2    19.698    91.608    78.791    72.0    49.679    22.804    42.0    38.626    68.877    4.0    12.649    79.12    93.915    63.53    17.205    83.522    40.497    76.158    75.895    70.114    102.0    60.166    60.729    78.102    55.317    30.265    89.286    86.209    42.942    34.409    89.196    86.833    76.42    78.23    0         93.059    43.267    97.324    95.708    45.651    26.306    42.0    84.095    
56    78.23    78.638    95.603    71.554    52.154    106.827    27.857    65.97    94.021    67.052    39.699    67.469    34.928    75.153    14.142    52.345    56.356    18.974    59.666    78.102    78.435    12.806    15.62    45.122    96.042    72.801    82.024    104.995    24.413    95.016    96.021    66.272    2.828    53.367    86.833    20.1    81.609    27.203    68.731    41.761    8.944    70.937    66.483    62.29    46.043    107.517    68.118    50.16    77.666    83.738    14.142    22.091    36.497    16.125    93.059    0         58.549    31.305    4.472    103.228    68.819    59.464    40.05    
57    24.413    97.591    53.141    61.741    76.026    63.561    51.264    10.0    66.0    67.676    33.287    23.409    26.683    26.0    72.691    6.325    19.698    52.953    87.658    20.396    24.083    53.141    48.166    60.0    74.431    20.591    24.739    72.691    38.471    46.648    52.0    77.897    60.299    20.881    47.074    57.271    58.856    53.141    76.837    56.036    67.082    66.242    63.812    74.967    13.416    68.964    86.279    74.887    57.723    56.143    60.299    61.612    59.059    42.426    43.267    58.549    0         74.726    62.29    76.026    32.062    40.249    68.0    
58    98.082    50.16    94.868    58.412    26.0    105.109    24.083    78.918    85.44    49.518    44.045    90.355    48.083    82.098    30.0    69.57    64.031    22.361    30.0    95.079    88.023    43.909    28.844    28.844    83.738    82.024    99.459    97.098    36.77    98.061    96.167    42.942    28.636    77.175    86.023    17.889    72.719    22.091    46.648    28.636    32.558    55.172    50.99    39.446    65.391    102.859    41.231    24.166    68.264    76.942    18.439    13.416    21.541    39.699    97.324    31.305    74.726    0         27.857    92.801    71.021    56.321    16.971    
59    82.389    76.236    97.652    71.694    50.0    108.812    27.785    69.426    95.016    66.483    41.617    71.805    37.947    78.0    10.77    56.143    59.093    18.868    56.886    82.024    81.609    16.971    17.205    44.272    96.519    75.895    86.0    106.151    26.833    97.529    98.184    64.777    2.0    57.723    88.814    18.974    82.462    26.833    67.469    41.231    7.211    70.682    66.212    60.828    50.0    109.124    66.0    48.0    78.409    84.9    12.166    20.1    35.44    20.0    95.708    4.472    62.29    27.857    0         104.019    71.021    60.828    38.053    
60    91.782    70.257    30.529    34.409    71.554    30.0    76.577    68.118    10.198    44.721    65.299    98.184    75.392    52.612    113.455    78.409    58.856    85.276    78.435    82.0    59.666    107.424    87.658    64.031    10.198    58.549    84.9    8.944    80.623    42.19    33.287    56.921    102.801    96.333    31.048    86.371    21.633    77.897    52.498    65.115    111.212    38.471    42.19    58.31    83.187    20.591    65.97    72.471    25.612    20.881    93.509    87.681    72.25    93.059    45.651    103.228    76.026    92.801    104.019    0         44.181    44.721    76.026    
61    50.99    76.158    26.907    33.941    61.188    38.21    48.083    25.298    34.059    43.267    29.53    54.918    35.384    14.422    81.633    34.234    15.232    54.626    72.277    42.19    22.804    69.311    53.852    46.174    42.426    18.439    46.043    41.761    44.407    27.203    27.203    56.356    69.34    52.154    18.439    57.585    27.203    50.0    53.852    44.0    77.666    39.699    38.833    54.626    39.294    40.497    66.212    60.828    26.833    24.083    63.561    60.729    50.16    55.172    26.306    68.819    32.062    71.021    71.021    44.181    0         16.492    58.0    
62    62.801    60.465    38.626    21.541    44.721    49.193    34.986    36.878    34.986    28.284    20.591    63.561    31.048    30.463    70.937    39.85    20.591    42.802    55.785    55.172    38.471    62.769    43.863    30.0    39.294    33.287    59.397    45.607    36.056    42.19    39.85    40.497    59.397    57.271    29.732    44.944    23.409    36.715    38.419    28.284    67.882    26.077    24.083    38.471    42.426    48.415    50.12    44.407    20.396    24.413    51.614    47.413    34.928    48.374    42.0    59.464    40.249    56.321    60.828    44.721    16.492    0         42.19    
63    92.282    38.833    80.05    41.617    12.166    89.844    18.439    70.228    68.964    32.558    34.928    86.833    42.802    70.456    43.681    63.812    53.852    23.409    21.633    87.727    77.279    50.99    30.463    12.649    66.843    71.386    92.195    80.623    34.059    84.38    81.584    27.203    38.0    74.967    71.386    20.396    56.356    17.205    30.463    14.0    44.407    38.21    34.059    23.409    61.221    86.925    28.071    10.198    51.884    60.926    26.0    18.0    8.944    42.048    84.095    40.05    68.0    16.971    38.053    76.026    58.0    42.19    0         


Demandas:
1: 0.0
2: 4.0
3: 18.0
4: 22.0
5: 14.0
6: 5.0
7: 9.0
8: 7.0
9: 20.0
10: 19.0
11: 7.0
12: 18.0
13: 20.0
14: 2.0
15: 11.0
16: 10.0
