+-+-+-+-+-+-+-+-+-+-+-+-+-+-+ GRAFO CARGADO +-+-+-+-+-+-+-+-+-+-+-+-+-+-+-
        1         2         3         4         5         6         7         8         9         10        11        12        13        14        15        16        17        18        19        20        21        22        23        24        25        26        27        28        29        30        31        32        33
1     0         26.401    60.803    61.074    59.169    34.655    31.016    36.674    56.613    71.847    12.728    43.012    35.468    28.018    14.036    64.637    39.661    24.698    30.083    41.485    61.911    23.345    49.336    55.154    42.45    21.471    57.723    36.359    5.831    68.352    37.537    31.064    9.434    
2     26.401    0         35.355    39.0    40.447    14.0    5.0    10.296    36.139    46.098    25.0    37.643    45.354    5.099    14.142    38.949    63.655    20.025    4.0    16.0    35.805    39.446    37.108    60.208    46.098    45.343    46.098    62.65    32.202    53.151    62.626    50.359    26.87    
3     60.803    35.355    0         14.866    24.207    27.313    32.016    25.612    18.868    11.18    60.208    62.586    77.827    32.802    49.497    4.123    99.005    51.971    32.65    26.571    5.657    74.202    35.735    71.589    60.208    80.66    40.311    97.082    66.611    61.847    97.837    77.369    62.225    
4     61.074    39.0    14.866    0         9.849    26.627    37.363    31.575    6.083    20.881    63.53    72.111    84.119    34.886    52.355    17.205    100.603    58.241    37.643    36.014    20.518    78.262    24.0    60.133    50.359    82.201    26.571    96.208    66.603    75.273    98.595    71.589    64.661    
5     59.169    40.447    24.207    9.849    0         26.683    40.012    35.128    5.831    30.676    63.569    76.164    85.703    35.693    52.498    26.926    98.793    60.407    40.05    41.231    29.833    78.435    15.524    51.0    42.202    80.623    16.763    92.849    64.351    82.347    96.26    65.513    64.078    
6     34.655    14.0    27.313    26.627    26.683    0         14.866    12.728    22.847    38.484    37.162    51.196    59.034    9.055    26.0    31.385    74.027    34.015    14.56    21.26    29.833    52.0    23.77    51.971    38.484    55.606    32.573    70.434    40.311    63.253    72.18    50.636    38.079    
7     31.016    5.0    32.016    37.363    40.012    14.866    0         6.403    35.228    42.426    28.284    36.497    46.819    7.81    18.028    35.384    67.357    20.881    1.0    11.0    31.89    42.202    38.626    64.031    50.0    49.204    47.434    67.082    36.77    49.497    66.611    55.326    30.61    
8     36.674    10.296    25.612    31.575    35.128    12.728    6.403    0         30.0    36.069    34.655    41.049    52.924    10.0    24.207    29.0    73.661    26.926    7.071    8.602    25.612    48.6    35.847    64.351    50.606    55.444    44.283    72.945    42.485    50.606    72.801    59.008    36.878    
9     56.613    36.139    18.868    6.083    5.831    22.847    35.228    30.0    0         26.476    60.008    71.028    81.492    31.623    48.847    21.932    96.26    55.902    35.355    35.693    24.413    74.847    18.028    54.231    44.283    77.936    21.471    91.22    62.008    76.557    94.021    65.742    60.828    
10    71.847    46.098    11.18    20.881    30.676    38.484    42.426    36.069    26.476    0         70.711    70.228    87.132    43.829    60.208    7.211    109.713    61.612    43.139    35.511    10.817    84.386    44.407    80.623    70.0    91.439    47.434    108.167    77.666    65.192    108.706    88.323    72.918    
11    12.728    25.0    60.208    63.53    63.569    37.162    28.284    34.655    60.008    70.711    0         30.529    24.331    28.653    11.18    63.655    39.205    14.0    27.586    36.892    60.141    14.866    56.321    67.082    53.852    21.471    65.192    41.231    15.232    57.009    38.949    43.6    4.123    
12    43.012    37.643    62.586    72.111    76.164    51.196    36.497    41.049    71.028    70.228    30.529    0         23.409    42.72    33.422    64.56    57.559    20.0    36.674    36.346    59.775    31.064    74.726    94.403    80.449    45.398    83.678    66.272    45.651    29.017    60.075    74.061    34.482    
13    35.468    45.354    77.827    84.119    85.703    59.034    46.819    52.924    81.492    87.132    24.331    23.409    0         50.01    34.015    80.623    35.0    26.0    46.487    51.624    76.322    13.454    80.025    90.62    77.795    26.926    89.006    46.174    34.986    51.788    38.328    63.411    26.249    
14    28.018    5.099    32.802    34.886    35.693    9.055    7.81    10.0    31.623    43.829    28.653    42.72    50.01    0         17.493    36.62    66.528    25.0    7.071    17.72    34.0    43.382    32.016    56.223    42.202    48.104    41.0    64.351    33.838    57.28    65.115    49.01    30.0    
15    14.036    14.142    49.497    52.355    52.498    26.0    18.028    24.207    48.847    60.208    11.18    33.422    34.015    17.493    0         53.075    49.518    13.454    17.205    27.857    49.82    26.0    46.011    61.033    47.17    31.241    55.0    49.244    19.416    55.902    48.6    43.081    12.728    
16    64.637    38.949    4.123    17.205    26.926    31.385    35.384    29.0    21.932    7.211    63.655    64.56    80.623    36.62    53.075    0         102.591    54.918    36.069    29.069    5.0    77.466    39.294    75.313    64.125    84.291    43.382    100.955    70.456    61.984    101.533    81.492    65.795    
17    39.661    63.655    99.005    100.603    98.793    74.027    67.357    73.661    96.26    109.713    39.205    57.559    35.0    66.528    49.518    102.591    0         51.0    66.603    76.026    99.247    27.857    88.142    84.006    74.813    18.439    96.005    16.643    34.482    86.47    5.831    50.16    36.797    
18    24.698    20.025    51.971    58.241    60.407    34.015    20.881    26.926    55.902    61.612    14.0    20.0    26.0    25.0    13.454    54.918    51.0    0         20.616    26.249    50.804    23.601    56.569    74.404    60.465    34.482    65.62    54.918    28.636    43.658    51.624    55.471    18.028    
19    30.083    4.0    32.65    37.643    40.05    14.56    1.0    7.071    35.355    43.139    27.586    36.674    46.487    7.071    17.205    36.069    66.603    20.616    0         12.0    32.65    41.617    38.275    63.253    49.204    48.415    47.127    66.189    35.847    50.21    65.803    54.332    29.833    
20    41.485    16.0    26.571    36.014    41.231    21.26    11.0    8.602    35.693    35.511    36.892    36.346    51.624    17.72    27.857    29.069    76.026    26.249    12.0    0         24.698    49.518    43.829    72.945    59.169    58.31    51.971    77.078    47.127    42.438    75.802    66.272    39.825    
21    61.911    35.805    5.657    20.518    29.833    29.833    31.89    25.612    24.413    10.817    60.141    59.775    76.322    34.0    49.82    5.0    99.247    50.804    32.65    24.698    0         73.661    40.853    76.4    64.63    81.056    45.793    98.27    67.742    57.07    98.407    80.411    62.482    
22    23.345    39.446    74.202    78.262    78.435    52.0    42.202    48.6    74.847    84.386    14.866    31.064    13.454    43.382    26.0    77.466    27.857    23.601    41.617    49.518    73.661    0         70.859    78.109    65.734    14.56    79.63    35.228    21.932    60.008    29.428    50.0    15.033    
23    49.336    37.108    35.735    24.0    15.524    23.77    38.626    35.847    18.028    44.407    56.321    74.726    80.025    32.016    46.011    39.294    88.142    56.569    38.275    43.829    40.853    70.859    0         36.222    26.683    70.576    9.055    80.449    53.852    86.267    85.0    50.804    55.902    
24    55.154    60.208    71.589    60.133    51.0    51.971    64.031    64.351    54.231    80.623    67.082    94.403    90.62    56.223    61.033    75.313    84.006    74.404    63.253    72.945    76.4    78.109    36.222    0         14.142    70.859    35.355    70.711    56.321    113.358    79.101    34.366    64.475    
25    42.45    46.098    60.208    50.359    42.202    38.484    50.0    50.606    44.283    70.0    53.852    80.449    77.795    42.202    47.17    64.125    74.813    60.465    49.204    59.169    64.63    65.734    26.683    14.142    0         60.008    29.155    63.246    44.407    99.247    70.406    28.302    51.546    
26    21.471    45.343    80.66    82.201    80.623    55.606    49.204    55.444    77.936    91.439    21.471    45.398    26.926    48.104    31.241    84.291    18.439    34.482    48.415    58.31    81.056    14.56    70.576    70.859    60.008    0         78.746    21.0    16.763    74.169    17.493    39.395    18.601    
27    57.723    46.098    40.311    26.571    16.763    32.573    47.434    44.283    21.471    47.434    65.192    83.678    89.006    41.0    55.0    43.382    96.005    65.62    47.127    51.971    45.793    79.63    9.055    35.355    29.155    78.746    0         87.464    61.984    94.34    92.612    55.866    64.63    
28    36.359    62.65    97.082    96.208    92.849    70.434    67.082    72.945    91.22    108.167    41.231    66.272    46.174    64.351    49.244    100.955    16.643    54.918    66.189    77.078    98.27    35.228    80.449    70.711    63.246    21.0    87.464    0         30.529    95.131    10.817    36.346    37.643    
29    5.831    32.202    66.611    66.603    64.351    40.311    36.77    42.485    62.008    77.666    15.232    45.651    34.986    33.838    19.416    70.456    34.482    28.636    35.847    47.127    67.742    21.932    53.852    56.321    44.407    16.763    61.984    30.529    0         72.125    32.016    29.0    11.18    
30    68.352    53.151    61.847    75.273    82.347    63.253    49.497    50.606    76.557    65.192    57.009    29.017    51.788    57.28    55.902    61.984    86.47    43.658    50.21    42.438    57.07    60.008    86.267    113.358    99.247    74.169    94.34    95.131    72.125    0         89.09    98.899    61.131    
31    37.537    62.626    97.837    98.595    96.26    72.18    66.611    72.801    94.021    108.706    38.949    60.075    38.328    65.115    48.6    101.533    5.831    51.624    65.803    75.802    98.407    29.428    85.0    79.101    70.406    17.493    92.612    10.817    32.016    89.09    0         45.011    36.056    
32    31.064    50.359    77.369    71.589    65.513    50.636    55.326    59.008    65.742    88.323    43.6    74.061    63.411    49.01    43.081    81.492    50.16    55.471    54.332    66.272    80.411    50.0    50.804    34.366    28.302    39.395    55.866    36.346    29.0    98.899    45.011    0         39.825    
33    9.434    26.87    62.225    64.661    64.078    38.079    30.61    36.878    60.828    72.918    4.123    34.482    26.249    30.0    12.728    65.795    36.797    18.028    29.833    39.825    62.482    15.033    55.902    64.475    51.546    18.601    64.63    37.643    11.18    61.131    36.056    39.825    0         


Demandas:
1: 0.0
2: 26.0
3: 17.0
4: 6.0
5: 15.0
6: 7.0
7: 5.0
8: 15.0
9: 16.0
10: 17.0
11: 1.0
12: 21.0
13: 66.0
14: 25.0
15: 16.0
16: 11.0
17: 7.0
18: 17.0
19: 17.0
20: 22.0
21: 10.0
22: 25.0
23: 16.0
24: 7.0
25: 21.0
26: 11.0
27: 21.0
28: 11.0
29: 21.0
30: 22.0
31: 25.0
32: 2.0
33: 22.0
+-+-+-+-+-+-+-+-+-+-+-+-+-+-+-+ SOLUCION INICIAL +-+-+-+-+-+-+-+-+-+-+-+-+-+-+-+-

Ruta #1: [1, 2, 18, 19, 14]
Costo asociado: 102.131      Capacidad: 85.0

Ruta #2: [1, 4, 6, 5, 9, 3, 10, 21, 16]
Costo asociado: 230.717      Capacidad: 99.0

Ruta #3: [1, 7, 8, 20, 12, 30, 11]
Costo asociado: 181.12099999999998      Capacidad: 86.0

Ruta #4: [1, 13, 22]
Costo asociado: 72.267      Capacidad: 91.0

Ruta #5: [1, 17, 33, 26, 31, 28, 29]
Costo asociado: 159.72899999999998      Capacidad: 97.0

Ruta #6: [1, 24, 32, 25, 23, 27, 15]
Costo asociado: 222.596      Capacidad: 83.0

--> Costo total: 968.5610000000001          Capacidad total: 541.0

+-+-+-+-+-+-+-+-+-+-+-+-+-+-+-+-+-+-+-+-+-+-+-+-+- Iteracion 1  +-+-+-+-+-+-+-+-+-+-+-+-+-+-+-+-+-+-+-+-+-+-+-+-+-


Ruta #1: [1, 14, 19, 2, 18]
Costo asociado: 83.812      Capacidad: 85.0

Ruta #2: [1, 4, 6, 5, 9, 3, 10, 21, 16]
Costo asociado: 230.717      Capacidad: 99.0

Ruta #3: [1, 7, 8, 20, 12, 30, 11]
Costo asociado: 181.12099999999998      Capacidad: 86.0

Ruta #4: [1, 13, 22]
Costo asociado: 72.267      Capacidad: 91.0

Ruta #5: [1, 17, 33, 26, 31, 28, 29]
Costo asociado: 159.72899999999998      Capacidad: 97.0

Ruta #6: [1, 24, 32, 25, 23, 27, 15]
Costo asociado: 222.596      Capacidad: 83.0

--> Costo total: 950.242          Capacidad total: 541.0

La solución anterior duró 0min 0seg    -------> Nuevo optimo local. Costo: 950.242       ==> Optimo: 742.0  Desvio: 28.1%
Lista tabu: []

+-+-+-+-+-+-+-+-+-+-+-+-+-+-+-+-+-+-+-+-+-+-+-+-+- Iteracion 3  +-+-+-+-+-+-+-+-+-+-+-+-+-+-+-+-+-+-+-+-+-+-+-+-+-


Ruta #1: [1, 14, 19, 2, 18]
Costo asociado: 83.812      Capacidad: 85.0

Ruta #2: [1, 4, 6, 5, 9, 3, 10, 21, 16]
Costo asociado: 230.717      Capacidad: 99.0

Ruta #3: [1, 7, 8, 20, 12, 30, 11]
Costo asociado: 181.12099999999998      Capacidad: 86.0

Ruta #4: [1, 13, 22]
Costo asociado: 72.267      Capacidad: 91.0

Ruta #5: [1, 26, 33, 17, 31, 28, 29]
Costo asociado: 129.87699999999998      Capacidad: 97.0

Ruta #6: [1, 24, 32, 25, 23, 27, 15]
Costo asociado: 222.596      Capacidad: 83.0

--> Costo total: 920.3899999999999          Capacidad total: 541.0

La solución anterior duró 0min 0seg    -------> Nuevo optimo local. Costo: 920.39       ==> Optimo: 742.0  Desvio: 24.0%
Lista tabu: [((18,19,20.616),9), ((1,2,26.401),9), ((19,2,4.0),7), ((26,31,17.493),6), ((28,29,30.529),6), ((26,28,21.0),5)]

+-+-+-+-+-+-+-+-+-+-+-+-+-+-+-+-+-+-+-+-+-+-+-+-+- Iteracion 4  +-+-+-+-+-+-+-+-+-+-+-+-+-+-+-+-+-+-+-+-+-+-+-+-+-


Ruta #1: [1, 14, 2, 19, 18]
Costo asociado: 82.43100000000001      Capacidad: 85.0

Ruta #2: [1, 4, 6, 5, 9, 3, 10, 21, 16]
Costo asociado: 230.717      Capacidad: 99.0

Ruta #3: [1, 7, 8, 20, 12, 30, 11]
Costo asociado: 181.12099999999998      Capacidad: 86.0

Ruta #4: [1, 13, 22]
Costo asociado: 72.267      Capacidad: 91.0

Ruta #5: [1, 26, 33, 17, 31, 28, 29]
Costo asociado: 129.87699999999998      Capacidad: 97.0

Ruta #6: [1, 24, 32, 25, 23, 27, 15]
Costo asociado: 222.596      Capacidad: 83.0

--> Costo total: 919.009          Capacidad total: 541.0

La solución anterior duró 0min 0seg    -------> Nuevo optimo local. Costo: 919.009       ==> Optimo: 742.0  Desvio: 23.9%
Lista tabu: [((18,19,20.616),8), ((1,2,26.401),8), ((19,2,4.0),6), ((26,31,17.493),5), ((28,29,30.529),5), ((26,28,21.0),4), ((1,17,39.661),10), ((26,31,17.493),10), ((1,26,21.471),8)]

+-+-+-+-+-+-+-+-+-+-+-+-+-+-+-+-+-+-+-+-+-+-+-+-+- Iteracion 5  +-+-+-+-+-+-+-+-+-+-+-+-+-+-+-+-+-+-+-+-+-+-+-+-+-


Ruta #1: [1, 14, 2, 19, 18]
Costo asociado: 82.43100000000001      Capacidad: 85.0

Ruta #2: [1, 4, 6, 5, 9, 3, 21, 10, 16]
Costo asociado: 227.40500000000003      Capacidad: 99.0

Ruta #3: [1, 7, 8, 20, 12, 30, 11]
Costo asociado: 181.12099999999998      Capacidad: 86.0

Ruta #4: [1, 13, 22]
Costo asociado: 72.267      Capacidad: 91.0

Ruta #5: [1, 26, 33, 17, 31, 28, 29]
Costo asociado: 129.87699999999998      Capacidad: 97.0

Ruta #6: [1, 24, 32, 25, 23, 27, 15]
Costo asociado: 222.596      Capacidad: 83.0

--> Costo total: 915.6969999999999          Capacidad total: 541.0

La solución anterior duró 0min 0seg    -------> Nuevo optimo local. Costo: 915.697       ==> Optimo: 742.0  Desvio: 23.400000000000002%
Lista tabu: [((18,19,20.616),7), ((1,2,26.401),7), ((19,2,4.0),5), ((26,31,17.493),4), ((28,29,30.529),4), ((26,28,21.0),3), ((1,17,39.661),9), ((26,31,17.493),9), ((1,26,21.471),7), ((14,19,7.071),10), ((2,18,20.025),10), ((2,14,5.099),8)]

+-+-+-+-+-+-+-+-+-+-+-+-+-+-+-+-+-+-+-+-+-+-+-+-+- Iteracion 6  +-+-+-+-+-+-+-+-+-+-+-+-+-+-+-+-+-+-+-+-+-+-+-+-+-


Ruta #1: [1, 14, 2, 19, 18]
Costo asociado: 82.43100000000001      Capacidad: 85.0

Ruta #2: [1, 4, 6, 5, 9, 16, 10, 21, 3]
Costo asociado: 226.63500000000002      Capacidad: 99.0

Ruta #3: [1, 7, 8, 20, 12, 30, 11]
Costo asociado: 181.12099999999998      Capacidad: 86.0

Ruta #4: [1, 13, 22]
Costo asociado: 72.267      Capacidad: 91.0

Ruta #5: [1, 26, 33, 17, 31, 28, 29]
Costo asociado: 129.87699999999998      Capacidad: 97.0

Ruta #6: [1, 24, 32, 25, 23, 27, 15]
Costo asociado: 222.596      Capacidad: 83.0

--> Costo total: 914.9269999999999          Capacidad total: 541.0

La solución anterior duró 0min 0seg    -------> Nuevo optimo local. Costo: 914.927       ==> Optimo: 742.0  Desvio: 23.3%
Lista tabu: [((18,19,20.616),6), ((1,2,26.401),6), ((19,2,4.0),4), ((26,31,17.493),3), ((28,29,30.529),3), ((26,28,21.0),2), ((1,17,39.661),8), ((26,31,17.493),8), ((1,26,21.471),6), ((14,19,7.071),9), ((2,18,20.025),9), ((2,14,5.099),7), ((3,10,11.18),10), ((21,16,5.0),10), ((3,21,5.657),8)]

+-+-+-+-+-+-+-+-+-+-+-+-+-+-+-+-+-+-+-+-+-+-+-+-+- Iteracion 7  +-+-+-+-+-+-+-+-+-+-+-+-+-+-+-+-+-+-+-+-+-+-+-+-+-


Ruta #1: [1, 14, 2, 19, 18]
Costo asociado: 82.43100000000001      Capacidad: 85.0

Ruta #2: [1, 3, 21, 10, 16, 4, 6, 5, 9]
Costo asociado: 217.44699999999997      Capacidad: 99.0

Ruta #3: [1, 7, 8, 20, 12, 30, 11]
Costo asociado: 181.12099999999998      Capacidad: 86.0

Ruta #4: [1, 13, 22]
Costo asociado: 72.267      Capacidad: 91.0

Ruta #5: [1, 26, 33, 17, 31, 28, 29]
Costo asociado: 129.87699999999998      Capacidad: 97.0

Ruta #6: [1, 24, 32, 25, 23, 27, 15]
Costo asociado: 222.596      Capacidad: 83.0

--> Costo total: 905.7389999999999          Capacidad total: 541.0

La solución anterior duró 0min 0seg    -------> Nuevo optimo local. Costo: 905.739       ==> Optimo: 742.0  Desvio: 22.1%
Lista tabu: [((18,19,20.616),5), ((1,2,26.401),5), ((19,2,4.0),3), ((26,31,17.493),2), ((28,29,30.529),2), ((26,28,21.0),1), ((1,17,39.661),7), ((26,31,17.493),7), ((1,26,21.471),5), ((14,19,7.071),8), ((2,18,20.025),8), ((2,14,5.099),6), ((3,10,11.18),9), ((21,16,5.0),9), ((3,21,5.657),7), ((9,3,18.868),10), ((16,1,64.637),10), ((9,16,21.932),8)]

+-+-+-+-+-+-+-+-+-+-+-+-+-+-+-+-+-+-+-+-+-+-+-+-+- Iteracion 8  +-+-+-+-+-+-+-+-+-+-+-+-+-+-+-+-+-+-+-+-+-+-+-+-+-


Ruta #1: [1, 14, 2, 19, 18]
Costo asociado: 82.43100000000001      Capacidad: 85.0

Ruta #2: [1, 3, 21, 10, 16, 4, 6, 9, 5]
Costo asociado: 216.16699999999997      Capacidad: 99.0

Ruta #3: [1, 7, 8, 20, 12, 30, 11]
Costo asociado: 181.12099999999998      Capacidad: 86.0

Ruta #4: [1, 13, 22]
Costo asociado: 72.267      Capacidad: 91.0

Ruta #5: [1, 26, 33, 17, 31, 28, 29]
Costo asociado: 129.87699999999998      Capacidad: 97.0

Ruta #6: [1, 24, 32, 25, 23, 27, 15]
Costo asociado: 222.596      Capacidad: 83.0

--> Costo total: 904.4589999999998          Capacidad total: 541.0

La solución anterior duró 0min 0seg    -------> Nuevo optimo local. Costo: 904.459       ==> Optimo: 742.0  Desvio: 21.9%
Lista tabu: [((18,19,20.616),4), ((1,2,26.401),4), ((19,2,4.0),2), ((26,31,17.493),1), ((28,29,30.529),1), ((1,17,39.661),6), ((26,31,17.493),6), ((1,26,21.471),4), ((14,19,7.071),7), ((2,18,20.025),7), ((2,14,5.099),5), ((3,10,11.18),8), ((21,16,5.0),8), ((3,21,5.657),6), ((9,3,18.868),9), ((16,1,64.637),9), ((9,16,21.932),7), ((9,16,21.932),10), ((1,4,61.074),10), ((16,4,17.205),8)]

+-+-+-+-+-+-+-+-+-+-+-+-+-+-+-+-+-+-+-+-+-+-+-+-+- Iteracion 11  +-+-+-+-+-+-+-+-+-+-+-+-+-+-+-+-+-+-+-+-+-+-+-+-+-


Ruta #1: [1, 14, 2, 19, 18]
Costo asociado: 82.43100000000001      Capacidad: 85.0

Ruta #2: [1, 3, 21, 10, 16, 4, 6, 9, 5]
Costo asociado: 216.16699999999997      Capacidad: 99.0

Ruta #3: [1, 7, 8, 20, 12, 30, 11]
Costo asociado: 181.12099999999998      Capacidad: 86.0

Ruta #4: [1, 13, 22]
Costo asociado: 72.267      Capacidad: 91.0

Ruta #5: [1, 29, 33, 17, 31, 28, 26]
Costo asociado: 112.92699999999999      Capacidad: 97.0

Ruta #6: [1, 24, 32, 25, 23, 27, 15]
Costo asociado: 222.596      Capacidad: 83.0

--> Costo total: 887.5089999999999          Capacidad total: 541.0

La solución anterior duró 0min 0seg    -------> Nuevo optimo local. Costo: 887.509       ==> Optimo: 742.0  Desvio: 19.6%
Lista tabu: [((18,19,20.616),1), ((1,2,26.401),1), ((1,17,39.661),3), ((26,31,17.493),3), ((1,26,21.471),1), ((14,19,7.071),4), ((2,18,20.025),4), ((2,14,5.099),2), ((3,10,11.18),5), ((21,16,5.0),5), ((3,21,5.657),3), ((9,3,18.868),6), ((16,1,64.637),6), ((9,16,21.932),4), ((9,16,21.932),7), ((1,4,61.074),7), ((16,4,17.205),5), ((6,5,26.683),8), ((9,1,56.613),8), ((6,9,22.847),6), ((16,4,17.205),5), ((9,5,5.831),5), ((9,16,21.932),4), ((16,4,17.205),6), ((9,5,5.831),6), ((9,16,21.932),5)]

+-+-+-+-+-+-+-+-+-+-+-+-+-+-+-+-+-+-+-+-+-+-+-+-+- Iteracion 12  +-+-+-+-+-+-+-+-+-+-+-+-+-+-+-+-+-+-+-+-+-+-+-+-+-


Ruta #1: [1, 14, 2, 19, 18]
Costo asociado: 82.43100000000001      Capacidad: 85.0

Ruta #2: [1, 3, 21, 10, 16, 4, 6, 9, 5]
Costo asociado: 216.16699999999997      Capacidad: 99.0

Ruta #3: [1, 7, 8, 20, 12, 30, 11]
Costo asociado: 181.12099999999998      Capacidad: 86.0

Ruta #4: [1, 13, 22]
Costo asociado: 72.267      Capacidad: 91.0

Ruta #5: [1, 29, 33, 26, 28, 31, 17]
Costo asociado: 112.921      Capacidad: 97.0

Ruta #6: [1, 24, 32, 25, 23, 27, 15]
Costo asociado: 222.596      Capacidad: 83.0

--> Costo total: 887.5029999999999          Capacidad total: 541.0

La solución anterior duró 0min 0seg    -------> Nuevo optimo local. Costo: 887.503       ==> Optimo: 742.0  Desvio: 19.6%
Lista tabu: [((1,17,39.661),2), ((26,31,17.493),2), ((14,19,7.071),3), ((2,18,20.025),3), ((2,14,5.099),1), ((3,10,11.18),4), ((21,16,5.0),4), ((3,21,5.657),2), ((9,3,18.868),5), ((16,1,64.637),5), ((9,16,21.932),3), ((9,16,21.932),6), ((1,4,61.074),6), ((16,4,17.205),4), ((6,5,26.683),7), ((9,1,56.613),7), ((6,9,22.847),5), ((16,4,17.205),4), ((9,5,5.831),4), ((9,16,21.932),3), ((16,4,17.205),5), ((9,5,5.831),5), ((9,16,21.932),4), ((28,29,30.529),10), ((26,33,18.601),10), ((33,29,11.18),8)]

+-+-+-+-+-+-+-+-+-+-+-+-+-+-+-+-+-+-+-+-+-+-+-+-+- Iteracion 17  +-+-+-+-+-+-+-+-+-+-+-+-+-+-+-+-+-+-+-+-+-+-+-+-+-


Ruta #1: [1, 14, 2, 19, 18]
Costo asociado: 82.43100000000001      Capacidad: 85.0

Ruta #2: [1, 3, 21, 10, 16, 4, 6, 9, 5]
Costo asociado: 216.16699999999997      Capacidad: 99.0

Ruta #3: [1, 7, 8, 20, 12, 30, 11]
Costo asociado: 181.12099999999998      Capacidad: 86.0

Ruta #4: [1, 13, 22]
Costo asociado: 72.267      Capacidad: 91.0

Ruta #5: [1, 29, 33, 26, 17, 31, 28]
Costo asociado: 107.05799999999999      Capacidad: 97.0

Ruta #6: [1, 24, 32, 25, 23, 27, 15]
Costo asociado: 222.596      Capacidad: 83.0

--> Costo total: 881.6399999999999          Capacidad total: 541.0

La solución anterior duró 0min 0seg    -------> Nuevo optimo local. Costo: 881.64       ==> Optimo: 742.0  Desvio: 18.8%
Lista tabu: [((9,16,21.932),1), ((1,4,61.074),1), ((6,5,26.683),2), ((9,1,56.613),2), ((28,29,30.529),5), ((26,33,18.601),5), ((33,29,11.18),3), ((33,17,36.797),6), ((26,1,21.471),6), ((26,33,18.601),4), ((14,2,5.099),3), ((8,20,8.602),3), ((14,20,17.72),2), ((16,4,17.205),4), ((9,5,5.831),4), ((9,16,21.932),3), ((33,26,18.601),5), ((1,29,5.831),5), ((26,29,16.763),4), ((14,2,5.099),6), ((19,18,20.616),6), ((14,19,7.071),5)]

+-+-+-+-+-+-+-+-+-+-+-+-+-+-+-+-+-+-+-+-+-+-+-+-+- Iteracion 22  +-+-+-+-+-+-+-+-+-+-+-+-+-+-+-+-+-+-+-+-+-+-+-+-+-


Ruta #1: [1, 14, 2, 19, 18]
Costo asociado: 82.43100000000001      Capacidad: 85.0

Ruta #2: [1, 3, 21, 10, 16, 4, 6, 9, 5]
Costo asociado: 216.16699999999997      Capacidad: 99.0

Ruta #3: [1, 7, 8, 20, 12, 30, 11]
Costo asociado: 181.12099999999998      Capacidad: 86.0

Ruta #4: [1, 13, 22]
Costo asociado: 72.267      Capacidad: 91.0

Ruta #5: [1, 29, 33, 26, 17, 31, 28]
Costo asociado: 107.05799999999999      Capacidad: 97.0

Ruta #6: [1, 15, 27, 23, 25, 24, 32]
Costo asociado: 184.34599999999998      Capacidad: 83.0

--> Costo total: 843.3899999999999          Capacidad total: 541.0

La solución anterior duró 0min 0seg    -------> Nuevo optimo local. Costo: 843.39       ==> Optimo: 742.0  Desvio: 13.700000000000001%
Lista tabu: [((33,17,36.797),1), ((26,1,21.471),1), ((14,2,5.099),1), ((19,18,20.616),1), ((26,28,21.0),6), ((17,1,39.661),6), ((17,26,18.439),4), ((14,2,5.099),3), ((19,18,20.616),3), ((14,19,7.071),2), ((3,21,5.657),4), ((16,4,17.205),4), ((3,16,4.123),3), ((16,4,17.205),5), ((3,21,5.657),5), ((4,21,20.518),4), ((8,20,8.602),6), ((14,2,5.099),6), ((2,8,10.296),5)]

+-+-+-+-+-+-+-+-+-+-+-+-+-+-+-+-+-+-+-+-+-+-+-+-+- Iteracion 24  +-+-+-+-+-+-+-+-+-+-+-+-+-+-+-+-+-+-+-+-+-+-+-+-+-


Ruta #1: [1, 14, 2, 19, 18]
Costo asociado: 82.43100000000001      Capacidad: 85.0

Ruta #2: [1, 3, 21, 16, 10, 4, 6, 9, 5]
Costo asociado: 214.02599999999995      Capacidad: 99.0

Ruta #3: [1, 7, 8, 20, 12, 30, 11]
Costo asociado: 181.12099999999998      Capacidad: 86.0

Ruta #4: [1, 13, 22]
Costo asociado: 72.267      Capacidad: 91.0

Ruta #5: [1, 29, 33, 26, 17, 31, 28]
Costo asociado: 107.05799999999999      Capacidad: 97.0

Ruta #6: [1, 15, 27, 23, 25, 24, 32]
Costo asociado: 184.34599999999998      Capacidad: 83.0

--> Costo total: 841.249          Capacidad total: 541.0

La solución anterior duró 0min 0seg    -------> Nuevo optimo local. Costo: 841.249       ==> Optimo: 742.0  Desvio: 13.4%
Lista tabu: [((26,28,21.0),4), ((17,1,39.661),4), ((17,26,18.439),2), ((14,2,5.099),1), ((19,18,20.616),1), ((3,21,5.657),2), ((16,4,17.205),2), ((3,16,4.123),1), ((16,4,17.205),3), ((3,21,5.657),3), ((4,21,20.518),2), ((8,20,8.602),4), ((14,2,5.099),4), ((2,8,10.296),3), ((32,25,28.302),9), ((1,24,55.154),9), ((25,24,14.142),7), ((1,29,5.831),6), ((33,26,18.601),6), ((1,33,9.434),5)]

+-+-+-+-+-+-+-+-+-+-+-+-+-+-+-+-+-+-+-+-+-+-+-+-+- Iteracion 31  +-+-+-+-+-+-+-+-+-+-+-+-+-+-+-+-+-+-+-+-+-+-+-+-+-


Ruta #1: [1, 14, 2, 19, 18]
Costo asociado: 82.43100000000001      Capacidad: 85.0

Ruta #2: [1, 5, 9, 3, 21, 16, 10, 4, 6]
Costo asociado: 183.899      Capacidad: 99.0

Ruta #3: [1, 7, 8, 20, 12, 30, 11]
Costo asociado: 181.12099999999998      Capacidad: 86.0

Ruta #4: [1, 13, 22]
Costo asociado: 72.267      Capacidad: 91.0

Ruta #5: [1, 29, 33, 26, 17, 31, 28]
Costo asociado: 107.05799999999999      Capacidad: 97.0

Ruta #6: [1, 15, 27, 23, 25, 24, 32]
Costo asociado: 184.34599999999998      Capacidad: 83.0

--> Costo total: 811.1220000000001          Capacidad total: 541.0

La solución anterior duró 0min 0seg    -------> Nuevo optimo local. Costo: 811.122       ==> Optimo: 742.0  Desvio: 9.3%
Lista tabu: [((32,25,28.302),2), ((1,24,55.154),2), ((21,10,10.817),4), ((16,4,17.205),4), ((16,21,5.0),2), ((7,8,6.403),1), ((1,14,28.018),1), ((6,9,22.847),2), ((21,16,5.0),2), ((9,16,21.932),1), ((20,12,36.346),3), ((2,19,4.0),3), ((19,20,12.0),2), ((33,26,18.601),4), ((1,29,5.831),4), ((26,29,16.763),3), ((21,16,5.0),5), ((1,3,60.803),5), ((3,16,4.123),4), ((3,21,5.657),6), ((10,4,20.881),6), ((3,10,11.18),5)]

+-+-+-+-+-+-+-+-+-+-+-+-+-+-+-+-+-+-+-+-+-+-+-+-+- Iteracion 66  +-+-+-+-+-+-+-+-+-+-+-+-+-+-+-+-+-+-+-+-+-+-+-+-+-


Ruta #1: [1, 14, 2, 19, 18]
Costo asociado: 82.43100000000001      Capacidad: 85.0

Ruta #2: [1, 5, 9, 4, 10, 16, 21, 3, 6]
Costo asociado: 171.79999999999998      Capacidad: 99.0

Ruta #3: [1, 7, 8, 20, 12, 30, 11]
Costo asociado: 181.12099999999998      Capacidad: 86.0

Ruta #4: [1, 13, 22]
Costo asociado: 72.267      Capacidad: 91.0

Ruta #5: [1, 29, 33, 26, 17, 31, 28]
Costo asociado: 107.05799999999999      Capacidad: 97.0

Ruta #6: [1, 15, 27, 23, 25, 24, 32]
Costo asociado: 184.34599999999998      Capacidad: 83.0

--> Costo total: 799.0229999999999          Capacidad total: 541.0

La solución anterior duró 0min 0seg    -------> Nuevo optimo local. Costo: 799.023       ==> Optimo: 742.0  Desvio: 7.7%
Lista tabu: [((3,21,5.657),1), ((16,10,7.211),1), ((8,20,8.602),2), ((14,2,5.099),2), ((2,8,10.296),1), ((10,4,20.881),3), ((21,16,5.0),3), ((16,4,17.205),2), ((8,20,8.602),4), ((14,2,5.099),4), ((2,8,10.296),3), ((1,29,5.831),5), ((33,26,18.601),5), ((1,33,9.434),4), ((20,12,36.346),6), ((2,19,4.0),6), ((19,20,12.0),5)]

+-+-+-+-+-+-+-+-+-+-+-+-+-+-+-+-+-+-+-+-+-+-+-+-+- Iteracion 69  +-+-+-+-+-+-+-+-+-+-+-+-+-+-+-+-+-+-+-+-+-+-+-+-+-


Ruta #1: [1, 14, 27, 23, 25, 24, 32]
Costo asociado: 184.328      Capacidad: 92.0

Ruta #2: [1, 5, 9, 4, 10, 16, 21, 3, 6]
Costo asociado: 171.79999999999998      Capacidad: 99.0

Ruta #3: [1, 7, 8, 20, 12, 30, 11]
Costo asociado: 181.12099999999998      Capacidad: 86.0

Ruta #4: [1, 13, 22]
Costo asociado: 72.267      Capacidad: 91.0

Ruta #5: [1, 29, 33, 26, 17, 31, 28]
Costo asociado: 107.05799999999999      Capacidad: 97.0

Ruta #6: [1, 15, 2, 19, 18]
Costo asociado: 77.49199999999999      Capacidad: 76.0

--> Costo total: 794.066          Capacidad total: 541.0

La solución anterior duró 0min 0seg    -------> Nuevo optimo local. Costo: 794.066       ==> Optimo: 742.0  Desvio: 7.000000000000001%
Lista tabu: [((8,20,8.602),1), ((14,2,5.099),1), ((1,29,5.831),2), ((33,26,18.601),2), ((1,33,9.434),1), ((20,12,36.346),3), ((2,19,4.0),3), ((19,20,12.0),2), ((9,3,18.868),8), ((4,6,26.627),8), ((4,9,6.083),6), ((7,8,6.403),5), ((1,14,28.018),5), ((7,14,7.81),4), ((9,4,6.083),6), ((3,6,27.313),6), ((9,3,18.868),5)]

Ruta #1: [1, 14, 2, 19, 18]
Costo asociado: 82.43100000000001      Capacidad: 85.0

Ruta #2: [1, 5, 9, 4, 10, 16, 21, 3, 6]
Costo asociado: 171.79999999999998      Capacidad: 99.0

Ruta #3: [1, 7, 8, 20, 12, 30, 11]
Costo asociado: 181.12099999999998      Capacidad: 86.0

Ruta #4: [1, 13, 22]
Costo asociado: 72.267      Capacidad: 91.0

Ruta #5: [1, 29, 33, 26, 17, 31, 28]
Costo asociado: 107.05799999999999      Capacidad: 97.0

Ruta #6: [1, 15, 27, 23, 25, 24, 32]
Costo asociado: 184.34599999999998      Capacidad: 83.0

--> Costo total: 799.0229999999999          Capacidad total: 541.0

+-+-+-+-+-+-+-+-+-+-+-+-+-+-+-+-+-+-+-+-+-+-+-+-+- Iteracion 590  +-+-+-+-+-+-+-+-+-+-+-+-+-+-+-+-+-+-+-+-+-+-+-+-+-


Ruta #1: [1, 14, 27, 23, 25, 24, 32]
Costo asociado: 184.328      Capacidad: 92.0

Ruta #2: [1, 5, 9, 4, 10, 16, 21, 3, 6]
Costo asociado: 171.79999999999998      Capacidad: 99.0

Ruta #3: [1, 7, 8, 20, 12, 30, 11]
Costo asociado: 181.12099999999998      Capacidad: 86.0

Ruta #4: [1, 13, 22]
Costo asociado: 72.267      Capacidad: 91.0

Ruta #5: [1, 29, 33, 26, 17, 31, 28]
Costo asociado: 107.05799999999999      Capacidad: 97.0

Ruta #6: [1, 15, 2, 19, 18]
Costo asociado: 77.49199999999999      Capacidad: 76.0

--> Costo total: 794.066          Capacidad total: 541.0

+-+-+-+-+-+-+-+-+-+-+-+-+-+-+-+-+-+-+-+-+-+-+-+-+- Iteracion 590  +-+-+-+-+-+-+-+-+-+-+-+-+-+-+-+-+-+-+-+-+-+-+-+-+-

Solucion peor. Costo: 794.066
Lista tabu: [((19,18,20.616),1), ((14,2,5.099),1), ((15,27,55.0),2), ((29,33,11.18),2), ((15,33,12.728),1), ((31,28,10.817),3), ((26,17,18.439),3), ((17,28,16.643),2), ((7,8,6.403),4), ((1,14,28.018),4), ((7,14,7.81),3), ((15,27,55.0),5), ((29,33,11.18),5), ((15,33,12.728),4), ((9,4,6.083),6), ((3,6,27.313),6), ((9,3,18.868),5)]

Ruta #1: [1, 14, 2, 19, 18]
Costo asociado: 82.43100000000001      Capacidad: 85.0

Ruta #2: [1, 5, 9, 3, 21, 16, 10, 4, 6]
Costo asociado: 183.899      Capacidad: 99.0

Ruta #3: [1, 7, 8, 20, 12, 30, 11]
Costo asociado: 181.12099999999998      Capacidad: 86.0

Ruta #4: [1, 13, 22]
Costo asociado: 72.267      Capacidad: 91.0

Ruta #5: [1, 29, 33, 26, 17, 31, 28]
Costo asociado: 107.05799999999999      Capacidad: 97.0

Ruta #6: [1, 15, 27, 23, 25, 24, 32]
Costo asociado: 184.34599999999998      Capacidad: 83.0

--> Costo total: 811.1220000000001          Capacidad total: 541.0

+-+-+-+-+-+-+-+-+-+-+-+-+-+-+-+-+-+-+-+-+-+-+-+-+- Iteracion 930  +-+-+-+-+-+-+-+-+-+-+-+-+-+-+-+-+-+-+-+-+-+-+-+-+-


Ruta #1: [1, 14, 27, 23, 25, 24, 32]
Costo asociado: 184.328      Capacidad: 92.0

Ruta #2: [1, 5, 9, 3, 21, 16, 10, 4, 6]
Costo asociado: 183.899      Capacidad: 99.0

Ruta #3: [1, 7, 8, 20, 12, 30, 11]
Costo asociado: 181.12099999999998      Capacidad: 86.0

Ruta #4: [1, 13, 22]
Costo asociado: 72.267      Capacidad: 91.0

Ruta #5: [1, 29, 33, 26, 17, 31, 28]
Costo asociado: 107.05799999999999      Capacidad: 97.0

Ruta #6: [1, 15, 2, 19, 18]
Costo asociado: 77.49199999999999      Capacidad: 76.0

--> Costo total: 806.165          Capacidad total: 541.0

+-+-+-+-+-+-+-+-+-+-+-+-+-+-+-+-+-+-+-+-+-+-+-+-+- Iteracion 930  +-+-+-+-+-+-+-+-+-+-+-+-+-+-+-+-+-+-+-+-+-+-+-+-+-

Solucion peor. Costo: 806.165
Lista tabu: [((14,2,5.099),1), ((19,18,20.616),1), ((3,21,5.657),2), ((10,4,20.881),2), ((3,10,11.18),1), ((19,18,20.616),3), ((14,2,5.099),3), ((2,18,20.025),2), ((14,2,5.099),4), ((19,18,20.616),4), ((14,19,7.071),3), ((9,3,18.868),5), ((1,5,59.169),5), ((3,5,24.207),4), ((15,27,55.0),6), ((29,33,11.18),6), ((15,33,12.728),5)]

+-+-+-+-+-+-+-+-+-+-+-+-+-+-+-+-+-+-+-+-+-+-+-+-+- Iteracion 933  +-+-+-+-+-+-+-+-+-+-+-+-+-+-+-+-+-+-+-+-+-+-+-+-+-


Ruta #1: [1, 14, 27, 23, 25, 24, 32]
Costo asociado: 184.328      Capacidad: 92.0

Ruta #2: [1, 5, 9, 4, 10, 16, 21, 3, 6]
Costo asociado: 171.79999999999998      Capacidad: 99.0

Ruta #3: [1, 7, 8, 20, 12, 30, 11]
Costo asociado: 181.12099999999998      Capacidad: 86.0

Ruta #4: [1, 13, 22]
Costo asociado: 72.267      Capacidad: 91.0

Ruta #5: [1, 29, 33, 26, 17, 31, 28]
Costo asociado: 107.05799999999999      Capacidad: 97.0

Ruta #6: [1, 15, 2, 19, 18]
Costo asociado: 77.49199999999999      Capacidad: 76.0

--> Costo total: 794.066          Capacidad total: 541.0

+-+-+-+-+-+-+-+-+-+-+-+-+-+-+-+-+-+-+-+-+-+-+-+-+- Iteracion 933  +-+-+-+-+-+-+-+-+-+-+-+-+-+-+-+-+-+-+-+-+-+-+-+-+-

Solucion peor. Costo: 794.066
Lista tabu: [((14,2,5.099),1), ((19,18,20.616),1), ((9,3,18.868),2), ((1,5,59.169),2), ((3,5,24.207),1), ((15,27,55.0),3), ((29,33,11.18),3), ((15,33,12.728),2), ((15,27,55.0),8), ((14,2,5.099),8), ((15,2,14.142),6), ((10,4,20.881),5), ((3,21,5.657),5), ((4,21,20.518),4), ((10,4,20.881),6), ((9,3,18.868),6), ((3,4,14.866),5)]

Ruta #1: [1, 14, 2, 19, 18]
Costo asociado: 82.43100000000001      Capacidad: 85.0

Ruta #2: [1, 3, 21, 16, 10, 4, 6, 9, 5]
Costo asociado: 214.02599999999995      Capacidad: 99.0

Ruta #3: [1, 7, 8, 20, 12, 30, 11]
Costo asociado: 181.12099999999998      Capacidad: 86.0

Ruta #4: [1, 13, 22]
Costo asociado: 72.267      Capacidad: 91.0

Ruta #5: [1, 29, 33, 26, 17, 31, 28]
Costo asociado: 107.05799999999999      Capacidad: 97.0

Ruta #6: [1, 15, 27, 23, 25, 24, 32]
Costo asociado: 184.34599999999998      Capacidad: 83.0

--> Costo total: 841.249          Capacidad total: 541.0

+-+-+-+-+-+-+-+-+-+-+-+-+-+-+-+-+-+-+-+-+-+-+-+-+- Iteracion 1249  +-+-+-+-+-+-+-+-+-+-+-+-+-+-+-+-+-+-+-+-+-+-+-+-+-


Ruta #1: [1, 14, 2, 19, 18]
Costo asociado: 82.43100000000001      Capacidad: 85.0

Ruta #2: [1, 3, 21, 16, 10, 4, 5, 9, 6]
Costo asociado: 172.734      Capacidad: 99.0

Ruta #3: [1, 7, 8, 20, 12, 30, 11]
Costo asociado: 181.12099999999998      Capacidad: 86.0

Ruta #4: [1, 13, 22]
Costo asociado: 72.267      Capacidad: 91.0

Ruta #5: [1, 29, 33, 26, 17, 31, 28]
Costo asociado: 107.05799999999999      Capacidad: 97.0

Ruta #6: [1, 15, 27, 23, 25, 24, 32]
Costo asociado: 184.34599999999998      Capacidad: 83.0

--> Costo total: 799.957          Capacidad total: 541.0

+-+-+-+-+-+-+-+-+-+-+-+-+-+-+-+-+-+-+-+-+-+-+-+-+- Iteracion 1249  +-+-+-+-+-+-+-+-+-+-+-+-+-+-+-+-+-+-+-+-+-+-+-+-+-

Solucion peor. Costo: 799.957
Lista tabu: [((1,29,5.831),1), ((26,17,18.439),1), ((10,4,20.881),2), ((3,21,5.657),2), ((4,21,20.518),1), ((10,4,20.881),3), ((1,3,60.803),3), ((3,4,14.866),2), ((23,25,26.683),4), ((6,9,22.847),4), ((9,23,18.028),3), ((21,16,5.0),5), ((8,20,8.602),5), ((20,21,24.698),4), ((21,16,5.0),6), ((1,3,60.803),6), ((3,16,4.123),5)]

+-+-+-+-+-+-+-+-+-+-+-+-+-+-+-+-+-+-+-+-+-+-+-+-+- Iteracion 1267  +-+-+-+-+-+-+-+-+-+-+-+-+-+-+-+-+-+-+-+-+-+-+-+-+-


Ruta #1: [1, 14, 27, 23, 25, 24, 32]
Costo asociado: 184.328      Capacidad: 92.0

Ruta #2: [1, 3, 21, 16, 10, 4, 5, 9, 6]
Costo asociado: 172.734      Capacidad: 99.0

Ruta #3: [1, 7, 8, 20, 12, 30, 11]
Costo asociado: 181.12099999999998      Capacidad: 86.0

Ruta #4: [1, 13, 22]
Costo asociado: 72.267      Capacidad: 91.0

Ruta #5: [1, 29, 33, 26, 17, 31, 28]
Costo asociado: 107.05799999999999      Capacidad: 97.0

Ruta #6: [1, 15, 2, 19, 18]
Costo asociado: 77.49199999999999      Capacidad: 76.0

--> Costo total: 795.0          Capacidad total: 541.0

+-+-+-+-+-+-+-+-+-+-+-+-+-+-+-+-+-+-+-+-+-+-+-+-+- Iteracion 1267  +-+-+-+-+-+-+-+-+-+-+-+-+-+-+-+-+-+-+-+-+-+-+-+-+-

Solucion peor. Costo: 795.0
Lista tabu: [((1,29,5.831),1), ((33,26,18.601),1), ((15,27,55.0),2), ((29,33,11.18),2), ((15,33,12.728),1), ((21,16,5.0),3), ((8,20,8.602),3), ((20,21,24.698),2), ((1,29,5.831),4), ((26,17,18.439),4), ((1,26,21.471),3), ((21,16,5.0),5), ((8,20,8.602),5), ((20,21,24.698),4), ((10,4,20.881),6), ((3,21,5.657),6), ((4,21,20.518),5)]

Ruta #1: [1, 14, 2, 19, 18]
Costo asociado: 82.43100000000001      Capacidad: 85.0

Ruta #2: [1, 3, 21, 10, 16, 4, 6, 9, 5]
Costo asociado: 216.16699999999997      Capacidad: 99.0

Ruta #3: [1, 7, 8, 20, 12, 30, 11]
Costo asociado: 181.12099999999998      Capacidad: 86.0

Ruta #4: [1, 13, 22]
Costo asociado: 72.267      Capacidad: 91.0

Ruta #5: [1, 29, 33, 26, 17, 31, 28]
Costo asociado: 107.05799999999999      Capacidad: 97.0

Ruta #6: [1, 15, 27, 23, 25, 24, 32]
Costo asociado: 184.34599999999998      Capacidad: 83.0

--> Costo total: 843.3899999999999          Capacidad total: 541.0

+-+-+-+-+-+-+-+-+-+-+-+-+-+-+-+-+-+-+-+-+-+-+-+-+- Iteracion 1572  +-+-+-+-+-+-+-+-+-+-+-+-+-+-+-+-+-+-+-+-+-+-+-+-+-


Ruta #1: [1, 14, 2, 19, 18]
Costo asociado: 82.43100000000001      Capacidad: 85.0

Ruta #2: [1, 5, 9, 4, 6, 16, 10, 21, 3]
Costo asociado: 213.58300000000003      Capacidad: 99.0

Ruta #3: [1, 7, 8, 20, 12, 30, 11]
Costo asociado: 181.12099999999998      Capacidad: 86.0

Ruta #4: [1, 13, 22]
Costo asociado: 72.267      Capacidad: 91.0

Ruta #5: [1, 29, 33, 26, 17, 31, 28]
Costo asociado: 107.05799999999999      Capacidad: 97.0

Ruta #6: [1, 15, 27, 23, 25, 24, 32]
Costo asociado: 184.34599999999998      Capacidad: 83.0

--> Costo total: 840.806          Capacidad total: 541.0

+-+-+-+-+-+-+-+-+-+-+-+-+-+-+-+-+-+-+-+-+-+-+-+-+- Iteracion 1572  +-+-+-+-+-+-+-+-+-+-+-+-+-+-+-+-+-+-+-+-+-+-+-+-+-

Solucion peor. Costo: 840.806
Lista tabu: [((7,8,6.403),2), ((1,15,14.036),2), ((7,15,18.028),1), ((21,10,10.817),3), ((1,3,60.803),3), ((3,10,11.18),2), ((1,29,5.831),4), ((26,17,18.439),4), ((1,26,21.471),3), ((2,19,4.0),5), ((4,6,26.627),5), ((2,6,14.0),4), ((33,26,18.601),6), ((1,29,5.831),6), ((26,29,16.763),5)]

+-+-+-+-+-+-+-+-+-+-+-+-+-+-+-+-+-+-+-+-+-+-+-+-+- Iteracion 1573  +-+-+-+-+-+-+-+-+-+-+-+-+-+-+-+-+-+-+-+-+-+-+-+-+-


Ruta #1: [1, 14, 2, 19, 18]
Costo asociado: 82.43100000000001      Capacidad: 85.0

Ruta #2: [1, 5, 9, 4, 3, 21, 10, 16, 6]
Costo asociado: 175.674      Capacidad: 99.0

Ruta #3: [1, 7, 8, 20, 12, 30, 11]
Costo asociado: 181.12099999999998      Capacidad: 86.0

Ruta #4: [1, 13, 22]
Costo asociado: 72.267      Capacidad: 91.0

Ruta #5: [1, 29, 33, 26, 17, 31, 28]
Costo asociado: 107.05799999999999      Capacidad: 97.0

Ruta #6: [1, 15, 27, 23, 25, 24, 32]
Costo asociado: 184.34599999999998      Capacidad: 83.0

--> Costo total: 802.8969999999999          Capacidad total: 541.0

+-+-+-+-+-+-+-+-+-+-+-+-+-+-+-+-+-+-+-+-+-+-+-+-+- Iteracion 1573  +-+-+-+-+-+-+-+-+-+-+-+-+-+-+-+-+-+-+-+-+-+-+-+-+-

Solucion peor. Costo: 802.897
Lista tabu: [((7,8,6.403),1), ((1,15,14.036),1), ((21,10,10.817),2), ((1,3,60.803),2), ((3,10,11.18),1), ((1,29,5.831),3), ((26,17,18.439),3), ((1,26,21.471),2), ((2,19,4.0),4), ((4,6,26.627),4), ((2,6,14.0),3), ((33,26,18.601),5), ((1,29,5.831),5), ((26,29,16.763),4), ((6,9,22.847),10), ((16,4,17.205),10), ((9,4,6.083),8)]

+-+-+-+-+-+-+-+-+-+-+-+-+-+-+-+-+-+-+-+-+-+-+-+-+- Iteracion 1577  +-+-+-+-+-+-+-+-+-+-+-+-+-+-+-+-+-+-+-+-+-+-+-+-+-


