+-+-+-+-+-+-+-+-+-+-+-+-+-+-+ GRAFO CARGADO +-+-+-+-+-+-+-+-+-+-+-+-+-+-+-
        1         2         3         4         5         6         7         8         9         10        11        12        13        14        15        16        17        18        19        20        21        22        23        24        25        26        27        28        29        30        31        32        33        34        35        36        37        38        39        40        41        42        43        44        45
1     0         28.231    44.385    61.4    20.396    26.0    48.836    46.4    27.019    63.514    38.471    36.222    27.295    24.207    52.924    51.856    22.825    52.924    49.497    34.059    46.4    62.769    27.019    38.328    51.546    28.601    30.0    28.16    29.069    24.759    25.942    65.0    29.275    49.93    48.795    46.098    39.623    34.366    59.059    25.02    51.624    65.299    27.785    20.809    46.065    
2     28.231    0         27.803    39.56    23.77    2.236    24.166    26.077    31.385    42.953    20.809    18.028    34.0    8.062    60.299    29.833    6.0    60.299    25.632    36.235    26.077    43.417    31.385    44.407    60.828    6.708    7.28    28.601    33.287    10.0    3.162    45.541    34.986    31.016    24.698    31.78    22.204    38.601    41.049    30.414    33.015    47.17    3.606    9.055    30.414    
3     44.385    27.803    0         60.299    49.82    28.32    44.553    50.289    58.138    64.498    7.071    9.899    60.44    35.384    44.418    51.971    31.828    44.418    46.69    63.64    50.289    65.924    58.138    71.505    46.615    34.409    34.67    55.866    60.208    37.537    30.48    67.742    61.717    55.362    45.706    58.181    5.657    65.795    64.761    56.851    57.28    70.214    31.401    34.713    56.462    
4     61.4    39.56    60.299    0         43.932    41.11    16.031    15.0    43.909    4.472    55.009    53.009    46.53    38.471    99.464    9.849    41.629    99.464    14.142    41.785    15.0    7.071    43.909    48.508    100.225    34.928    33.615    39.962    43.829    37.216    39.56    8.062    45.618    12.207    15.133    19.313    56.036    44.598    9.487    44.944    11.18    11.402    37.336    42.059    17.889    
5     20.396    23.77    49.82    43.932    0         22.361    34.54    29.411    8.602    45.277    42.802    40.0    10.63    15.811    70.831    35.228    18.358    70.831    34.438    15.232    29.411    44.045    8.602    22.023    70.036    19.235    20.1    8.062    10.817    14.318    20.616    46.228    12.042    31.828    34.015    26.627    44.204    16.643    40.0    7.071    33.242    46.043    20.881    15.264    27.019    
6     26.0    2.236    28.32    41.11    22.361    0         25.942    27.295    30.232    44.385    21.26    18.439    32.757    7.071    59.135    31.321    4.123    59.135    27.313    35.384    27.295    44.721    30.232    43.417    59.54    7.071    8.0    27.659    32.202    9.22    2.236    46.872    33.838    32.14    26.401    32.388    22.672    37.643    42.19    29.155    34.132    48.374    4.0    7.28    31.145    
7     48.836    24.166    44.553    16.031    34.54    25.942    0         8.944    37.483    20.025    39.051    37.0    40.447    24.759    83.546    7.616    27.203    83.546    2.236    38.013    8.944    21.378    37.483    46.174    84.404    20.616    19.209    33.377    38.21    24.083    24.698    23.195    40.2    12.728    1.414    19.235    40.112    41.012    20.616    37.855    14.213    25.71    22.472    28.32    17.0    
8     46.4    26.077    50.289    15.0    29.411    27.295    8.944    0         30.676    17.464    44.147    41.773    33.526    23.77    86.371    5.831    27.203    86.371    7.28    30.15    0.0    17.464    30.676    38.0    86.833    20.616    19.416    26.571    31.048    22.361    25.495    19.647    32.985    5.099    7.616    10.296    45.354    33.136    15.0    31.385    7.071    21.095    23.345    27.313    8.062    
9     27.019    31.385    58.138    43.909    8.602    30.232    37.483    30.676    0         44.407    51.088    48.27    3.0    23.324    78.848    36.401    26.401    78.848    36.878    7.071    30.676    42.638    0.0    13.454    77.878    26.0    26.571    4.123    2.236    21.471    28.302    44.688    3.606    31.765    36.674    25.0    52.498    8.062    38.288    2.0    32.757    43.841    28.178    23.431    26.077    
10    63.514    42.953    64.498    4.472    45.277    44.385    20.025    17.464    44.407    0         59.076    57.009    46.872    41.231    103.097    13.153    44.598    103.097    18.0    41.593    17.464    3.162    44.407    47.76    103.755    37.947    36.688    40.608    44.102    39.812    42.72    3.606    45.793    13.601    19.0    19.416    60.133    44.283    7.071    45.607    12.042    7.071    40.522    44.777    18.439    
11    38.471    20.809    7.071    55.009    42.802    21.26    39.051    44.147    51.088    59.076    0         2.828    53.413    28.32    46.615    46.271    24.759    46.615    41.11    56.569    44.147    60.299    51.088    64.444    48.301    27.459    27.785    48.795    53.151    30.48    23.431    62.201    54.672    49.244    40.112    51.624    1.414    58.728    58.856    49.82    51.196    64.498    24.413    27.659    49.98    
12    36.222    18.028    9.899    53.009    40.0    18.439    37.0    41.773    48.27    57.009    2.828    0         50.606    25.495    47.76    44.102    21.932    47.76    39.013    53.74    41.773    58.138    48.27    61.62    49.244    24.698    25.06    45.967    50.329    27.659    20.616    60.075    51.856    46.872    38.013    49.041    4.243    55.902    56.569    47.011    48.836    62.29    21.633    24.839    47.434    
13    27.295    34.0    60.44    46.53    10.63    32.757    40.447    33.526    3.0    46.872    53.413    50.606    0         25.942    79.699    39.217    28.844    79.699    39.812    7.28    33.526    45.0    3.0    11.662    78.588    28.792    29.411    7.071    2.828    24.166    30.887    47.011    2.0    34.438    39.623    27.459    54.818    7.071    40.608    3.606    35.355    46.011    30.871    25.807    28.653    
14    24.207    8.062    35.384    38.471    15.811    7.071    24.759    23.77    23.324    41.231    28.32    25.495    25.942    0         64.008    28.653    4.123    64.008    25.612    28.32    23.77    41.11    23.324    36.401    64.07    4.472    5.831    20.616    25.239    2.236    5.0    43.324    26.926    28.16    24.839    27.0    29.732    30.61    38.079    22.361    30.083    44.385    5.099    3.606    26.077    
15    52.924    60.299    44.418    99.464    70.831    59.135    83.546    86.371    78.848    103.097    46.615    47.76    79.699    64.008    0         89.944    60.0    0.0    85.329    85.866    86.371    103.697    78.848    91.082    4.0    66.068    67.119    78.854    81.043    66.03    61.074    105.802    81.609    91.269    84.345    91.005    46.098    86.683    101.316    76.922    93.263    107.466    63.127    61.074    90.006    
16    51.856    29.833    51.971    9.849    35.228    31.321    7.616    5.831    36.401    13.153    46.271    44.102    39.217    28.653    89.944    0         31.78    89.944    5.385    35.511    5.831    14.036    36.401    43.105    90.609    25.08    23.77    32.311    36.688    27.459    29.732    16.0    38.601    6.325    6.325    14.142    47.381    38.471    13.0    37.162    7.211    18.248    27.514    32.249    12.042    
17    22.825    6.0    31.828    41.629    18.358    4.123    27.203    27.203    26.401    44.598    24.759    21.932    28.844    4.123    60.0    31.78    0         60.0    28.302    31.828    27.203    44.643    26.401    39.699    60.133    6.708    8.062    24.042    28.425    6.325    3.162    46.84    30.0    31.78    27.459    31.016    26.173    33.971    41.773    25.239    33.734    48.052    5.0    3.162    30.017    
18    52.924    60.299    44.418    99.464    70.831    59.135    83.546    86.371    78.848    103.097    46.615    47.76    79.699    64.008    0.0    89.944    60.0    0         85.329    85.866    86.371    103.697    78.848    91.082    4.0    66.068    67.119    78.854    81.043    66.03    61.074    105.802    81.609    91.269    84.345    91.005    46.098    86.683    101.316    76.922    93.263    107.466    63.127    61.074    90.006    
19    49.497    25.632    46.69    14.142    34.438    27.313    2.236    7.28    36.878    18.0    41.11    39.013    39.812    25.612    85.329    5.385    28.302    85.329    0         37.014    7.28    19.235    36.878    45.044    86.122    21.633    20.248    32.757    37.483    24.759    25.942    21.095    39.459    10.63    1.0    17.464    42.19    40.012    18.385    37.363    12.042    23.537    23.707    29.206    15.232    
20    34.059    36.235    63.64    41.785    15.232    35.384    38.013    30.15    7.071    41.593    56.569    53.74    7.28    28.32    85.866    35.511    31.828    85.866    37.014    0         30.15    39.446    7.071    8.544    84.929    30.232    30.529    7.81    5.0    26.249    33.302    41.34    5.385    30.083    37.0    22.472    57.983    3.0    34.986    9.055    30.676    40.0    32.802    29.069    24.042    
21    46.4    26.077    50.289    15.0    29.411    27.295    8.944    0.0    30.676    17.464    44.147    41.773    33.526    23.77    86.371    5.831    27.203    86.371    7.28    30.15    0         17.464    30.676    38.0    86.833    20.616    19.416    26.571    31.048    22.361    25.495    19.647    32.985    5.099    7.616    10.296    45.354    33.136    15.0    31.385    7.071    21.095    23.345    27.313    8.062    
22    62.769    43.417    65.924    7.071    44.045    44.721    21.378    17.464    42.638    3.162    60.299    58.138    45.0    41.11    103.697    14.036    44.643    103.697    19.235    39.446    17.464    0         42.638    45.31    104.235    38.079    36.878    38.949    42.202    39.56    42.953    2.236    43.829    13.0    20.224    17.692    61.4    42.059    4.472    43.932    11.18    4.472    40.792    44.598    17.029    
23    27.019    31.385    58.138    43.909    8.602    30.232    37.483    30.676    0.0    44.407    51.088    48.27    3.0    23.324    78.848    36.401    26.401    78.848    36.878    7.071    30.676    42.638    0         13.454    77.878    26.0    26.571    4.123    2.236    21.471    28.302    44.688    3.606    31.765    36.674    25.0    52.498    8.062    38.288    2.0    32.757    43.841    28.178    23.431    26.077    
24    38.328    44.407    71.505    48.508    22.023    43.417    46.174    38.0    13.454    47.76    64.444    61.62    11.662    36.401    91.082    43.105    39.699    91.082    45.044    8.544    38.0    45.31    13.454    0         89.844    38.588    38.949    15.811    11.314    34.409    41.4    47.011    10.0    37.336    45.1    29.428    65.856    5.831    40.853    15.0    37.656    45.177    41.049    36.797    31.257    
25    51.546    60.828    46.615    100.225    70.036    59.54    84.404    86.833    77.878    103.755    48.301    49.244    78.588    64.07    4.0    90.609    60.133    4.0    86.122    84.929    86.833    104.235    77.878    89.844    0         66.37    67.476    78.09    80.05    66.03    61.4    106.367    80.523    91.662    85.147    91.049    47.885    85.615    101.71    75.928    93.648    107.912    63.506    61.008    90.139    
26    28.601    6.708    34.409    34.928    19.235    7.071    20.616    20.616    26.0    37.947    27.459    24.698    28.792    4.472    66.068    25.08    6.708    66.068    21.633    30.232    20.616    38.079    26.0    38.588    66.37    0         1.414    22.825    27.731    5.0    5.0    40.262    29.547    25.318    20.809    25.318    28.844    32.757    35.355    25.298    27.295    41.593    3.162    7.81    24.083    
27    30.0    7.28    34.67    33.615    20.1    8.0    19.209    19.416    26.571    36.688    27.785    25.06    29.411    5.831    67.119    23.77    8.062    67.119    20.248    30.529    19.416    36.878    26.571    38.949    67.476    1.414    0         23.259    28.231    6.083    6.083    39.051    30.083    24.187    19.416    24.515    29.155    33.121    34.234    25.962    26.173    40.447    4.0    9.22    23.195    
28    28.16    28.601    55.866    39.962    8.062    27.659    33.377    26.571    4.123    40.608    48.795    45.967    7.071    20.616    78.854    32.311    24.042    78.854    32.757    7.81    26.571    38.949    4.123    15.811    78.09    22.825    23.259    0         5.099    18.601    25.612    41.037    7.071    27.785    32.558    21.26    50.21    10.0    34.655    5.0    28.844    40.361    25.239    21.26    22.204    
29    29.069    33.287    60.208    43.829    10.817    32.202    38.21    31.048    2.236    44.102    53.151    50.329    2.828    25.239    81.043    36.688    28.425    81.043    37.483    5.0    31.048    42.202    2.236    11.314    80.05    27.731    28.231    5.099    0         23.324    30.232    44.204    2.0    31.78    37.336    24.698    54.562    5.831    37.802    4.123    32.65    43.186    30.017    25.495    25.942    
30    24.759    10.0    37.537    37.216    14.318    9.22    24.083    22.361    21.471    39.812    30.48    27.659    24.166    2.236    66.03    27.459    6.325    66.03    24.759    26.249    22.361    39.56    21.471    34.409    66.03    5.0    6.083    18.601    23.324    0         7.071    41.785    25.06    26.571    24.042    25.02    31.89    28.601    36.401    20.616    28.46    42.72    6.708    5.099    24.187    
31    25.942    3.162    30.48    39.56    20.616    2.236    24.698    25.495    28.302    42.72    23.431    20.616    30.887    5.0    61.074    29.732    3.162    61.074    25.942    33.302    25.495    42.953    28.302    41.4    61.4    5.0    6.083    25.612    30.232    7.071    0         45.122    31.906    30.265    25.06    30.265    24.839    35.609    40.311    27.295    32.249    46.53    2.236    6.0    29.069    
32    65.0    45.541    67.742    8.062    46.228    46.872    23.195    19.647    44.688    3.606    62.201    60.075    47.011    43.324    105.802    16.0    46.84    105.802    21.095    41.34    19.647    2.236    44.688    47.011    106.367    40.262    39.051    41.037    44.204    41.785    45.122    0         45.804    15.232    22.091    19.799    63.285    43.909    6.403    46.011    13.416    3.606    42.953    46.819    19.209    
33    29.275    34.986    61.717    45.618    12.042    33.838    40.2    32.985    3.606    45.793    54.672    51.856    2.0    26.926    81.609    38.601    30.0    81.609    39.459    5.385    32.985    43.829    3.606    10.0    80.523    29.547    30.083    7.071    2.0    25.06    31.906    45.804    0         33.615    39.319    26.42    56.08    5.099    39.408    5.0    34.438    44.688    31.765    27.019    27.731    
34    49.93    31.016    55.362    12.207    31.828    32.14    12.728    5.099    31.765    13.601    49.244    46.872    34.438    28.16    91.269    6.325    31.78    91.269    10.63    30.083    5.099    13.0    31.765    37.336    91.662    25.318    24.187    27.785    31.78    26.571    30.265    15.232    33.615    0         11.314    8.0    50.448    32.985    10.05    32.757    2.0    16.279    28.16    31.623    6.083    
35    48.795    24.698    45.706    15.133    34.015    26.401    1.414    7.616    36.674    19.0    40.112    38.013    39.623    24.839    84.345    6.325    27.459    84.345    1.0    37.0    7.616    20.224    36.674    45.1    85.147    20.809    19.416    32.558    37.336    24.042    25.06    22.091    39.319    11.314    0         17.889    41.195    40.0    19.313    37.108    12.806    24.515    22.825    28.425    15.652    
36    46.098    31.78    58.181    19.313    26.627    32.388    19.235    10.296    25.0    19.416    51.624    49.041    27.459    27.0    91.005    14.142    31.016    91.005    17.464    22.472    10.296    17.692    25.0    29.428    91.049    25.318    24.515    21.26    24.698    25.02    30.265    19.799    26.42    8.0    17.889    0         52.924    25.298    13.454    26.249    8.246    19.416    28.443    30.067    2.236    
37    39.623    22.204    5.657    56.036    44.204    22.672    40.112    45.354    52.498    60.133    1.414    4.243    54.818    29.732    46.098    47.381    26.173    46.098    42.19    57.983    45.354    61.4    52.498    65.856    47.885    28.844    29.155    50.21    54.562    31.89    24.839    63.285    56.08    50.448    41.195    52.924    0         60.141    60.017    51.225    52.393    65.62    25.807    29.069    51.264    
38    34.366    38.601    65.795    44.598    16.643    37.643    41.012    33.136    8.062    44.283    58.728    55.902    7.071    30.61    86.683    38.471    33.971    86.683    40.012    3.0    33.136    42.059    8.062    5.831    85.615    32.757    33.121    10.0    5.831    28.601    35.609    43.909    5.099    32.985    40.0    25.298    60.141    0         37.59    9.849    33.526    42.438    35.228    31.113    26.926    
39    59.059    41.049    64.761    9.487    40.0    42.19    20.616    15.0    38.288    7.071    58.856    56.569    40.608    38.079    101.316    13.0    41.773    101.316    18.385    34.986    15.0    4.472    38.288    40.853    101.71    35.355    34.234    34.655    37.802    36.401    40.311    6.403    39.408    10.05    19.313    13.454    60.017    37.59    0         39.623    8.062    6.325    38.21    41.485    13.038    
40    25.02    30.414    56.851    44.944    7.071    29.155    37.855    31.385    2.0    45.607    49.82    47.011    3.606    22.361    76.922    37.162    25.239    76.922    37.363    9.055    31.385    43.932    2.0    15.0    75.928    25.298    25.962    5.0    4.123    20.616    27.295    46.011    5.0    32.757    37.108    26.249    51.225    9.849    39.623    0         33.838    45.277    27.313    22.204    27.203    
41    51.624    33.015    57.28    11.18    33.242    34.132    14.213    7.071    32.757    12.042    51.196    48.836    35.355    30.083    93.263    7.211    33.734    93.263    12.042    30.676    7.071    11.18    32.757    37.656    93.648    27.295    26.173    28.844    32.65    28.46    32.249    13.416    34.438    2.0    12.806    8.246    52.393    33.526    8.062    33.838    0         14.318    30.15    33.526    6.708    
42    65.299    47.17    70.214    11.402    46.043    48.374    25.71    21.095    43.841    7.071    64.498    62.29    46.011    44.385    107.466    18.248    48.052    107.466    23.537    40.0    21.095    4.472    43.841    45.177    107.912    41.593    40.447    40.361    43.186    42.72    46.53    3.606    44.688    16.279    24.515    19.416    65.62    42.438    6.325    45.277    14.318    0         44.407    47.802    19.235    
43    27.785    3.606    31.401    37.336    20.881    4.0    22.472    23.345    28.178    40.522    24.413    21.633    30.871    5.099    63.127    27.514    5.0    63.127    23.707    32.802    23.345    40.792    28.178    41.049    63.506    3.162    4.0    25.239    30.017    6.708    2.236    42.953    31.765    28.16    22.825    28.443    25.807    35.228    38.21    27.313    30.15    44.407    0         7.28    27.166    
44    20.809    9.055    34.713    42.059    15.264    7.28    28.32    27.313    23.431    44.777    27.659    24.839    25.807    3.606    61.074    32.249    3.162    61.074    29.206    29.069    27.313    44.598    23.431    36.797    61.008    7.81    9.22    21.26    25.495    5.099    6.0    46.819    27.019    31.623    28.425    30.067    29.069    31.113    41.485    22.204    33.526    47.802    7.28    0         29.275    
45    46.065    30.414    56.462    17.889    27.019    31.145    17.0    8.062    26.077    18.439    49.98    47.434    28.653    26.077    90.006    12.042    30.017    90.006    15.232    24.042    8.062    17.029    26.077    31.257    90.139    24.083    23.195    22.204    25.942    24.187    29.069    19.209    27.731    6.083    15.652    2.236    51.264    26.926    13.038    27.203    6.708    19.235    27.166    29.275    0         


Demandas:
1: 0.0
2: 21.0
3: 13.0
4: 24.0
5: 10.0
6: 22.0
7: 16.0
8: 9.0
9: 9.0
10: 18.0
11: 15.0
12: 3.0
13: 7.0
14: 14.0
15: 22.0
16: 10.0
17: 13.0
18: 3.0
19: 4.0
20: 14.0
21: 2.0
22: 16.0
23: 10.0
24: 5.0
25: 11.0
26: 19.0
27: 14.0
28: 18.0
29: 12.0
30: 21.0
31: 21.0
32: 24.0
33: 6.0
34: 7.0
35: 13.0
36: 15.0
37: 5.0
38: 10.0
39: 19.0
40: 6.0
41: 21.0
42: 19.0
43: 17.0
44: 26.0
45: 8.0
+-+-+-+-+-+-+-+-+-+-+-+-+-+-+-+ SOLUCION INICIAL +-+-+-+-+-+-+-+-+-+-+-+-+-+-+-+-

Ruta #1: [1, 7, 16, 15, 40, 6, 10, 33]
Costo asociado: 371.926      Capacidad: 100.0

Ruta #2: [1, 27, 29, 34, 19, 18, 41, 38, 30, 21, 37]
Costo asociado: 448.6979999999999      Capacidad: 99.0

Ruta #3: [1, 3, 20, 42, 22, 11, 31]
Costo asociado: 262.16900000000004      Capacidad: 98.0

Ruta #4: [1, 32, 4, 8, 23, 5, 14, 45]
Costo asociado: 215.293      Capacidad: 99.0

Ruta #5: [1, 25, 35, 28, 43, 13, 36, 17, 24]
Costo asociado: 361.86300000000006      Capacidad: 99.0

Ruta #6: [1, 44, 9, 39, 26, 2, 12]
Costo asociado: 178.84099999999998      Capacidad: 97.0

--> Costo total: 1838.7899999999997          Capacidad total: 592.0

+-+-+-+-+-+-+-+-+-+-+-+-+-+-+-+-+-+-+- Iteracion 2  +-+-+-+-+-+-+-+-+-+-+-+-+-+-+-+-+-+-+-


Ruta #1: [1, 7, 16, 15, 40, 6, 10, 33]
Costo asociado: 371.926      Capacidad: 100.0

Ruta #2: [1, 27, 29, 34, 19, 18, 41, 38, 30, 21, 37]
Costo asociado: 448.6979999999999      Capacidad: 99.0

Ruta #3: [1, 3, 20, 42, 22, 11, 31]
Costo asociado: 262.16900000000004      Capacidad: 98.0

Ruta #4: [1, 32, 4, 8, 23, 5, 14, 45]
Costo asociado: 215.293      Capacidad: 99.0

Ruta #5: [1, 25, 35, 28, 43, 13, 36, 17, 24]
Costo asociado: 361.86300000000006      Capacidad: 99.0

Ruta #6: [1, 44, 9, 39, 26, 2, 12]
Costo asociado: 178.84099999999998      Capacidad: 97.0

--> Costo total: 1838.309          Capacidad total: 592.0

+-+-+-+-+-+-+-+-+-+-+-+-+-+-+-+-+-+-+- Iteracion 2  +-+-+-+-+-+-+-+-+-+-+-+-+-+-+-+-+-+-+-

La solución anterior duró 0min 1seg    -------> Nuevo optimo local. Costo: 1838.309
Lista tabu: [((1,44,20.809),7), ((9,39,38.288),7), ((1,9,27.019),6)]

+-+-+-+-+-+-+-+-+-+-+-+-+-+-+-+-+-+-+- Iteracion 4  +-+-+-+-+-+-+-+-+-+-+-+-+-+-+-+-+-+-+-


Ruta #1: [1, 7, 16, 15, 40, 6, 10, 33]
Costo asociado: 371.926      Capacidad: 100.0

Ruta #2: [1, 27, 29, 34, 19, 18, 41, 38, 30, 45]
Costo asociado: 411.61199999999997      Capacidad: 100.0

Ruta #3: [1, 3, 20, 42, 22, 11, 31]
Costo asociado: 262.16900000000004      Capacidad: 98.0

Ruta #4: [1, 32, 4, 8, 23, 5, 14, 21, 37]
Costo asociado: 251.89800000000002      Capacidad: 98.0

Ruta #5: [1, 25, 35, 28, 43, 13, 36, 17, 24]
Costo asociado: 361.86300000000006      Capacidad: 99.0

Ruta #6: [1, 44, 9, 39, 26, 2, 12]
Costo asociado: 178.84099999999998      Capacidad: 97.0

--> Costo total: 1836.1650000000002          Capacidad total: 592.0

+-+-+-+-+-+-+-+-+-+-+-+-+-+-+-+-+-+-+- Iteracion 4  +-+-+-+-+-+-+-+-+-+-+-+-+-+-+-+-+-+-+-

La solución anterior duró 0min 1seg    -------> Nuevo optimo local. Costo: 1836.1650000000002
Lista tabu: [((1,44,20.809),5), ((9,39,38.288),5), ((1,9,27.019),4), ((14,45,26.077),10), ((30,21,22.361),10), ((14,21,23.77),9), ((1,44,20.809),7), ((9,39,38.288),7), ((1,9,27.019),6)]

+-+-+-+-+-+-+-+-+-+-+-+-+-+-+-+-+-+-+- Iteracion 6  +-+-+-+-+-+-+-+-+-+-+-+-+-+-+-+-+-+-+-


Ruta #1: [1, 7, 16, 15, 40, 6, 10, 33]
Costo asociado: 371.926      Capacidad: 100.0

Ruta #2: [1, 27, 29, 34, 41, 18, 19, 38, 30, 45]
Costo asociado: 409.468      Capacidad: 100.0

Ruta #3: [1, 3, 20, 42, 22, 11, 31]
Costo asociado: 262.16900000000004      Capacidad: 98.0

Ruta #4: [1, 32, 4, 8, 23, 5, 14, 21, 37]
Costo asociado: 251.89800000000002      Capacidad: 98.0

Ruta #5: [1, 25, 35, 28, 43, 13, 36, 17, 24]
Costo asociado: 361.86300000000006      Capacidad: 99.0

Ruta #6: [1, 44, 9, 39, 26, 2, 12]
Costo asociado: 178.84099999999998      Capacidad: 97.0

--> Costo total: 1799.686          Capacidad total: 592.0

+-+-+-+-+-+-+-+-+-+-+-+-+-+-+-+-+-+-+- Iteracion 6  +-+-+-+-+-+-+-+-+-+-+-+-+-+-+-+-+-+-+-

La solución anterior duró 0min 1seg    -------> Nuevo optimo local. Costo: 1799.686
Lista tabu: [((1,44,20.809),3), ((9,39,38.288),3), ((1,9,27.019),2), ((14,45,26.077),8), ((30,21,22.361),8), ((14,21,23.77),7), ((1,44,20.809),5), ((9,39,38.288),5), ((1,9,27.019),4), ((34,19,10.63),10), ((41,38,33.526),10), ((34,41,2.0),9), ((1,25,51.546),7), ((13,36,27.459),7), ((1,13,27.295),6)]

+-+-+-+-+-+-+-+-+-+-+-+-+-+-+-+-+-+-+- Iteracion 7  +-+-+-+-+-+-+-+-+-+-+-+-+-+-+-+-+-+-+-


Ruta #1: [1, 7, 16, 15, 40, 6, 10, 33]
Costo asociado: 371.926      Capacidad: 100.0

Ruta #2: [1, 27, 29, 34, 41, 18, 19, 45, 30, 38]
Costo asociado: 372.98900000000003      Capacidad: 100.0

Ruta #3: [1, 3, 20, 42, 22, 11, 31]
Costo asociado: 262.16900000000004      Capacidad: 98.0

Ruta #4: [1, 32, 4, 8, 23, 5, 14, 21, 37]
Costo asociado: 251.89800000000002      Capacidad: 98.0

Ruta #5: [1, 25, 35, 28, 43, 13, 36, 17, 24]
Costo asociado: 361.86300000000006      Capacidad: 99.0

Ruta #6: [1, 44, 9, 39, 26, 2, 12]
Costo asociado: 178.84099999999998      Capacidad: 97.0

--> Costo total: 1791.6589999999999          Capacidad total: 592.0

+-+-+-+-+-+-+-+-+-+-+-+-+-+-+-+-+-+-+- Iteracion 7  +-+-+-+-+-+-+-+-+-+-+-+-+-+-+-+-+-+-+-

La solución anterior duró 0min 0seg    -------> Nuevo optimo local. Costo: 1791.6589999999999
Lista tabu: [((1,44,20.809),2), ((9,39,38.288),2), ((1,9,27.019),1), ((14,45,26.077),7), ((30,21,22.361),7), ((14,21,23.77),6), ((1,44,20.809),4), ((9,39,38.288),4), ((1,9,27.019),3), ((34,19,10.63),9), ((41,38,33.526),9), ((34,41,2.0),8), ((1,25,51.546),6), ((13,36,27.459),6), ((1,13,27.295),5), ((19,38,40.012),11), ((45,1,46.065),11), ((19,45,15.232),10)]

+-+-+-+-+-+-+-+-+-+-+-+-+-+-+-+-+-+-+- Iteracion 8  +-+-+-+-+-+-+-+-+-+-+-+-+-+-+-+-+-+-+-


Ruta #1: [1, 7, 16, 15, 40, 6, 10, 33]
Costo asociado: 371.926      Capacidad: 100.0

Ruta #2: [1, 27, 29, 34, 41, 18, 19, 45, 30, 38]
Costo asociado: 372.98900000000003      Capacidad: 100.0

Ruta #3: [1, 3, 20, 42, 22, 11, 31]
Costo asociado: 262.16900000000004      Capacidad: 98.0

Ruta #4: [1, 32, 4, 8, 23, 5, 14, 21, 37]
Costo asociado: 251.89800000000002      Capacidad: 98.0

Ruta #5: [1, 25, 35, 28, 43, 13, 24, 17, 36]
Costo asociado: 353.83600000000007      Capacidad: 99.0

Ruta #6: [1, 44, 9, 39, 26, 2, 12]
Costo asociado: 178.84099999999998      Capacidad: 97.0

--> Costo total: 1746.7410000000002          Capacidad total: 592.0

+-+-+-+-+-+-+-+-+-+-+-+-+-+-+-+-+-+-+- Iteracion 8  +-+-+-+-+-+-+-+-+-+-+-+-+-+-+-+-+-+-+-

La solución anterior duró 0min 1seg    -------> Nuevo optimo local. Costo: 1746.7410000000002
Lista tabu: [((1,44,20.809),1), ((9,39,38.288),1), ((14,45,26.077),6), ((30,21,22.361),6), ((14,21,23.77),5), ((1,44,20.809),3), ((9,39,38.288),3), ((1,9,27.019),2), ((34,19,10.63),8), ((41,38,33.526),8), ((34,41,2.0),7), ((1,25,51.546),5), ((13,36,27.459),5), ((1,13,27.295),4), ((19,38,40.012),10), ((45,1,46.065),10), ((19,45,15.232),9), ((13,36,27.459),11), ((24,1,38.328),11), ((13,24,11.662),10)]

+-+-+-+-+-+-+-+-+-+-+-+-+-+-+-+-+-+-+- Iteracion 10  +-+-+-+-+-+-+-+-+-+-+-+-+-+-+-+-+-+-+-


Ruta #1: [1, 7, 16, 15, 40, 6, 10, 33]
Costo asociado: 371.926      Capacidad: 100.0

Ruta #2: [1, 27, 30, 45, 19, 18, 41, 34, 29, 38]
Costo asociado: 328.071      Capacidad: 100.0

Ruta #3: [1, 3, 20, 42, 22, 11, 31]
Costo asociado: 262.16900000000004      Capacidad: 98.0

Ruta #4: [1, 32, 4, 8, 23, 5, 14, 21, 37]
Costo asociado: 251.89800000000002      Capacidad: 98.0

Ruta #5: [1, 25, 35, 28, 43, 13, 24, 17, 36]
Costo asociado: 353.83600000000007      Capacidad: 99.0

Ruta #6: [1, 44, 9, 39, 26, 2, 12]
Costo asociado: 178.84099999999998      Capacidad: 97.0

--> Costo total: 1725.5100000000002          Capacidad total: 592.0

+-+-+-+-+-+-+-+-+-+-+-+-+-+-+-+-+-+-+- Iteracion 10  +-+-+-+-+-+-+-+-+-+-+-+-+-+-+-+-+-+-+-

La solución anterior duró 0min 0seg    -------> Nuevo optimo local. Costo: 1725.5100000000002
Lista tabu: [((14,45,26.077),4), ((30,21,22.361),4), ((14,21,23.77),3), ((1,44,20.809),1), ((9,39,38.288),1), ((34,19,10.63),6), ((41,38,33.526),6), ((34,41,2.0),5), ((1,25,51.546),3), ((13,36,27.459),3), ((1,13,27.295),2), ((19,38,40.012),8), ((45,1,46.065),8), ((19,45,15.232),7), ((13,36,27.459),9), ((24,1,38.328),9), ((13,24,11.662),8), ((27,29,28.231),10), ((30,38,28.601),10), ((27,30,6.083),9), ((1,44,20.809),7), ((26,2,6.708),7), ((1,26,28.601),6)]

+-+-+-+-+-+-+-+-+-+-+-+-+-+-+-+-+-+-+- Iteracion 11  +-+-+-+-+-+-+-+-+-+-+-+-+-+-+-+-+-+-+-


Ruta #1: [1, 7, 16, 15, 40, 6, 10, 33]
Costo asociado: 371.926      Capacidad: 100.0

Ruta #2: [1, 27, 30, 45, 19, 18, 41, 34, 29, 38]
Costo asociado: 328.071      Capacidad: 100.0

Ruta #3: [1, 3, 20, 42, 22, 11, 31]
Costo asociado: 262.16900000000004      Capacidad: 98.0

Ruta #4: [1, 32, 4, 8, 23, 5, 14, 21, 37]
Costo asociado: 251.89800000000002      Capacidad: 98.0

Ruta #5: [1, 25, 35, 28, 43, 36, 17, 24, 13]
Costo asociado: 332.605      Capacidad: 99.0

Ruta #6: [1, 44, 9, 39, 26, 2, 12]
Costo asociado: 178.84099999999998      Capacidad: 97.0

--> Costo total: 1718.3830000000003          Capacidad total: 592.0

+-+-+-+-+-+-+-+-+-+-+-+-+-+-+-+-+-+-+- Iteracion 11  +-+-+-+-+-+-+-+-+-+-+-+-+-+-+-+-+-+-+-

La solución anterior duró 0min 0seg    -------> Nuevo optimo local. Costo: 1718.3830000000003
Lista tabu: [((14,45,26.077),3), ((30,21,22.361),3), ((14,21,23.77),2), ((34,19,10.63),5), ((41,38,33.526),5), ((34,41,2.0),4), ((1,25,51.546),2), ((13,36,27.459),2), ((1,13,27.295),1), ((19,38,40.012),7), ((45,1,46.065),7), ((19,45,15.232),6), ((13,36,27.459),8), ((24,1,38.328),8), ((13,24,11.662),7), ((27,29,28.231),9), ((30,38,28.601),9), ((27,30,6.083),8), ((1,44,20.809),6), ((26,2,6.708),6), ((1,26,28.601),5), ((43,13,30.871),11), ((36,1,46.098),11), ((36,43,28.443),10)]

+-+-+-+-+-+-+-+-+-+-+-+-+-+-+-+-+-+-+- Iteracion 13  +-+-+-+-+-+-+-+-+-+-+-+-+-+-+-+-+-+-+-


Ruta #1: [1, 7, 16, 15, 40, 6, 10, 33]
Costo asociado: 371.926      Capacidad: 100.0

Ruta #2: [1, 27, 30, 45, 19, 18, 41, 34, 29, 38]
Costo asociado: 328.071      Capacidad: 100.0

Ruta #3: [1, 3, 20, 42, 22, 11, 31]
Costo asociado: 262.16900000000004      Capacidad: 98.0

Ruta #4: [1, 32, 4, 8, 26, 2, 12]
Costo asociado: 169.636      Capacidad: 100.0

Ruta #5: [1, 25, 35, 28, 43, 36, 17, 24, 13]
Costo asociado: 332.605      Capacidad: 99.0

Ruta #6: [1, 44, 9, 39, 23, 5, 14, 21, 37]
Costo asociado: 253.976      Capacidad: 95.0

--> Costo total: 1684.6690000000003          Capacidad total: 592.0

+-+-+-+-+-+-+-+-+-+-+-+-+-+-+-+-+-+-+- Iteracion 13  +-+-+-+-+-+-+-+-+-+-+-+-+-+-+-+-+-+-+-

La solución anterior duró 0min 1seg    -------> Nuevo optimo local. Costo: 1684.6690000000003
Lista tabu: [((14,45,26.077),1), ((30,21,22.361),1), ((34,19,10.63),3), ((41,38,33.526),3), ((34,41,2.0),2), ((19,38,40.012),5), ((45,1,46.065),5), ((19,45,15.232),4), ((13,36,27.459),6), ((24,1,38.328),6), ((13,24,11.662),5), ((27,29,28.231),7), ((30,38,28.601),7), ((27,30,6.083),6), ((1,44,20.809),4), ((26,2,6.708),4), ((1,26,28.601),3), ((43,13,30.871),9), ((36,1,46.098),9), ((36,43,28.443),8), ((8,23,30.676),10), ((39,26,35.355),10), ((8,26,20.616),9), ((44,9,23.431),7), ((21,37,45.354),7), ((21,44,27.313),6)]

+-+-+-+-+-+-+-+-+-+-+-+-+-+-+-+-+-+-+- Iteracion 14  +-+-+-+-+-+-+-+-+-+-+-+-+-+-+-+-+-+-+-


Ruta #1: [1, 7, 16, 15, 40, 6, 10, 33]
Costo asociado: 371.926      Capacidad: 100.0

Ruta #2: [1, 27, 30, 45, 19, 18, 41, 34, 29, 38]
Costo asociado: 328.071      Capacidad: 100.0

Ruta #3: [1, 3, 20, 42, 22, 11, 31]
Costo asociado: 262.16900000000004      Capacidad: 98.0

Ruta #4: [1, 32, 4, 8, 26, 2, 12]
Costo asociado: 169.636      Capacidad: 100.0

Ruta #5: [1, 25, 35, 28, 43, 17, 36, 24, 13]
Costo asociado: 298.891      Capacidad: 99.0

Ruta #6: [1, 44, 9, 39, 23, 5, 14, 21, 37]
Costo asociado: 253.976      Capacidad: 95.0

--> Costo total: 1671.7500000000002          Capacidad total: 592.0

+-+-+-+-+-+-+-+-+-+-+-+-+-+-+-+-+-+-+- Iteracion 14  +-+-+-+-+-+-+-+-+-+-+-+-+-+-+-+-+-+-+-

La solución anterior duró 0min 1seg    -------> Nuevo optimo local. Costo: 1671.7500000000002
Lista tabu: [((34,19,10.63),2), ((41,38,33.526),2), ((34,41,2.0),1), ((19,38,40.012),4), ((45,1,46.065),4), ((19,45,15.232),3), ((13,36,27.459),5), ((24,1,38.328),5), ((13,24,11.662),4), ((27,29,28.231),6), ((30,38,28.601),6), ((27,30,6.083),5), ((1,44,20.809),3), ((26,2,6.708),3), ((1,26,28.601),2), ((43,13,30.871),8), ((36,1,46.098),8), ((36,43,28.443),7), ((8,23,30.676),9), ((39,26,35.355),9), ((8,26,20.616),8), ((44,9,23.431),6), ((21,37,45.354),6), ((21,44,27.313),5), ((43,36,28.443),11), ((17,24,39.699),11), ((17,43,5.0),10)]

+-+-+-+-+-+-+-+-+-+-+-+-+-+-+-+-+-+-+- Iteracion 18  +-+-+-+-+-+-+-+-+-+-+-+-+-+-+-+-+-+-+-


Ruta #1: [1, 7, 16, 15, 40, 6, 10, 33]
Costo asociado: 371.926      Capacidad: 100.0

Ruta #2: [1, 27, 30, 45, 19, 18, 41, 34, 29, 38]
Costo asociado: 328.071      Capacidad: 100.0

Ruta #3: [1, 3, 20, 42, 22, 11, 31]
Costo asociado: 262.16900000000004      Capacidad: 98.0

Ruta #4: [1, 32, 4, 8, 26, 2, 12]
Costo asociado: 169.636      Capacidad: 100.0

Ruta #5: [1, 25, 35, 28, 43, 17, 36, 24, 13]
Costo asociado: 298.891      Capacidad: 99.0

Ruta #6: [1, 44, 14, 5, 23, 39, 9, 21, 37]
Costo asociado: 241.05699999999996      Capacidad: 95.0

--> Costo total: 1644.3200000000002          Capacidad total: 592.0

+-+-+-+-+-+-+-+-+-+-+-+-+-+-+-+-+-+-+- Iteracion 18  +-+-+-+-+-+-+-+-+-+-+-+-+-+-+-+-+-+-+-

La solución anterior duró 0min 1seg    -------> Nuevo optimo local. Costo: 1644.3200000000002
Lista tabu: [((13,36,27.459),1), ((24,1,38.328),1), ((27,29,28.231),2), ((30,38,28.601),2), ((27,30,6.083),1), ((43,13,30.871),4), ((36,1,46.098),4), ((36,43,28.443),3), ((8,23,30.676),5), ((39,26,35.355),5), ((8,26,20.616),4), ((44,9,23.431),2), ((21,37,45.354),2), ((21,44,27.313),1), ((43,36,28.443),7), ((17,24,39.699),7), ((17,43,5.0),6), ((44,9,23.431),8), ((14,21,23.77),8), ((14,44,3.606),7), ((4,8,15.0),5), ((42,22,4.472),5), ((4,22,7.071),4), ((44,14,3.606),6), ((21,37,45.354),6), ((21,44,27.313),5), ((14,5,15.811),7), ((21,37,45.354),7), ((14,21,23.77),6)]

+-+-+-+-+-+-+-+-+-+-+-+-+-+-+-+-+-+-+- Iteracion 28  +-+-+-+-+-+-+-+-+-+-+-+-+-+-+-+-+-+-+-


Ruta #1: [1, 7, 16, 15, 40, 33, 10, 6]
Costo asociado: 344.496      Capacidad: 100.0

Ruta #2: [1, 27, 30, 45, 19, 18, 41, 34, 29, 38]
Costo asociado: 328.071      Capacidad: 100.0

Ruta #3: [1, 3, 20, 42, 22, 11, 31]
Costo asociado: 262.16900000000004      Capacidad: 98.0

Ruta #4: [1, 32, 4, 8, 26, 2, 12]
Costo asociado: 169.636      Capacidad: 100.0

Ruta #5: [1, 25, 35, 28, 43, 17, 36, 24, 13]
Costo asociado: 298.891      Capacidad: 99.0

Ruta #6: [1, 44, 14, 5, 23, 39, 9, 21, 37]
Costo asociado: 241.05699999999996      Capacidad: 95.0

--> Costo total: 1638.0870000000002          Capacidad total: 592.0

+-+-+-+-+-+-+-+-+-+-+-+-+-+-+-+-+-+-+- Iteracion 28  +-+-+-+-+-+-+-+-+-+-+-+-+-+-+-+-+-+-+-

La solución anterior duró 0min 2seg    -------> Nuevo optimo local. Costo: 1638.0870000000002
Lista tabu: [((40,6,29.155),2), ((33,1,29.275),2), ((33,40,5.0),1), ((19,18,85.329),1), ((42,22,4.472),1), ((41,34,2.0),2), ((29,38,5.831),2), ((29,41,32.65),1), ((27,30,6.083),3), ((41,34,2.0),3), ((27,41,26.173),2), ((19,18,85.329),4), ((41,34,2.0),4), ((19,41,12.042),3), ((1,25,51.546),5), ((28,43,25.239),5), ((1,28,28.16),4), ((28,43,25.239),6), ((36,24,29.428),6), ((28,36,21.26),5), ((14,5,15.811),7), ((23,39,38.288),7), ((14,23,23.324),6)]

+-+-+-+-+-+-+-+-+-+-+-+-+-+-+-+-+-+-+- Iteracion 34  +-+-+-+-+-+-+-+-+-+-+-+-+-+-+-+-+-+-+-


Ruta #1: [1, 7, 16, 15, 40, 33, 10, 6]
Costo asociado: 344.496      Capacidad: 100.0

Ruta #2: [1, 30, 27, 45, 19, 18, 41, 34, 29, 38]
Costo asociado: 321.838      Capacidad: 100.0

Ruta #3: [1, 3, 20, 42, 22, 11, 31]
Costo asociado: 262.16900000000004      Capacidad: 98.0

Ruta #4: [1, 32, 4, 8, 26, 2, 12]
Costo asociado: 169.636      Capacidad: 100.0

Ruta #5: [1, 25, 35, 28, 43, 17, 36, 24, 13]
Costo asociado: 298.891      Capacidad: 99.0

Ruta #6: [1, 44, 14, 5, 23, 39, 9, 21, 37]
Costo asociado: 241.05699999999996      Capacidad: 95.0

--> Costo total: 1634.641          Capacidad total: 592.0

+-+-+-+-+-+-+-+-+-+-+-+-+-+-+-+-+-+-+- Iteracion 34  +-+-+-+-+-+-+-+-+-+-+-+-+-+-+-+-+-+-+-

La solución anterior duró 0min 1seg    -------> Nuevo optimo local. Costo: 1634.641
Lista tabu: [((14,5,15.811),1), ((23,39,38.288),1), ((1,27,30.0),6), ((30,45,24.187),6), ((1,30,24.759),5), ((35,28,32.558),3), ((43,17,5.0),3), ((35,43,22.825),2), ((1,30,24.759),4), ((27,45,23.195),4), ((1,27,30.0),3), ((1,7,48.836),5), ((40,33,5.0),5), ((1,40,25.02),4), ((45,19,15.232),6), ((38,1,34.366),6), ((38,45,26.926),5), ((32,4,8.062),7), ((8,26,20.616),7), ((8,32,19.647),6)]

+-+-+-+-+-+-+-+-+-+-+-+-+-+-+-+-+-+-+- Iteracion 38  +-+-+-+-+-+-+-+-+-+-+-+-+-+-+-+-+-+-+-


Ruta #1: [1, 7, 16, 15, 40, 33, 10, 6]
Costo asociado: 344.496      Capacidad: 100.0

Ruta #2: [1, 30, 27, 45, 34, 41, 18, 19, 29, 38]
Costo asociado: 318.392      Capacidad: 100.0

Ruta #3: [1, 3, 20, 42, 22, 11, 31]
Costo asociado: 262.16900000000004      Capacidad: 98.0

Ruta #4: [1, 32, 4, 8, 26, 2, 12]
Costo asociado: 169.636      Capacidad: 100.0

Ruta #5: [1, 25, 35, 28, 43, 17, 36, 24, 13]
Costo asociado: 298.891      Capacidad: 99.0

Ruta #6: [1, 44, 14, 5, 23, 39, 9, 21, 37]
Costo asociado: 241.05699999999996      Capacidad: 95.0

--> Costo total: 1620.153          Capacidad total: 592.0

+-+-+-+-+-+-+-+-+-+-+-+-+-+-+-+-+-+-+- Iteracion 38  +-+-+-+-+-+-+-+-+-+-+-+-+-+-+-+-+-+-+-

La solución anterior duró 0min 1seg    -------> Nuevo optimo local. Costo: 1620.153
Lista tabu: [((1,27,30.0),2), ((30,45,24.187),2), ((1,30,24.759),1), ((1,7,48.836),1), ((40,33,5.0),1), ((45,19,15.232),2), ((38,1,34.366),2), ((38,45,26.926),1), ((32,4,8.062),3), ((8,26,20.616),3), ((8,32,19.647),2), ((45,19,15.232),8), ((34,29,31.78),8), ((34,45,6.083),7), ((5,23,8.602),5), ((21,37,45.354),5), ((5,21,29.411),4), ((26,2,6.708),6), ((12,1,36.222),6), ((12,26,24.698),5), ((28,43,25.239),7), ((36,24,29.428),7), ((28,36,21.26),6)]

+-+-+-+-+-+-+-+-+-+-+-+-+-+-+-+-+-+-+- Iteracion 39  +-+-+-+-+-+-+-+-+-+-+-+-+-+-+-+-+-+-+-


Ruta #1: [1, 7, 16, 15, 40, 33, 10, 6]
Costo asociado: 344.496      Capacidad: 100.0

Ruta #2: [1, 30, 27, 19, 18, 41, 34, 45, 29, 38]
Costo asociado: 303.904      Capacidad: 100.0

Ruta #3: [1, 3, 20, 42, 22, 11, 31]
Costo asociado: 262.16900000000004      Capacidad: 98.0

Ruta #4: [1, 32, 4, 8, 26, 2, 12]
Costo asociado: 169.636      Capacidad: 100.0

Ruta #5: [1, 25, 35, 28, 43, 17, 36, 24, 13]
Costo asociado: 298.891      Capacidad: 99.0

Ruta #6: [1, 44, 14, 5, 23, 39, 9, 21, 37]
Costo asociado: 241.05699999999996      Capacidad: 95.0

--> Costo total: 1619.498          Capacidad total: 592.0

+-+-+-+-+-+-+-+-+-+-+-+-+-+-+-+-+-+-+- Iteracion 39  +-+-+-+-+-+-+-+-+-+-+-+-+-+-+-+-+-+-+-

La solución anterior duró 0min 1seg    -------> Nuevo optimo local. Costo: 1619.498
Lista tabu: [((1,27,30.0),1), ((30,45,24.187),1), ((45,19,15.232),1), ((38,1,34.366),1), ((32,4,8.062),2), ((8,26,20.616),2), ((8,32,19.647),1), ((45,19,15.232),7), ((34,29,31.78),7), ((34,45,6.083),6), ((5,23,8.602),4), ((21,37,45.354),4), ((5,21,29.411),3), ((26,2,6.708),5), ((12,1,36.222),5), ((12,26,24.698),4), ((28,43,25.239),6), ((36,24,29.428),6), ((28,36,21.26),5), ((27,45,23.195),11), ((19,29,37.483),11), ((19,27,20.248),10)]

+-+-+-+-+-+-+-+-+-+-+-+-+-+-+-+-+-+-+- Iteracion 45  +-+-+-+-+-+-+-+-+-+-+-+-+-+-+-+-+-+-+-


Ruta #1: [1, 7, 10, 33, 40, 15, 16, 6]
Costo asociado: 343.841      Capacidad: 100.0

Ruta #2: [1, 30, 27, 19, 18, 41, 34, 45, 29, 38]
Costo asociado: 303.904      Capacidad: 100.0

