+-+-+-+-+-+-+-+-+-+-+-+-+-+-+ GRAFO CARGADO +-+-+-+-+-+-+-+-+-+-+-+-+-+-+-
        1         2         3         4         5         6         7         8         9         10        11        12        13        14        15        16        17        18        19        20        21        22        23        24        25        26        27        28        29        30        31        32        33        34        35        36        37        38        39        40        41        42        43        44        45        46        47        48        49        50        51        52        53        54        55        56        57        58        59        60        61        62
1     0         66.129    46.755    85.475    94.895    51.478    52.345    9.434    47.265    73.763    24.083    80.399    29.12    38.626    40.311    3.162    37.014    101.98    52.802    39.115    13.892    95.336    52.393    102.157    85.44    66.121    75.611    102.0    2.0    43.909    55.462    59.034    53.075    93.984    56.436    91.269    26.683    40.522    37.736    95.525    43.278    98.98    81.006    50.695    51.971    70.178    64.9    83.409    28.443    83.006    94.895    18.111    25.08    25.0    75.027    74.095    31.016    67.209    99.81    72.801    52.24    39.205    
2     66.129    0         33.242    22.204    33.526    19.416    66.31    64.885    90.272    9.487    76.217    23.431    37.162    27.514    28.425    62.968    64.537    73.41    14.036    29.069    58.31    30.067    48.021    36.235    25.08    19.416    49.82    37.537    64.257    72.945    12.042    25.179    67.231    61.741    30.594    41.725    56.08    53.451    30.15    32.802    58.669    32.985    18.358    82.152    42.19    24.698    15.264    28.284    38.471    30.414    72.125    76.007    52.0    41.231    8.944    50.488    38.013    70.214    70.264    49.366    20.591    66.03    
3     46.755    33.242    0         44.407    66.731    34.409    73.171    50.249    86.023    42.72    65.742    55.946    27.166    21.587    31.321    44.045    32.062    99.81    21.401    14.142    46.098    61.814    16.401    63.198    42.45    46.755    72.945    60.415    45.453    73.553    21.954    46.4    74.169    88.73    48.877    73.239    26.571    20.396    15.033    52.887    63.032    63.127    40.2    82.873    11.18    24.597    23.022    38.484    30.15    62.129    96.255    62.434    24.187    28.862    39.812    72.719    34.0    82.976    96.83    71.344    36.62    66.37    
4     85.475    22.204    44.407    0         33.838    41.617    88.102    85.446    112.446    21.378    97.745    33.377    57.428    47.434    50.21    82.365    76.105    86.683    33.015    46.519    79.202    23.345    54.452    19.026    5.831    38.079    67.119    16.553    83.726    95.131    30.232    45.88    89.0    75.133    51.624    50.596    70.612    64.031    47.854    10.63    80.777    21.471    4.472    104.307    49.163    22.561    21.587    13.454    59.203    40.792    87.367    97.005    67.446    61.294    14.866    68.264    59.464    90.802    83.546    67.365    42.72    88.233    
5     94.895    33.526    66.731    33.838    0         43.417    77.233    91.444    107.336    24.042    99.161    14.866    66.189    58.009    54.589    91.788    97.985    57.035    46.872    61.522    84.404    12.166    80.957    27.0    39.661    29.411    45.277    35.228    92.914    88.233    45.354    38.079    77.897    46.39    42.942    20.224    88.955    86.977    62.394    37.947    73.498    18.0    34.713    96.047    75.153    52.631    46.141    47.202    66.483    16.279    60.017    100.881    84.593    70.257    27.785    47.17    64.133    74.202    54.083    46.872    42.755    82.68    
6     51.478    19.416    34.409    41.617    43.417    0         47.434    48.384    70.937    23.854    57.983    29.017    23.022    16.553    11.18    48.374    60.033    65.437    15.297    22.804    41.437    44.777    50.804    54.203    44.294    15.297    38.588    56.586    49.497    53.535    17.029    12.042    48.384    54.489    14.866    42.379    48.847    51.225    23.022    52.202    39.357    49.244    37.736    62.769    45.486    39.051    29.155    46.487    23.087    32.558    61.911    58.6    44.011    27.0    27.586    38.471    20.881    53.038    62.482    37.121    2.236    46.615    
7     52.345    66.31    73.171    88.102    77.233    47.434    0         43.139    32.28    67.742    36.77    63.655    46.69    52.0    43.186    51.088    83.63    56.321    61.188    59.076    39.205    84.291    87.298    97.201    91.389    51.614    37.0    101.548    50.99    14.0    63.561    42.72    1.0    52.24    36.892    63.135    70.682    80.957    58.138    98.412    10.44    90.139    84.581    19.235    83.6    85.703    76.158    93.92    43.738    61.074    47.676    42.942    66.31    46.573    73.355    34.785    39.319    15.264    55.082    34.176    45.88    13.892    
8     9.434    64.885    50.249    85.446    91.444    48.384    43.139    0         39.0    71.694    16.279    76.688    28.018    38.013    37.336    9.22    45.398    94.154    52.431    40.311    7.071    93.048    58.241    101.119    86.052    62.169    68.411    101.789    8.544    34.482    55.218    54.332    43.841    86.683    51.01    86.006    34.015    47.381    38.897    95.802    34.409    97.17    81.025    41.437    57.009    72.25    65.856    84.865    26.42    78.518    86.764    12.207    31.401    24.207    73.824    66.761    27.514    58.138    92.114    65.521    48.765    29.833    
9     47.265    90.272    86.023    112.446    107.336    70.937    32.28    39.0    0         94.048    23.195    93.005    59.615    68.425    62.682    48.042    84.214    87.052    81.302    73.539    40.608    112.929    96.338    124.459    114.621    79.511    69.26    127.475    47.096    19.235    84.06    70.292    32.016    84.172    64.815    94.847    73.007    86.209    72.236    123.065    33.838    118.343    108.407    14.0    94.366    104.657    96.385    115.434    56.859    91.586    78.006    29.833    70.178    57.245    98.494    67.052    54.589    44.011    86.209    66.408    70.093    24.839    
10    73.763    9.487    42.72    21.378    24.042    23.854    67.742    71.694    94.048    0         81.835    15.0    44.643    35.511    34.438    70.605    73.98    67.357    23.087    38.013    64.885    21.587    57.306    30.48    26.019    16.763    46.0    33.838    71.84    75.928    21.378    25.06    68.6    55.66    30.887    33.601    65.276    62.936    39.0    31.016    61.221    25.495    19.0    84.812    51.478    31.623    23.345    31.401    45.541    22.472    67.082    82.298    61.074    48.765    7.071    47.043    44.283    69.57    64.195    46.098    24.207    69.354    
11    24.083    76.217    65.742    97.745    99.161    57.983    36.77    16.279    23.195    81.835    0         84.309    41.231    50.99    47.802    25.02    61.074    92.195    65.054    54.644    19.723    102.474    74.465    112.071    98.995    69.857    69.029    113.701    24.0    24.413    67.882    61.098    37.162    86.47    56.613    90.609    50.16    63.64    53.254    108.301    31.257    107.187    93.434    28.601    73.055    86.608    79.398    98.595    38.949    84.77    83.934    7.211    47.676    38.013    85.0    67.067    38.288    51.894    90.609    66.03    57.801    23.087    
12    80.399    23.431    55.946    33.377    14.866    29.017    63.655    76.688    93.005    15.0    84.309    0         52.0    44.407    40.112    77.318    86.035    53.367    34.928    48.765    69.635    20.809    71.281    34.928    38.833    14.56    35.171    41.231    78.409    74.027    34.0    23.259    64.382    41.773    28.302    18.601    76.158    75.644    49.477    41.049    59.203    26.926    32.28    82.134    65.46    46.615    38.21    45.222    52.086    7.616    54.083    86.023    71.589    56.009    21.471    36.688    49.497    62.266    50.22    36.056    28.16    68.242    
13    29.12    37.162    27.166    57.428    66.189    23.022    46.69    28.018    59.615    44.643    41.231    52.0    0         10.0    12.369    25.962    41.012    82.462    24.413    13.928    21.932    66.219    40.608    73.348    58.138    38.21    54.818    73.783    27.203    46.39    27.203    32.573    47.676    72.67    31.765    64.761    28.425    35.355    12.649    67.801    36.346    69.893    53.009    55.731    37.054    45.486    38.21    57.385    3.0    55.444    77.078    39.699    23.431    4.123    46.098    53.907    7.616    57.94    79.812    52.498    24.187    39.205    
14    38.626    27.514    21.587    47.434    58.009    16.553    52.0    38.013    68.425    35.511    50.99    44.407    10.0    0         9.849    35.468    43.566    80.623    14.422    7.616    31.89    57.07    37.162    63.561    48.166    31.623    53.151    63.812    36.77    53.852    17.205    28.018    53.0    70.093    29.0    58.873    32.311    35.355    7.211    57.801    42.107    60.44    43.012    63.325    32.573    36.235    28.425    47.634    12.042    48.765    76.217    49.679    27.514    13.892    36.401    52.631    13.928    61.392    77.782    51.225    18.358    46.573    
15    40.311    28.425    31.321    50.21    54.589    11.18    43.186    37.336    62.682    34.438    47.802    40.112    12.369    9.849    0         37.216    52.01    71.449    18.788    17.464    30.463    55.714    47.011    64.351    52.01    26.019    43.841    65.947    38.328    46.615    21.471    20.248    44.181    61.221    20.0    52.393    39.962    44.688    17.0    60.828    33.734    59.933    46.011    56.08    42.379    43.012    34.015    52.839    12.0    43.186    66.708    47.885    34.986    16.125    37.202    43.186    9.849    51.788    68.68    41.773    12.0    39.395    
16    3.162    62.968    44.045    82.365    91.788    48.374    51.088    9.22    48.042    70.605    25.02    77.318    25.962    35.468    37.216    0         36.222    99.73    49.659    36.056    12.042    92.179    50.329    99.005    82.377    63.071    73.164    98.884    1.414    43.382    52.326    56.08    51.856    91.548    53.6    88.363    25.179    38.833    34.67    92.439    41.725    95.818    77.897    50.596    49.649    67.268    61.855    80.43    25.318    80.0    92.785    19.647    23.087    21.84    71.868    71.694    28.0    65.765    97.509    70.385    49.163    38.275    
17    37.014    64.537    32.062    76.105    97.985    60.033    83.63    45.398    84.214    73.98    61.074    86.035    41.012    43.566    52.01    36.222    0         123.329    51.245    37.577    45.88    93.771    24.597    95.047    73.553    74.686    95.671    91.662    37.121    78.447    52.631    71.561    84.528    113.23    72.007    101.98    13.038    12.166    37.121    83.863    73.355    95.189    72.028    86.348    28.16    54.745    55.009    68.447    43.186    91.389    118.089    55.009    17.804    39.051    71.701    94.847    48.166    96.897    120.615    93.434    61.911    72.45    
18    101.98    73.41    99.81    86.683    57.035    65.437    56.321    94.154    87.052    67.357    92.195    53.367    82.462    80.623    71.449    99.73    123.329    0         79.322    87.784    88.142    69.0    116.211    84.024    92.195    54.589    27.659    92.022    100.18    70.257    79.925    53.413    56.223    11.705    51.624    37.014    110.887    115.974    87.727    93.536    61.131    75.027    85.615    73.062    110.802    98.087    88.566    98.494    80.604    45.891    9.22    97.529    105.891    85.0    74.33    28.601    75.802    43.046    3.162    30.0    63.253    69.231    
19    52.802    14.036    21.401    33.015    46.872    15.297    61.188    52.431    81.302    23.087    65.054    34.928    24.413    14.422    18.788    49.659    51.245    79.322    0         15.033    46.228    44.102    37.483    49.396    33.941    25.456    53.226    49.396    50.99    65.391    2.828    26.401    62.169    68.007    30.083    51.865    42.19    40.719    16.125    43.417    52.202    46.872    28.601    74.847    31.828    24.515    15.232    34.132    26.249    40.817    76.479    64.031    38.013    28.302    22.561    53.31    27.019    68.007    76.276    52.0    17.464    58.181    
20    39.115    29.069    14.142    46.519    61.522    22.804    59.076    40.311    73.539    38.013    54.644    48.765    13.928    7.616    17.464    36.056    37.577    87.784    15.033    0         35.0    59.135    29.547    63.891    46.325    37.121    60.44    63.071    37.443    60.017    17.263    34.713    60.075    77.078    36.235    64.405    27.459    28.425    1.414    56.436    49.0    61.814    42.048    69.426    25.0    32.016    25.807    44.598    16.763    53.852    83.6    52.402    23.087    16.643    37.483    60.0    20.1    68.884    84.9    58.6    24.839    52.773    
21    13.892    58.31    46.098    79.202    84.404    41.437    39.205    7.071    40.608    64.885    19.723    69.635    21.932    31.89    30.463    12.042    45.88    88.142    46.228    35.0    0         86.163    55.731    94.515    80.056    55.109    61.984    95.441    12.207    32.573    49.041    47.265    40.0    80.324    44.0    79.0    33.541    46.011    33.601    89.644    29.698    90.377    74.813    40.608    53.852    67.007    60.108    79.246    20.0    71.449    81.006    17.804    30.067    18.439    67.231    60.407    20.616    53.759    86.006    59.135    41.761    26.833    
22    95.336    30.067    61.814    23.345    12.166    44.777    84.291    93.048    112.929    21.587    102.474    20.809    66.219    57.07    55.714    92.179    93.771    69.0    44.102    59.135    86.163    0         74.632    15.133    29.0    33.422    55.154    23.087    93.408    94.175    42.012    42.638    85.041    58.138    48.166    32.016    86.006    82.201    60.208    26.0    79.31    6.325    25.239    102.533    68.964    44.294    39.56    36.77    67.052    25.632    71.568    103.368    82.024    70.342    22.091    56.859    65.552    83.006    66.008    56.365    44.721    88.091    
23    52.393    48.021    16.401    54.452    80.957    50.804    87.298    58.241    96.338    57.306    74.465    71.281    40.608    37.162    47.011    50.329    24.597    116.211    37.483    29.547    55.731    74.632    0         73.437    51.039    62.936    89.308    69.0    51.624    86.006    37.643    62.801    88.284    105.119    65.192    89.022    26.627    13.454    30.083    61.008    76.942    74.953    50.804    95.021    5.831    32.062    35.114    45.1    43.566    77.801    112.606    69.893    27.313    41.11    53.31    89.045    48.052    98.082    113.23    87.664    53.009    79.057    
24    102.157    36.235    63.198    19.026    27.0    54.203    97.201    101.119    124.459    30.48    112.071    34.928    73.348    63.561    64.351    99.005    95.047    84.024    49.396    63.891    94.515    15.133    73.437    0         22.804    45.607    69.893    8.944    100.319    106.151    46.819    54.672    98.005    73.246    60.44    47.096    89.107    83.006    65.146    15.0    91.351    9.0    23.022    114.865    68.184    41.437    40.2    30.083    74.706    40.522    86.701    112.161    85.703    77.389    27.295    71.512    74.095    97.062    81.056    70.937    54.672    99.705    
25    85.44    25.08    42.45    5.831    39.661    44.294    91.389    86.052    114.621    26.019    98.995    38.833    58.138    48.166    52.01    82.377    73.553    92.195    33.941    46.325    80.056    29.0    51.039    22.804    0         42.426    72.007    18.111    83.762    97.755    31.113    49.729    92.309    80.604    55.362    56.303    68.964    61.4    47.707    10.44    83.648    26.627    7.071    107.042    46.011    19.0    20.591    7.81    60.141    46.325    92.655    97.837    66.129    61.847    19.105    73.062    60.877    94.831    89.051    72.111    45.618    90.736    
26    66.121    19.416    46.755    38.079    29.411    15.297    51.614    62.169    79.511    16.763    69.857    14.56    38.21    31.623    26.019    63.071    74.686    54.589    25.456    37.121    55.109    33.422    62.936    45.607    42.426    0         30.414    50.12    64.125    60.828    25.612    9.22    52.431    43.046    14.866    27.313    63.906    65.192    37.577    47.76    45.967    38.897    35.355    69.354    57.28    43.966    34.176    47.0    38.013    17.263    52.811    71.47    59.135    42.107    23.345    31.145    35.128    52.811    51.478    30.067    14.036    54.672    
27    75.611    49.82    72.945    67.119    45.277    38.588    37.0    68.411    69.26    46.0    69.029    35.171    54.818    53.151    43.841    73.164    95.671    27.659    53.226    60.44    61.984    55.154    89.308    69.893    72.007    30.414    0         76.4    73.736    50.448    54.231    26.833    37.336    18.385    24.207    27.586    83.241    88.459    60.308    75.802    38.053    61.465    65.0    56.08    84.06    74.216    64.288    77.162    53.009    29.547    23.324    73.437    78.243    57.428    53.009    2.236    48.26    29.732    25.0    3.0    36.359    47.265    
28    102.0    37.537    60.415    16.553    35.228    56.586    101.548    101.789    127.475    33.838    113.701    41.231    73.783    63.812    65.947    98.884    91.662    92.022    49.396    63.071    95.441    23.087    69.0    8.944    18.111    50.12    76.4    0         100.24    109.636    46.648    58.83    102.396    81.025    64.661    55.009    86.833    79.511    64.405    8.062    95.0    17.464    21.024    118.6    64.07    37.054    37.947    24.187    75.452    47.518    94.26    113.225    83.815    77.698    29.0    77.885    75.432    102.552    89.006    77.201    57.385    102.942    
29    2.0    64.257    45.453    83.726    92.914    49.497    50.99    8.544    47.096    71.84    24.0    78.409    27.203    36.77    38.328    1.414    37.121    100.18    50.99    37.443    12.207    93.408    51.624    100.319    83.762    64.125    73.736    100.24    0         42.942    53.666    57.035    51.74    92.114    54.452    89.275    26.306    40.025    36.056    93.814    41.773    97.082    79.259    49.98    51.0    68.68    63.246    81.835    26.476    81.006    93.15    18.439    24.352    23.087    73.164    72.236    29.017    65.765    97.99    70.937    50.249    38.013    
30    43.909    72.945    73.553    95.131    88.233    53.535    14.0    34.482    19.235    75.928    24.413    74.027    46.39    53.852    46.615    43.382    78.447    70.257    65.391    60.017    32.573    94.175    86.006    106.151    97.755    60.828    50.448    109.636    42.942    0         68.029    51.624    14.036    66.189    46.011    75.644    65.97    77.782    58.856    105.683    14.866    99.725    91.269    9.487    83.096    89.538    80.623    99.282    43.417    72.402    61.522    31.241    62.169    45.044    80.802    48.27    40.025    28.16    69.065    47.539    52.431    7.28    
31    55.462    12.042    21.954    30.232    45.354    17.029    63.561    55.218    84.06    21.378    67.882    34.0    27.203    17.205    21.471    52.326    52.631    79.925    2.828    17.263    49.041    42.012    37.643    46.819    31.113    25.612    54.231    46.648    53.666    68.029    0         27.514    64.537    68.505    31.575    51.4    44.045    41.785    18.439    40.608    54.708    44.553    25.807    77.473    31.89    22.204    12.649    31.385    29.069    40.224    77.389    66.843    40.012    31.064    20.224    54.424    29.833    70.007    76.851    53.141    19.105    60.836    
32    59.034    25.179    46.4    45.88    38.079    12.042    42.72    54.332    70.292    25.06    61.098    23.259    32.573    28.018    20.248    56.08    71.561    53.413    26.401    34.713    47.265    42.638    62.801    54.672    49.729    9.22    26.833    58.83    57.035    51.624    27.514    0         43.566    42.45    5.831    32.388    59.942    63.127    34.828    55.946    36.77    48.104    42.72    60.208    57.428    48.374    38.328    53.46    31.78    24.187    50.12    63.063    55.009    36.139    31.016    26.926    28.16    45.122    50.448    25.632    9.899    45.453    
33    53.075    67.231    74.169    89.0    77.897    48.384    1.0    43.841    32.016    68.6    37.162    64.382    47.676    53.0    44.181    51.856    84.528    56.223    62.169    60.075    40.0    85.041    88.284    98.005    92.309    52.431    37.336    102.396    51.74    14.036    64.537    43.566    0         52.345    37.736    63.632    71.589    81.908    59.135    99.298    11.402    90.907    85.493    18.788    84.593    86.683    77.13    94.868    44.721    61.717    47.518    43.417    67.231    47.539    74.243    35.114    40.311    14.765    55.036    34.54    46.819    14.422    
34    93.984    61.741    88.73    75.133    46.39    54.489    52.24    86.683    84.172    55.66    86.47    41.773    72.67    70.093    61.221    91.548    113.23    11.705    68.007    77.078    80.324    58.138    105.119    73.246    80.604    43.046    18.385    81.025    92.114    66.189    68.505    42.45    52.345    0         41.231    26.173    101.02    105.418    77.104    82.219    55.227    64.281    73.98    70.406    99.639    86.406    76.922    86.833    71.021    34.366    13.928    91.241    96.021    75.472    62.642    19.925    66.37    41.11    8.544    21.19    52.345    64.031    
35    56.436    30.594    48.877    51.624    42.942    14.866    36.892    51.01    64.815    30.887    56.613    28.302    31.765    29.0    20.0    53.6    72.007    51.624    30.083    36.235    44.0    48.166    65.192    60.44    55.362    14.866    24.207    64.661    54.452    46.011    31.575    5.831    37.736    41.231    0         35.0    59.908    64.351    36.125    61.741    31.145    53.74    48.384    54.489    60.033    53.085    43.046    58.856    30.463    28.16    47.434    59.034    54.918    34.928    36.77    23.854    26.249    39.623    48.795    22.472    12.649    40.0    
36    91.269    41.725    73.239    50.596    20.224    42.379    63.135    86.006    94.847    33.601    90.609    18.601    64.761    58.873    52.393    88.363    101.98    37.014    51.865    64.405    79.0    32.016    89.022    47.096    56.303    27.313    27.586    55.009    89.275    75.644    51.4    32.388    63.632    26.173    35.0    0         91.181    92.282    64.885    56.719    61.685    38.118    50.16    82.365    83.241    65.215    56.727    63.159    64.133    11.314    39.812    93.648    86.377    68.447    39.962    29.732    60.531    57.315    34.0    29.833    40.804    71.169    
37    26.683    56.08    26.571    70.612    88.955    48.847    70.682    34.015    73.007    65.276    50.16    76.158    28.425    32.311    39.962    25.179    13.038    110.887    42.19    27.459    33.541    86.006    26.627    89.107    68.964    63.906    83.241    86.833    26.306    65.97    44.045    59.942    71.589    101.02    59.908    91.181    0         13.928    26.683    79.404    60.374    88.142    66.287    74.148    27.586    51.078    49.031    65.0    30.414    80.957    105.418    44.721    5.0    26.173    64.008    82.329    35.355    83.863    108.231    80.92    50.567    59.775    
38    40.522    53.451    20.396    64.031    86.977    51.225    80.957    47.381    86.209    62.936    63.64    75.644    35.355    35.355    44.688    38.833    12.166    115.974    40.719    28.425    46.011    82.201    13.454    83.006    61.4    65.192    88.459    79.511    40.025    77.782    41.785    63.127    81.908    105.418    64.351    92.282    13.928    0         28.32    71.701    70.52    83.385    60.0    86.371    16.155    42.579    43.105    56.294    38.013    81.413    111.396    58.464    16.031    34.54    60.208    87.864    42.942    93.107    113.137    86.452    53.263    71.197    
39    37.736    30.15    15.033    47.854    62.394    23.022    58.138    38.897    72.236    39.0    53.254    49.477    12.649    7.211    17.0    34.67    37.121    87.727    16.125    1.414    33.601    60.208    30.083    65.146    47.707    37.577    60.308    64.405    36.056    58.856    18.439    34.828    59.135    77.104    36.125    64.885    26.683    28.32    0         57.801    48.01    62.968    43.382    68.25    25.71    33.422    27.203    46.011    15.524    54.424    83.409    50.99    22.204    15.264    38.639    59.816    19.026    68.154    84.865    58.412    25.0    51.624    
40    95.525    32.802    52.887    10.63    37.947    52.202    98.412    95.802    123.065    31.016    108.301    41.049    67.801    57.801    60.828    92.439    83.863    93.536    43.417    56.436    89.644    26.0    61.008    15.0    10.44    47.76    75.802    8.062    93.814    105.683    40.608    55.946    99.298    82.219    61.741    56.719    79.404    71.701    57.801    0         91.269    21.633    14.866    114.826    56.143    29.155    30.871    16.125    69.656    48.01    95.005    107.448    76.551    71.61    25.06    77.104    70.036    100.568    90.449    76.295    53.254    98.813    
41    43.278    58.669    63.032    80.777    73.498    39.357    10.44    34.409    33.838    61.221    31.257    59.203    36.346    42.107    33.734    41.725    73.355    61.131    52.202    49.0    29.698    79.31    76.942    91.351    83.648    45.967    38.053    95.0    41.773    14.866    54.708    36.77    11.402    55.227    31.145    61.685    60.374    70.52    48.01    91.269    0         84.865    77.026    23.601    73.335    76.655    67.357    85.615    33.377    57.801    53.141    36.401    55.946    36.139    66.287    36.014    29.069    24.083    59.439    35.057    38.079    9.487    
42    98.98    32.985    63.127    21.471    18.0    49.244    90.139    97.17    118.343    25.495    107.187    26.926    69.893    60.44    59.933    95.818    95.189    75.027    46.872    61.814    90.377    6.325    74.953    9.0    26.627    38.897    61.465    17.464    97.082    99.725    44.553    48.104    90.907    64.281    53.74    38.118    88.142    83.385    62.968    21.633    84.865    0         24.352    108.208    69.426    43.658    40.311    34.409    70.937    31.953    77.782    107.782    84.38    74.0    24.331    63.159    69.778    89.185    72.062    62.65    49.396    93.509    
43    81.006    18.358    40.2    4.472    34.713    37.736    84.581    81.025    108.407    19.0    93.434    32.28    53.009    43.012    46.011    77.897    72.028    85.615    28.601    42.048    74.813    25.239    50.804    23.022    7.071    35.355    65.0    21.024    79.259    91.269    25.807    42.72    85.493    73.98    48.384    50.16    66.287    60.0    43.382    14.866    77.026    24.352    0         100.499    45.398    19.313    17.263    13.0    54.818    39.85    85.843    92.617    63.063    56.859    12.042    66.03    55.172    87.801    82.462    65.069    38.949    84.315    
44    50.695    82.152    82.873    104.307    96.047    62.769    19.235    41.437    14.0    84.812    28.601    82.134    55.731    63.325    56.08    50.596    86.348    73.062    74.847    69.426    40.608    102.533    95.021    114.865    107.042    69.354    56.08    118.6    49.98    9.487    77.473    60.208    18.788    70.406    54.489    82.365    74.148    86.371    68.25    114.826    23.601    108.208    100.499    0         92.266    99.02    90.078    108.688    52.773    80.0    64.008    35.805    70.576    54.231    89.872    53.852    49.477    30.017    72.25    53.31    61.587    16.763    
45    51.971    42.19    11.18    49.163    75.153    45.486    83.6    57.009    94.366    51.478    73.055    65.46    37.054    32.573    42.379    49.649    28.16    110.802    31.828    25.0    53.852    68.964    5.831    68.184    46.011    57.28    84.06    64.07    51.0    83.096    31.89    57.428    84.593    99.639    60.033    83.241    27.586    16.155    25.71    56.143    73.335    69.426    45.398    92.266    0         27.019    29.411    40.447    40.05    72.007    107.378    68.942    27.203    38.053    47.539    83.863    44.283    93.862    107.801    82.492    47.707    76.026    
46    70.178    24.698    24.597    22.561    52.631    39.051    85.703    72.25    104.657    31.623    86.608    46.615    45.486    36.235    43.012    67.268    54.745    98.087    24.515    32.016    67.007    44.294    32.062    41.437    19.0    43.966    74.216    37.054    68.68    89.538    22.204    48.374    86.683    86.406    53.085    65.215    51.078    42.579    33.422    29.155    76.655    43.658    19.313    99.02    27.019    0         10.05    13.928    48.021    54.083    96.768    84.386    48.765    48.6    25.495    74.733    50.09    92.087    94.937    73.546    41.012    82.28    
47    64.9    15.264    23.022    21.587    46.141    29.155    76.158    65.856    96.385    23.345    79.398    38.21    38.21    28.425    34.015    61.855    55.009    88.566    15.232    25.807    60.108    39.56    35.114    40.2    20.591    34.176    64.288    37.947    63.246    80.623    12.649    38.328    77.13    76.922    43.046    56.727    49.031    43.105    27.203    30.871    67.357    40.311    17.263    90.078    29.411    10.05    0         19.209    40.46    45.453    86.977    77.795    45.88    41.725    18.358    64.761    41.881    82.152    85.428    63.561    31.064    73.41    
48    83.409    28.284    38.484    13.454    47.202    46.487    93.92    84.865    115.434    31.401    98.595    45.222    57.385    47.634    52.839    80.43    68.447    98.494    34.132    44.598    79.246    36.77    45.1    30.083    7.81    47.0    77.162    24.187    81.835    99.282    31.385    53.46    94.868    86.833    58.856    63.159    65.0    56.294    46.011    16.125    85.615    34.409    13.0    108.688    40.447    13.928    19.209    0         59.666    52.811    98.478    96.876    62.61    60.828    24.331    78.058    61.033    98.478    95.336    77.026    48.083    92.13    
49    28.443    38.471    30.15    59.203    66.483    23.087    43.738    26.42    56.859    45.541    38.949    52.086    3.0    12.042    12.0    25.318    43.186    80.604    26.249    16.763    20.0    67.052    43.566    74.706    60.141    38.013    53.009    75.452    26.476    43.417    29.069    31.78    44.721    71.021    30.463    64.133    30.414    38.013    15.524    69.656    33.377    70.937    54.818    52.773    40.05    48.021    40.46    59.666    0         55.145    75.007    37.802    25.456    4.472    47.413    52.01    5.0    55.154    78.006    50.606    24.0    36.222    
50    83.006    30.414    62.129    40.792    16.279    32.558    61.074    78.518    91.586    22.472    84.77    7.616    55.444    48.765    43.186    80.0    91.389    45.891    40.817    53.852    71.449    25.632    77.801    40.522    46.325    17.263    29.547    47.518    81.006    72.402    40.224    24.187    61.717    34.366    28.16    11.314    80.957    81.413    54.424    48.01    57.801    31.953    39.85    80.0    72.007    54.083    45.453    52.811    55.145    0         47.0    87.098    76.243    59.304    29.069    31.305    52.0    58.009    42.755    30.887    31.257    67.119    
51    94.895    72.125    96.255    87.367    60.017    61.911    47.676    86.764    78.006    67.082    83.934    54.083    77.078    76.217    66.708    92.785    118.089    9.22    76.479    83.6    81.006    71.568    112.606    86.701    92.655    52.811    23.324    94.26    93.15    61.522    77.389    50.12    47.518    13.928    47.434    39.812    105.418    111.396    83.409    95.005    53.141    77.782    85.843    64.008    107.378    96.768    86.977    98.478    75.007    47.0    0         89.493    100.449    79.31    74.148    23.601    70.093    34.0    9.434    25.0    59.682    60.877    
52    18.111    76.007    62.434    97.005    100.881    58.6    42.942    12.207    29.833    82.298    7.211    86.023    39.699    49.679    47.885    19.647    55.009    97.529    64.031    52.402    17.804    103.368    69.893    112.161    97.837    71.47    73.437    113.225    18.439    31.241    66.843    63.063    43.417    91.241    59.034    93.648    44.721    58.464    50.99    107.448    36.401    107.782    92.617    35.805    68.942    84.386    77.795    96.876    37.802    87.098    89.493    0         42.72    36.069    84.906    71.568    38.079    58.181    95.802    70.456    58.694    29.069    
53    25.08    52.0    24.187    67.446    84.593    44.011    66.31    31.401    70.178    61.074    47.676    71.589    23.431    27.514    34.986    23.087    17.804    105.891    38.013    23.087    30.067    82.024    27.313    85.703    66.129    59.135    78.243    83.815    24.352    62.169    40.012    55.009    67.231    96.021    54.918    86.377    5.0    16.031    22.204    76.551    55.946    84.38    63.063    70.576    27.203    48.765    45.88    62.61    25.456    76.243    100.449    42.72    0         21.26    60.133    77.337    30.414    79.259    103.233    75.928    45.695    55.785    
54    25.0    41.231    28.862    61.294    70.257    27.0    46.573    24.207    57.245    48.765    38.013    56.009    4.123    13.892    16.125    21.84    39.051    85.0    28.302    16.643    18.439    70.342    41.11    77.389    61.847    42.107    57.428    77.698    23.087    45.044    31.064    36.139    47.539    75.472    34.928    68.447    26.173    34.54    15.264    71.61    36.139    74.0    56.859    54.231    38.053    48.6    41.725    60.828    4.472    59.304    79.31    36.069    21.26    0         50.16    56.4    9.22    58.6    82.42    55.0    28.071    38.0    
55    75.027    8.944    39.812    14.866    27.785    27.586    73.355    73.824    98.494    7.071    85.0    21.471    46.098    36.401    37.202    71.868    71.701    74.33    22.561    37.483    67.231    22.091    53.31    27.295    19.105    23.345    53.009    29.0    73.164    80.802    20.224    31.016    74.243    62.642    36.77    39.962    64.008    60.208    38.639    25.06    66.287    24.331    12.042    89.872    47.539    25.495    18.358    24.331    47.413    29.069    74.148    84.906    60.133    50.16    0         54.009    46.872    75.961    71.169    53.038    28.425    74.027    
56    74.095    50.488    72.719    68.264    47.17    38.471    34.785    66.761    67.052    47.043    67.067    36.688    53.907    52.631    43.186    71.694    94.847    28.601    53.31    60.0    60.407    56.859    89.045    71.512    73.062    31.145    2.236    77.885    72.236    48.27    54.424    26.926    35.114    19.925    23.854    29.732    82.329    87.864    59.816    77.104    36.014    63.159    66.03    53.852    83.863    74.733    64.761    78.058    52.01    31.305    23.601    71.568    77.337    56.4    54.009    0         47.202    27.586    26.077    1.414    36.235    45.177    
57    31.016    38.013    34.0    59.464    64.133    20.881    39.319    27.514    54.589    44.283    38.288    49.497    7.616    13.928    9.849    28.0    48.166    75.802    27.019    20.1    20.616    65.552    48.052    74.095    60.877    35.128    48.26    75.432    29.017    40.025    29.833    28.16    40.311    66.37    26.249    60.531    35.355    42.942    19.026    70.036    29.069    69.778    55.172    49.477    44.283    50.09    41.881    61.033    5.0    52.0    70.093    38.079    30.414    9.22    46.872    47.202    0         50.329    73.239    45.804    21.378    32.757    
58    67.209    70.214    82.976    90.802    74.202    53.038    15.264    58.138    44.011    69.57    51.894    62.266    57.94    61.392    51.788    65.765    96.897    43.046    68.007    68.884    53.759    83.006    98.082    97.062    94.831    52.811    29.732    102.552    65.765    28.16    70.007    45.122    14.765    41.11    39.623    57.315    83.863    93.107    68.154    100.568    24.083    89.185    87.801    30.017    93.862    92.087    82.152    98.478    55.154    58.009    34.0    58.181    79.259    58.6    75.961    27.586    50.329    0         42.297    27.586    51.088    29.155    
59    99.81    70.264    96.83    83.546    54.083    62.482    55.082    92.114    86.209    64.195    90.609    50.22    79.812    77.782    68.68    97.509    120.615    3.162    76.276    84.9    86.006    66.008    113.23    81.056    89.051    51.478    25.0    89.006    97.99    69.065    76.851    50.448    55.036    8.544    48.795    34.0    108.231    113.137    84.865    90.449    59.439    72.062    82.462    72.25    107.801    94.937    85.428    95.336    78.006    42.755    9.434    95.802    103.233    82.42    71.169    26.077    73.239    42.297    0         27.459    60.308    67.742    
60    72.801    49.366    71.344    67.365    46.872    37.121    34.176    65.521    66.408    46.098    66.03    36.056    52.498    51.225    41.773    70.385    93.434    30.0    52.0    58.6    59.135    56.365    87.664    70.937    72.111    30.067    3.0    77.201    70.937    47.539    53.141    25.632    34.54    21.19    22.472    29.833    80.92    86.452    58.412    76.295    35.057    62.65    65.069    53.31    82.492    73.546    63.561    77.026    50.606    30.887    25.0    70.456    75.928    55.0    53.038    1.414    45.804    27.586    27.459    0         34.886    44.283    
61    52.24    20.591    36.62    42.72    42.755    2.236    45.88    48.765    70.093    24.207    57.801    28.16    24.187    18.358    12.0    49.163    61.911    63.253    17.464    24.839    41.761    44.721    53.009    54.672    45.618    14.036    36.359    57.385    50.249    52.431    19.105    9.899    46.819    52.345    12.649    40.804    50.567    53.263    25.0    53.254    38.079    49.396    38.949    61.587    47.707    41.012    31.064    48.083    24.0    31.257    59.682    58.694    45.695    28.071    28.425    36.235    21.378    51.088    60.308    34.886    0         45.607    
62    39.205    66.03    66.37    88.233    82.68    46.615    13.892    29.833    24.839    69.354    23.087    68.242    39.205    46.573    39.395    38.275    72.45    69.231    58.181    52.773    26.833    88.091    79.057    99.705    90.736    54.672    47.265    102.942    38.013    7.28    60.836    45.453    14.422    64.031    40.0    71.169    59.775    71.197    51.624    98.813    9.487    93.509    84.315    16.763    76.026    82.28    73.41    92.13    36.222    67.119    60.877    29.069    55.785    38.0    74.027    45.177    32.757    29.155    67.742    44.283    45.607    0         


Demandas:
1: 0.0
2: 26.0
3: 18.0
4: 16.0
5: 8.0
6: 7.0
7: 11.0
8: 4.0
9: 9.0
10: 9.0
11: 16.0
12: 7.0
13: 6.0
14: 1.0
15: 2.0
16: 22.0
17: 23.0
18: 4.0
19: 3.0
20: 20.0
21: 7.0
22: 1.0
23: 2.0
24: 12.0
25: 22.0
26: 6.0
27: 11.0
28: 12.0
29: 2.0
30: 14.0
31: 14.0
32: 2.0
33: 9.0
34: 20.0
35: 2.0
36: 18.0
37: 19.0
38: 18.0
39: 4.0
40: 16.0
41: 26.0
42: 3.0
43: 23.0
44: 16.0
45: 10.0
46: 9.0
47: 21.0
48: 24.0
49: 24.0
50: 19.0
51: 12.0
52: 16.0
53: 6.0
54: 2.0
55: 2.0
56: 2.0
57: 23.0
58: 16.0
59: 26.0
60: 21.0
61: 2.0
62: 7.0
+-+-+-+-+-+-+-+-+-+-+-+-+-+-+-+ SOLUCION INICIAL +-+-+-+-+-+-+-+-+-+-+-+-+-+-+-+-

Ruta #1: [1, 4, 19, 31, 46, 10, 55, 48, 43]
Costo asociado: 300.553      Capacidad: 100.0

Ruta #2: [1, 8, 16, 9, 52, 11]
Costo asociado: 127.823      Capacidad: 67.0

Ruta #3: [1, 18, 56, 51, 59, 34, 27, 60]
Costo asociado: 266.346      Capacidad: 96.0

Ruta #4: [1, 17, 23, 38, 45, 3, 20, 39]
Costo asociado: 155.692      Capacidad: 95.0

Ruta #5: [1, 5, 12, 36, 22, 24, 42, 28, 40, 25, 14]
Costo asociado: 307.269      Capacidad: 100.0

Ruta #6: [1, 6, 29, 54, 13, 15, 26, 61, 35, 32, 50, 2, 47]
