+-+-+-+-+-+-+-+-+-+-+-+-+-+-+ GRAFO CARGADO +-+-+-+-+-+-+-+-+-+-+-+-+-+-+-
        1         2         3         4         5         6         7         8         9         10        11        12        13        14        15        16        17        18        19        20        21        22        23        24        25        26        27        28        29        30        31        32        33        34        35        36        37        38        39        40        41        42        43        44        45
1     0         20.881    31.145    66.603    66.91    78.892    30.232    28.601    82.073    18.682    69.656    60.407    49.739    43.829    19.698    35.693    67.446    56.223    50.01    65.0    54.203    88.091    45.607    9.055    41.725    36.401    24.331    43.081    25.0    30.15    69.857    40.361    34.828    93.349    54.12    25.298    66.708    47.802    21.024    67.357    65.788    86.452    59.211    42.048    28.653    
2     20.881    0         50.22    79.649    86.145    86.279    12.083    40.719    94.34    38.013    83.187    51.0    70.214    54.083    14.142    56.515    85.843    55.902    48.754    54.231    64.637    98.082    64.281    29.428    25.08    56.436    24.083    34.234    37.696    29.411    58.549    34.482    46.957    105.119    42.297    14.56    87.556    33.242    34.205    88.233    56.036    99.126    79.006    42.19    9.434    
3     31.145    50.22    0         73.007    56.4    92.962    60.959    46.174    88.102    28.16    74.686    89.894    22.091    59.135    41.785    21.26    60.141    80.604    75.69    94.895    67.082    97.499    41.881    26.833    72.835    8.062    53.235    73.062    43.417    58.181    99.85    51.157    50.01    99.298    84.599    47.434    44.721    78.873    20.1    43.046    95.258    91.302    47.202    67.72    59.034    
4     66.603    79.649    73.007    0         36.674    26.0    79.712    39.115    15.62    50.448    4.0    71.197    69.354    26.249    85.604    53.16    30.017    46.573    49.366    76.688    17.029    24.739    32.558    59.414    81.394    69.26    57.585    66.121    42.438    54.818    80.523    106.963    32.757    27.019    75.107    90.443    60.877    79.228    81.4    66.491    74.216    19.849    40.025    48.042    80.777    
5     66.91    86.145    56.4    36.674    0         62.65    91.198    50.448    45.398    48.374    35.114    97.529    42.72    48.021    86.122    35.847    7.071    75.802    75.802    103.354    45.967    57.871    22.023    57.871    97.673    49.578    71.197    86.977    51.788    71.568    107.912    103.247    46.819    54.009    98.234    91.984    26.019    98.762    72.45    32.062    101.71    46.011    9.22    71.113    91.049    
6     78.892    86.279    92.962    26.0    62.65    0         82.62    50.537    23.324    66.731    27.785    61.0    93.048    35.341    95.603    75.166    55.902    37.0    42.953    65.49    25.962    16.0    56.143    73.824    80.131    90.67    62.225    62.61    54.12    57.385    68.118    118.004    44.777    27.166    68.007    99.358    86.683    75.24    97.17    92.179    62.29    27.313    65.803    46.043    84.504    
7     30.232    12.083    60.959    79.712    91.198    82.62    0         42.426    93.52    44.643    83.487    40.311    79.925    53.488    25.962    64.622    90.006    49.204    42.012    43.0    63.561    95.718    69.181    37.577    13.0    66.611    22.136    24.698    40.112    25.554    47.096    44.283    48.052    103.769    31.0    25.02    95.52    21.378    46.043    96.773    45.1    98.489    84.853    36.797    3.0    
8     28.601    40.719    46.174    39.115    50.448    50.537    42.426    0         54.203    18.028    42.544    50.249    54.589    15.264    46.755    34.986    48.26    35.114    31.385    55.973    25.612    59.548    29.155    23.409    47.381    46.573    21.024    37.121    3.606    21.19    60.877    68.622    6.403    65.299    48.877    51.4    61.221    48.384    46.819    64.382    55.154    58.822    45.695    24.207    42.953    
9     82.073    94.34    88.102    15.62    45.398    23.324    93.52    54.203    0         66.068    13.416    80.006    82.765    40.311    100.896    67.779    38.328    55.0    59.304    85.094    29.967    12.649    46.819    75.007    93.963    83.934    71.554    77.666    57.628    68.154    88.363    122.43    47.802    11.402    85.376    105.603    71.176    90.802    97.005    77.104    82.219    5.099    51.01    59.666    94.81    
10    18.682    38.013    28.16    50.448    48.374    66.731    44.643    18.028    66.068    0         53.075    64.405    39.051    31.78    38.275    20.809    48.765    52.631    48.104    69.814    40.853    73.573    26.926    9.849    53.666    29.155    29.069    48.795    15.297    32.65    74.813    57.689    22.361    77.466    60.811    43.966    51.078    57.428    31.064    52.839    69.635    70.093    41.0    40.311    43.932    
11    69.656    83.187    74.686    4.0    35.114    27.785    83.487    42.544    13.416    53.075    0         75.133    69.871    30.083    88.814    54.424    28.231    50.448    53.339    80.604    21.024    24.083    33.526    62.241    85.329    70.576    61.351    70.114    45.793    58.694    84.404    109.986    36.235    24.698    79.101    93.744    60.017    83.217    83.869    65.765    78.102    17.029    39.319    52.038    84.504    
12    60.407    51.0    89.894    71.197    97.529    61.0    40.311    50.249    80.006    64.405    75.133    0         103.407    49.659    65.031    84.386    93.52    25.02    22.136    5.831    54.818    76.792    78.237    63.063    29.732    92.962    36.674    17.464    50.931    31.906    10.63    84.593    51.614    87.367    10.296    65.123    111.396    21.024    80.777    114.63    5.385    85.0    94.578    26.627    43.29    
13    49.739    70.214    22.091    69.354    42.72    93.048    79.925    54.589    82.765    39.051    69.871    103.407    0         63.6    63.325    19.698    48.301    89.471    85.959    108.853    68.731    93.904    37.014    42.802    90.802    14.318    67.897    87.784    53.0    71.701    113.851    73.027    56.08    93.145    99.765    69.123    24.166    95.671    42.19    21.378    108.6    84.9    34.0    78.549    78.39    
14    43.829    54.083    59.135    26.249    48.021    35.341    53.488    15.264    40.311    31.78    30.083    49.659    63.6    0         61.522    44.147    43.863    28.284    27.785    55.462    10.63    44.553    30.61    38.484    55.444    58.138    31.385    41.195    18.868    28.636    59.942    83.63    9.487    51.039    51.42    65.856    64.815    54.037    61.847    69.065    53.712    45.177    46.011    23.77    54.626    
15    19.698    14.142    41.785    85.604    86.122    95.603    25.962    46.755    100.896    38.275    88.814    65.031    63.325    61.522    0         53.009    86.977    68.007    61.033    68.359    72.125    106.075    65.146    28.46    38.897    49.041    34.928    48.042    43.278    40.853    72.691    22.472    53.151    112.045    56.436    6.0    83.295    47.297    23.022    83.024    70.114    105.423    78.09    53.852    23.087    
16    35.693    56.515    21.26    53.16    35.847    75.166    64.622    34.986    67.779    20.809    54.424    84.386    19.698    44.147    53.009    0         39.051    69.778    66.37    89.939    50.04    77.885    21.024    27.203    74.303    16.155    49.82    69.354    33.601    53.038    94.921    68.007    36.401    78.791    81.394    59.008    31.048    78.237    36.77    32.202    89.499    70.682    26.833    59.076    63.569    
17    67.446    85.843    60.141    30.017    7.071    55.902    90.006    48.26    38.328    48.765    28.231    93.52    48.301    43.863    86.977    39.051    0         71.021    71.554    99.318    40.608    50.804    21.84    58.523    95.635    53.814    69.26    83.934    50.04    69.051    103.755    105.119    43.932    47.043    94.868    92.72    33.0    96.104    74.947    39.013    97.494    39.0    14.318    67.417    90.089    
18    56.223    55.902    80.604    46.573    75.802    37.0    49.204    35.114    55.0    52.631    50.448    25.02    89.471    28.284    68.007    69.778    71.021    0         7.211    30.265    30.871    52.393    58.796    55.145    44.204    81.609    33.242    26.401    37.363    27.203    33.956    90.078    33.615    62.65    31.048    70.264    92.957    38.471    77.104    97.005    27.659    60.008    74.277    14.318    51.614    
19    50.01    48.754    75.69    49.366    75.802    42.953    42.012    31.385    59.304    48.104    53.339    22.136    85.959    27.785    61.033    66.37    71.554    7.211    0         27.857    32.757    57.871    57.385    49.649    37.443    77.253    26.476    19.723    33.106    20.396    32.202    83.006    31.145    67.683    26.077    63.159    91.22    32.311    71.0    94.921    25.942    64.382    73.41    8.062    44.407    
20    65.0    54.231    94.895    76.688    103.354    65.49    43.0    55.973    85.094    69.814    80.604    5.831    108.853    55.462    68.359    89.939    99.318    30.265    27.857    0         60.44    81.394    84.054    68.096    31.401    98.184    41.677    21.932    56.569    37.202    5.0    87.144    57.428    92.136    12.0    68.007    117.154    22.361    85.071    120.341    3.606    90.05    100.404    32.45    46.0    
21    54.203    64.637    67.082    17.029    45.967    25.962    63.561    25.612    29.967    40.853    21.024    54.818    68.731    10.63    72.125    50.04    40.608    30.871    32.757    60.44    0         33.971    32.894    48.374    64.537    65.123    41.593    49.092    29.206    38.275    64.514    94.175    19.416    40.497    58.215    76.485    66.242    62.201    71.554    71.113    58.189    34.928    46.043    31.016    64.846    
22    88.091    98.082    97.499    24.739    57.871    16.0    95.718    59.548    12.649    73.573    24.083    76.792    93.904    44.553    106.075    77.885    50.804    52.393    57.871    81.394    33.971    0         57.271    81.841    94.43    93.963    74.404    77.253    63.127    70.178    84.095    128.144    53.263    11.402    83.433    110.345    83.487    90.139    104.623    89.359    78.23    14.213    63.071    59.933    97.35    
23    45.607    64.281    41.881    32.558    22.023    56.143    69.181    29.155    46.819    26.926    33.526    78.237    37.014    30.61    65.146    21.024    21.84    58.796    57.385    84.054    32.894    57.271    0         36.688    75.928    37.162    49.477    66.212    30.083    50.329    88.814    83.648    26.627    57.775    77.827    70.88    34.205    77.492    54.203    38.588    82.801    49.659    16.553    51.614    69.029    
24    9.055    29.428    26.833    59.414    57.871    73.824    37.577    23.409    75.007    9.849    62.241    63.063    42.802    38.484    28.46    27.203    58.523    55.145    49.649    68.096    48.374    81.841    36.688    0         48.01    30.48    26.42    46.325    19.925    31.385    73.062    48.01    29.069    86.371    58.009    34.205    58.241    53.038    23.409    59.237    68.425    79.196    50.16    41.593    36.401    
25    41.725    25.08    72.835    81.394    97.673    80.131    13.0    47.381    93.963    53.666    85.329    29.732    90.802    55.444    38.897    74.303    95.635    44.204    37.443    31.401    64.537    94.43    75.928    48.01    0         77.987    26.476    17.804    45.891    27.019    35.057    56.0    52.038    103.465    19.647    37.483    104.695    9.055    58.83    106.471    33.956    99.04    92.179    34.54    15.811    
26    36.401    56.436    8.062    69.26    49.578    90.67    66.611    46.573    83.934    29.155    70.576    92.962    14.318    58.138    49.041    16.155    53.814    81.609    77.253    98.184    65.123    93.963    37.162    30.48    77.987    0         56.613    76.609    44.272    61.057    103.175    59.211    49.497    94.937    88.408    54.818    36.674    83.451    28.018    35.014    98.27    86.816    40.361    69.462    64.9    
27    24.331    24.083    53.235    57.585    71.197    62.225    22.136    21.024    71.554    29.069    61.351    36.674    67.897    31.385    34.928    49.82    69.26    33.242    26.476    41.677    41.593    74.404    49.477    26.42    26.476    56.613    0         20.0    19.416    6.083    46.648    57.245    26.173    81.988    31.89    37.736    79.259    28.653    45.277    81.541    42.048    76.485    65.803    18.974    23.259    
28    43.081    34.234    73.062    66.121    86.977    62.61    24.698    37.121    77.666    48.795    70.114    17.464    87.784    41.195    48.042    69.354    83.934    26.401    19.723    21.932    49.092    77.253    66.212    46.325    17.804    76.609    20.0    0         36.892    16.401    26.833    68.447    40.162    86.683    12.042    48.662    97.908    13.153    63.325    100.603    22.804    82.765    82.765    18.111    27.514    
29    25.0    37.696    43.417    42.438    51.788    54.12    40.112    3.606    57.628    15.297    45.793    50.931    53.0    18.868    43.278    33.601    50.04    37.363    33.106    56.569    29.206    63.127    30.083    19.925    45.891    44.272    19.416    36.892    0         20.591    61.522    65.069    9.899    68.768    48.826    48.01    61.033    47.539    43.324    63.891    55.973    62.201    46.487    25.554    40.447    
30    30.15    29.411    58.181    54.818    71.568    57.385    25.554    21.19    68.154    32.65    58.694    31.906    71.701    28.636    40.853    53.038    69.051    27.203    20.396    37.202    38.275    70.178    50.329    31.385    27.019    61.057    6.083    16.401    20.591    0         42.202    63.071    25.179    78.262    28.425    43.417    81.541    27.203    51.157    84.202    37.216    73.164    66.851    13.0    27.203    
31    69.857    58.549    99.85    80.523    107.912    68.118    47.096    60.877    88.363    74.813    84.404    10.63    113.851    59.942    72.691    94.921    103.755    33.956    32.202    5.0    64.514    84.095    88.814    73.062    35.057    103.175    46.648    26.833    61.522    42.202    0         91.022    62.201    95.005    16.279    72.111    122.025    26.019    89.811    125.256    6.325    93.263    105.119    37.202    50.09    
32    40.361    34.482    51.157    106.963    103.247    118.004    44.283    68.622    122.43    57.689    109.986    84.593    73.027    83.63    22.472    68.007    105.119    90.078    83.006    87.144    94.175    128.144    83.648    48.01    56.0    59.211    57.245    68.447    65.069    63.071    91.022    0         74.967    133.69    75.166    19.925    95.755    65.008    31.575    94.191    89.359    126.811    94.578    76.059    41.304    
33    34.828    46.957    50.01    32.757    46.819    44.777    48.052    6.403    47.802    22.361    36.235    51.614    56.08    9.487    53.151    36.401    43.932    33.615    31.145    57.428    19.416    53.263    26.627    29.069    52.038    49.497    26.173    40.162    9.899    25.179    62.201    74.967    0         58.898    51.478    57.801    60.108    52.173    52.393    63.781    56.223    52.431    43.046    25.0    48.765    
34    93.349    105.119    99.298    27.019    54.009    27.166    103.769    65.299    11.402    77.466    24.698    87.367    93.145    51.039    112.045    78.791    47.043    62.65    67.683    92.136    40.497    11.402    57.775    86.371    103.465    94.937    81.988    86.683    68.768    78.262    95.005    133.69    58.898    0         93.557    116.662    80.025    99.725    108.407    86.052    89.051    8.246    60.531    68.949    105.19    
35    54.12    42.297    84.599    75.107    98.234    68.007    31.0    48.877    85.376    60.811    79.101    10.296    99.765    51.42    56.436    81.394    94.868    31.048    26.077    12.0    58.215    83.433    77.827    58.009    19.647    88.408    31.89    12.042    48.826    28.425    16.279    75.166    51.478    93.557    0         56.009    109.859    10.77    73.736    112.614    14.318    90.449    94.366    27.659    34.0    
36    25.298    14.56    47.434    90.443    91.984    99.358    25.02    51.4    105.603    43.966    93.744    65.123    69.123    65.856    6.0    59.008    92.72    70.264    63.159    68.007    76.485    110.345    70.88    34.205    37.483    54.818    37.736    48.662    48.01    43.417    72.111    19.925    57.801    116.662    56.009    0         89.275    46.271    28.178    88.955    70.029    110.209    84.012    56.356    22.023    
37    66.708    87.556    44.721    60.877    26.019    86.683    95.52    61.221    71.176    51.078    60.017    111.396    24.166    64.815    83.295    31.048    33.0    92.957    91.22    117.154    66.242    83.487    34.205    58.241    104.695    36.674    79.259    97.908    61.033    81.541    122.025    95.755    60.108    80.025    109.859    89.275    0         107.912    64.281    6.083    116.181    72.0    20.881    84.959    94.557    
38    47.802    33.242    78.873    79.228    98.762    75.24    21.378    48.384    90.802    57.428    83.217    21.024    95.671    54.037    47.297    78.237    96.104    38.471    32.311    22.361    62.201    90.139    77.492    53.038    9.055    83.451    28.653    13.153    47.539    27.203    26.019    65.008    52.173    99.725    10.77    46.271    107.912    0         66.189    110.136    25.0    95.901    93.984    31.257    24.331    
39    21.024    34.205    20.1    81.4    72.45    97.17    46.043    46.819    97.005    31.064    83.869    80.777    42.19    61.847    23.022    36.77    74.947    77.104    71.0    85.071    71.554    104.623    54.203    23.409    58.83    28.018    45.277    63.325    43.324    51.157    89.811    31.575    52.393    108.407    73.736    28.178    64.281    66.189    0         63.0    86.128    100.896    63.561    63.008    43.6    
40    67.357    88.233    43.046    66.491    32.062    92.179    96.773    64.382    77.104    52.839    65.765    114.63    21.378    69.065    83.024    32.202    39.013    97.005    94.921    120.341    71.113    89.359    38.588    59.237    106.471    35.014    81.541    100.603    63.891    84.202    125.256    94.191    63.781    86.052    112.614    88.955    6.083    110.136    63.0    0         119.52    78.006    26.476    88.391    95.635    
41    65.788    56.036    95.258    74.216    101.71    62.29    45.1    55.154    82.219    69.635    78.102    5.385    108.6    53.712    70.114    89.499    97.494    27.659    25.942    3.606    58.189    78.23    82.801    68.425    33.956    98.27    42.048    22.804    55.973    37.216    6.325    89.359    56.223    89.051    14.318    70.029    116.181    25.0    86.128    119.52    0         87.144    99.045    31.241    48.094    
42    86.452    99.126    91.302    19.849    46.011    27.313    98.489    58.822    5.099    70.093    17.029    85.0    84.9    45.177    105.423    70.682    39.0    60.008    64.382    90.05    34.928    14.213    49.659    79.196    99.04    86.816    76.485    82.765    62.201    73.164    93.263    126.811    52.431    8.246    90.449    110.209    72.0    95.901    100.896    78.006    87.144    0         52.345    64.761    99.745    
43    59.211    79.006    47.202    40.025    9.22    65.803    84.853    45.695    51.01    41.0    39.319    94.578    34.0    46.011    78.09    26.833    14.318    74.277    73.41    100.404    46.043    63.071    16.553    50.16    92.179    40.361    65.803    82.765    46.487    66.851    105.119    94.578    43.046    60.531    94.366    84.012    20.881    93.984    63.561    26.476    99.045    52.345    0         67.956    84.481    
44    42.048    42.19    67.72    48.042    71.113    46.043    36.797    24.207    59.666    40.311    52.038    26.627    78.549    23.77    53.852    59.076    67.417    14.318    8.062    32.45    31.016    59.933    51.614    41.593    34.54    69.462    18.974    18.111    25.554    13.0    37.202    76.059    25.0    68.949    27.659    56.356    84.959    31.257    63.008    88.391    31.241    64.761    67.956    0         38.897    
45    28.653    9.434    59.034    80.777    91.049    84.504    3.0    42.953    94.81    43.932    84.504    43.29    78.39    54.626    23.087    63.569    90.089    51.614    44.407    46.0    64.846    97.35    69.029    36.401    15.811    64.9    23.259    27.514    40.447    27.203    50.09    41.304    48.765    105.19    34.0    22.023    94.557    24.331    43.6    95.635    48.094    99.745    84.481    38.897    0         


Demandas:
1: 0.0
2: 19.0
3: 2.0
4: 12.0
5: 20.0
6: 6.0
7: 17.0
8: 8.0
9: 14.0
10: 2.0
11: 8.0
12: 5.0
13: 7.0
14: 22.0
15: 14.0
16: 17.0
17: 23.0
18: 15.0
19: 21.0
20: 2.0
21: 24.0
22: 10.0
23: 20.0
24: 6.0
25: 21.0
26: 10.0
27: 6.0
28: 13.0
29: 21.0
30: 24.0
31: 11.0
32: 16.0
33: 8.0
34: 11.0
35: 11.0
36: 22.0
37: 17.0
38: 22.0
39: 17.0
40: 8.0
41: 23.0
42: 5.0
43: 3.0
44: 18.0
45: 12.0
+-+-+-+-+-+-+-+-+-+-+-+-+-+-+-+ SOLUCION INICIAL +-+-+-+-+-+-+-+-+-+-+-+-+-+-+-+-

Ruta #1: [1, 3, 26, 16, 8, 29, 14, 33]
Costo asociado: 157.137      Capacidad: 88.0

Ruta #2: [1, 5, 10, 23, 43, 17, 37, 40, 13]
Costo asociado: 283.28099999999995      Capacidad: 100.0

Ruta #3: [1, 7, 45, 2]
Costo asociado: 63.547      Capacidad: 48.0

Ruta #4: [1, 20, 35, 31, 41, 12, 18, 19, 27]
Costo asociado: 188.02700000000002      Capacidad: 94.0

Ruta #5: [1, 25, 38, 28, 44, 30]
Costo asociado: 125.19399999999999      Capacidad: 98.0

Ruta #6: [1, 32, 39, 36, 15]
Costo asociado: 125.81199999999998      Capacidad: 69.0

Ruta #7: [1, 6, 21, 22, 34, 42, 9, 11, 4, 24]
Costo asociado: 249.457      Capacidad: 96.0

--> Costo total: 1192.455          Capacidad total: 593.0

+-+-+-+-+-+-+-+-+-+-+-+-+-+-+-+-+-+-+-+-+-+-+-+-+- Iteracion 1  +-+-+-+-+-+-+-+-+-+-+-+-+-+-+-+-+-+-+-+-+-+-+-+-+-


Ruta #1: [1, 3, 26, 16, 8, 29, 14, 33]
Costo asociado: 157.137      Capacidad: 88.0

Ruta #2: [1, 5, 10, 23, 17, 43, 37, 40, 13]
Costo asociado: 276.44899999999996      Capacidad: 100.0

Ruta #3: [1, 7, 45, 2]
Costo asociado: 63.547      Capacidad: 48.0

Ruta #4: [1, 20, 35, 31, 41, 12, 18, 19, 27]
Costo asociado: 188.02700000000002      Capacidad: 94.0

Ruta #5: [1, 25, 38, 28, 44, 30]
Costo asociado: 125.19399999999999      Capacidad: 98.0

Ruta #6: [1, 32, 39, 36, 15]
Costo asociado: 125.81199999999998      Capacidad: 69.0

Ruta #7: [1, 6, 21, 22, 34, 42, 9, 11, 4, 24]
Costo asociado: 249.457      Capacidad: 96.0

--> Costo total: 1185.623          Capacidad total: 593.0

La solución anterior duró 0min 0seg    -------> Nuevo optimo local. Costo: 1185.623       ==> Optimo: 944.0  Desvio: 25.6%
Lista tabu: []

+-+-+-+-+-+-+-+-+-+-+-+-+-+-+-+-+-+-+-+-+-+-+-+-+- Iteracion 15  +-+-+-+-+-+-+-+-+-+-+-+-+-+-+-+-+-+-+-+-+-+-+-+-+-


Ruta #1: [1, 3, 26, 16, 8, 29, 14, 33]
Costo asociado: 157.137      Capacidad: 88.0

Ruta #2: [1, 13, 40, 37, 43, 17, 23, 5, 10]
Costo asociado: 223.31799999999996      Capacidad: 100.0

Ruta #3: [1, 7, 45, 2]
Costo asociado: 63.547      Capacidad: 48.0

Ruta #4: [1, 20, 35, 31, 41, 12, 18, 19, 27]
Costo asociado: 188.02700000000002      Capacidad: 94.0

Ruta #5: [1, 25, 38, 28, 44, 30]
Costo asociado: 125.19399999999999      Capacidad: 98.0

Ruta #6: [1, 32, 39, 36, 15]
Costo asociado: 125.81199999999998      Capacidad: 69.0

Ruta #7: [1, 6, 21, 22, 34, 42, 9, 11, 4, 24]
Costo asociado: 249.457      Capacidad: 96.0

--> Costo total: 1132.492          Capacidad total: 593.0

La solución anterior duró 0min 0seg    -------> Nuevo optimo local. Costo: 1132.492       ==> Optimo: 944.0  Desvio: 20.0%
Lista tabu: [((25,38,9.055),1), ((7,45,3.0),1), ((38,28,13.153),2), ((1,7,30.232),2), ((7,38,21.378),1), ((42,9,5.099),3), ((21,22,33.971),3), ((9,22,12.649),2), ((22,34,11.402),4), ((42,9,5.099),4), ((22,42,14.213),3), ((9,11,13.416),5), ((4,24,59.414),5), ((4,9,15.62),4), ((21,22,33.971),6), ((4,24,59.414),6), ((4,21,17.029),5), ((6,21,25.962),7), ((9,11,13.416),7), ((6,9,23.324),6)]

+-+-+-+-+-+-+-+-+-+-+-+-+-+-+-+-+-+-+-+-+-+-+-+-+- Iteracion 16  +-+-+-+-+-+-+-+-+-+-+-+-+-+-+-+-+-+-+-+-+-+-+-+-+-


Ruta #1: [1, 3, 26, 16, 8, 29, 14, 33]
Costo asociado: 157.137      Capacidad: 88.0

Ruta #2: [1, 13, 40, 37, 43, 17, 5, 23, 10]
Costo asociado: 187.10099999999997      Capacidad: 100.0

Ruta #3: [1, 7, 45, 2]
Costo asociado: 63.547      Capacidad: 48.0

Ruta #4: [1, 20, 35, 31, 41, 12, 18, 19, 27]
Costo asociado: 188.02700000000002      Capacidad: 94.0

Ruta #5: [1, 25, 38, 28, 44, 30]
Costo asociado: 125.19399999999999      Capacidad: 98.0

Ruta #6: [1, 32, 39, 36, 15]
Costo asociado: 125.81199999999998      Capacidad: 69.0

Ruta #7: [1, 6, 21, 22, 34, 42, 9, 11, 4, 24]
Costo asociado: 249.457      Capacidad: 96.0

--> Costo total: 1096.275          Capacidad total: 593.0

La solución anterior duró 0min 0seg    -------> Nuevo optimo local. Costo: 1096.275       ==> Optimo: 944.0  Desvio: 16.1%
Lista tabu: [((38,28,13.153),1), ((1,7,30.232),1), ((42,9,5.099),2), ((21,22,33.971),2), ((9,22,12.649),1), ((22,34,11.402),3), ((42,9,5.099),3), ((22,42,14.213),2), ((9,11,13.416),4), ((4,24,59.414),4), ((4,9,15.62),3), ((21,22,33.971),5), ((4,24,59.414),5), ((4,21,17.029),4), ((6,21,25.962),6), ((9,11,13.416),6), ((6,9,23.324),5), ((10,23,26.926),11), ((1,5,66.91),11), ((23,5,22.023),10)]

+-+-+-+-+-+-+-+-+-+-+-+-+-+-+-+-+-+-+-+-+-+-+-+-+- Iteracion 17  +-+-+-+-+-+-+-+-+-+-+-+-+-+-+-+-+-+-+-+-+-+-+-+-+-


Ruta #1: [1, 3, 26, 16, 8, 29, 14, 33]
Costo asociado: 157.137      Capacidad: 88.0

Ruta #2: [1, 13, 40, 37, 43, 17, 5, 23, 10]
Costo asociado: 187.10099999999997      Capacidad: 100.0

Ruta #3: [1, 7, 45, 2]
Costo asociado: 63.547      Capacidad: 48.0

Ruta #4: [1, 20, 41, 31, 35, 12, 18, 19, 27]
Costo asociado: 184.54399999999998      Capacidad: 94.0

Ruta #5: [1, 25, 38, 28, 44, 30]
Costo asociado: 125.19399999999999      Capacidad: 98.0

Ruta #6: [1, 32, 39, 36, 15]
Costo asociado: 125.81199999999998      Capacidad: 69.0

Ruta #7: [1, 6, 21, 22, 34, 42, 9, 11, 4, 24]
Costo asociado: 249.457      Capacidad: 96.0

--> Costo total: 1092.792          Capacidad total: 593.0

La solución anterior duró 0min 0seg    -------> Nuevo optimo local. Costo: 1092.792       ==> Optimo: 944.0  Desvio: 15.8%
Lista tabu: [((42,9,5.099),1), ((21,22,33.971),1), ((22,34,11.402),2), ((42,9,5.099),2), ((22,42,14.213),1), ((9,11,13.416),3), ((4,24,59.414),3), ((4,9,15.62),2), ((21,22,33.971),4), ((4,24,59.414),4), ((4,21,17.029),3), ((6,21,25.962),5), ((9,11,13.416),5), ((6,9,23.324),4), ((10,23,26.926),10), ((1,5,66.91),10), ((23,5,22.023),9), ((17,23,21.84),11), ((5,10,48.374),11), ((5,17,7.071),10)]

+-+-+-+-+-+-+-+-+-+-+-+-+-+-+-+-+-+-+-+-+-+-+-+-+- Iteracion 18  +-+-+-+-+-+-+-+-+-+-+-+-+-+-+-+-+-+-+-+-+-+-+-+-+-


Ruta #1: [1, 3, 26, 16, 8, 29, 14, 33]
Costo asociado: 157.137      Capacidad: 88.0

Ruta #2: [1, 13, 40, 37, 43, 17, 5, 23, 10]
Costo asociado: 187.10099999999997      Capacidad: 100.0

Ruta #3: [1, 7, 45, 2]
Costo asociado: 63.547      Capacidad: 48.0

Ruta #4: [1, 20, 41, 31, 35, 12, 18, 19, 27]
Costo asociado: 184.54399999999998      Capacidad: 94.0

Ruta #5: [1, 25, 38, 28, 44, 30]
Costo asociado: 125.19399999999999      Capacidad: 98.0

Ruta #6: [1, 32, 39, 36, 15]
Costo asociado: 125.81199999999998      Capacidad: 69.0

Ruta #7: [1, 24, 4, 11, 9, 42, 34, 22, 6, 21]
Costo asociado: 206.797      Capacidad: 96.0

--> Costo total: 1050.1319999999998          Capacidad total: 593.0

La solución anterior duró 0min 0seg    -------> Nuevo optimo local. Costo: 1050.132       ==> Optimo: 944.0  Desvio: 11.200000000000001%
Lista tabu: [((22,34,11.402),1), ((42,9,5.099),1), ((9,11,13.416),2), ((4,24,59.414),2), ((4,9,15.62),1), ((21,22,33.971),3), ((4,24,59.414),3), ((4,21,17.029),2), ((6,21,25.962),4), ((9,11,13.416),4), ((6,9,23.324),3), ((10,23,26.926),9), ((1,5,66.91),9), ((23,5,22.023),8), ((17,23,21.84),10), ((5,10,48.374),10), ((5,17,7.071),9), ((20,35,12.0),11), ((41,12,5.385),11), ((20,41,3.606),10)]

+-+-+-+-+-+-+-+-+-+-+-+-+-+-+-+-+-+-+-+-+-+-+-+-+- Iteracion 19  +-+-+-+-+-+-+-+-+-+-+-+-+-+-+-+-+-+-+-+-+-+-+-+-+-


Ruta #1: [1, 3, 26, 16, 8, 33, 14, 29]
Costo asociado: 150.106      Capacidad: 88.0

Ruta #2: [1, 13, 40, 37, 43, 17, 5, 23, 10]
Costo asociado: 187.10099999999997      Capacidad: 100.0

Ruta #3: [1, 7, 45, 2]
Costo asociado: 63.547      Capacidad: 48.0

Ruta #4: [1, 20, 41, 31, 35, 12, 18, 19, 27]
Costo asociado: 184.54399999999998      Capacidad: 94.0

Ruta #5: [1, 25, 38, 28, 44, 30]
Costo asociado: 125.19399999999999      Capacidad: 98.0

Ruta #6: [1, 32, 39, 36, 15]
Costo asociado: 125.81199999999998      Capacidad: 69.0

Ruta #7: [1, 24, 4, 11, 9, 42, 34, 22, 6, 21]
Costo asociado: 206.797      Capacidad: 96.0

--> Costo total: 1043.1009999999999          Capacidad total: 593.0

La solución anterior duró 0min 0seg    -------> Nuevo optimo local. Costo: 1043.101       ==> Optimo: 944.0  Desvio: 10.5%
Lista tabu: [((9,11,13.416),1), ((4,24,59.414),1), ((21,22,33.971),2), ((4,24,59.414),2), ((4,21,17.029),1), ((6,21,25.962),3), ((9,11,13.416),3), ((6,9,23.324),2), ((10,23,26.926),8), ((1,5,66.91),8), ((23,5,22.023),7), ((17,23,21.84),9), ((5,10,48.374),9), ((5,17,7.071),8), ((20,35,12.0),10), ((41,12,5.385),10), ((20,41,3.606),9), ((21,22,33.971),11), ((1,6,78.892),11), ((22,6,16.0),10)]

+-+-+-+-+-+-+-+-+-+-+-+-+-+-+-+-+-+-+-+-+-+-+-+-+- Iteracion 21  +-+-+-+-+-+-+-+-+-+-+-+-+-+-+-+-+-+-+-+-+-+-+-+-+-


Ruta #1: [1, 3, 26, 16, 8, 33, 14, 29]
Costo asociado: 150.106      Capacidad: 88.0

Ruta #2: [1, 13, 40, 37, 43, 17, 5, 23, 10]
Costo asociado: 187.10099999999997      Capacidad: 100.0

Ruta #3: [1, 7, 45, 2]
Costo asociado: 63.547      Capacidad: 48.0

Ruta #4: [1, 20, 31, 41, 35, 12, 18, 19, 27]
Costo asociado: 183.97699999999998      Capacidad: 94.0

Ruta #5: [1, 25, 38, 28, 44, 30]
Costo asociado: 125.19399999999999      Capacidad: 98.0

Ruta #6: [1, 32, 39, 36, 15]
Costo asociado: 125.81199999999998      Capacidad: 69.0

Ruta #7: [1, 24, 4, 11, 9, 42, 34, 22, 6, 21]
Costo asociado: 206.797      Capacidad: 96.0

--> Costo total: 1042.5339999999999          Capacidad total: 593.0

La solución anterior duró 0min 0seg    -------> Nuevo optimo local. Costo: 1042.534       ==> Optimo: 944.0  Desvio: 10.4%
Lista tabu: [((6,21,25.962),1), ((9,11,13.416),1), ((10,23,26.926),6), ((1,5,66.91),6), ((23,5,22.023),5), ((17,23,21.84),7), ((5,10,48.374),7), ((5,17,7.071),6), ((20,35,12.0),8), ((41,12,5.385),8), ((20,41,3.606),7), ((21,22,33.971),9), ((1,6,78.892),9), ((22,6,16.0),8), ((8,29,3.606),10), ((33,1,34.828),10), ((8,33,6.403),9), ((34,22,11.402),7), ((9,42,5.099),7), ((22,42,14.213),6)]

+-+-+-+-+-+-+-+-+-+-+-+-+-+-+-+-+-+-+-+-+-+-+-+-+- Iteracion 22  +-+-+-+-+-+-+-+-+-+-+-+-+-+-+-+-+-+-+-+-+-+-+-+-+-


Ruta #1: [1, 3, 26, 16, 8, 33, 14, 29]
Costo asociado: 150.106      Capacidad: 88.0

Ruta #2: [1, 13, 40, 37, 43, 5, 17, 23, 10]
Costo asociado: 181.81999999999996      Capacidad: 100.0

Ruta #3: [1, 7, 45, 2]
Costo asociado: 63.547      Capacidad: 48.0

Ruta #4: [1, 20, 31, 41, 35, 12, 18, 19, 27]
Costo asociado: 183.97699999999998      Capacidad: 94.0

Ruta #5: [1, 25, 38, 28, 44, 30]
Costo asociado: 125.19399999999999      Capacidad: 98.0

Ruta #6: [1, 32, 39, 36, 15]
Costo asociado: 125.81199999999998      Capacidad: 69.0

Ruta #7: [1, 24, 4, 11, 9, 42, 34, 22, 6, 21]
Costo asociado: 206.797      Capacidad: 96.0

--> Costo total: 1037.253          Capacidad total: 593.0

La solución anterior duró 0min 0seg    -------> Nuevo optimo local. Costo: 1037.253       ==> Optimo: 944.0  Desvio: 9.9%
Lista tabu: [((10,23,26.926),5), ((1,5,66.91),5), ((23,5,22.023),4), ((17,23,21.84),6), ((5,10,48.374),6), ((5,17,7.071),5), ((20,35,12.0),7), ((41,12,5.385),7), ((20,41,3.606),6), ((21,22,33.971),8), ((1,6,78.892),8), ((22,6,16.0),7), ((8,29,3.606),9), ((33,1,34.828),9), ((8,33,6.403),8), ((34,22,11.402),6), ((9,42,5.099),6), ((22,42,14.213),5), ((20,41,3.606),11), ((31,35,16.279),11), ((20,31,5.0),10)]

+-+-+-+-+-+-+-+-+-+-+-+-+-+-+-+-+-+-+-+-+-+-+-+-+- Iteracion 25  +-+-+-+-+-+-+-+-+-+-+-+-+-+-+-+-+-+-+-+-+-+-+-+-+-


Ruta #1: [1, 29, 8, 33, 14, 16, 26, 3]
Costo asociado: 144.005      Capacidad: 88.0

Ruta #2: [1, 13, 40, 37, 43, 5, 17, 23, 10]
Costo asociado: 181.81999999999996      Capacidad: 100.0

Ruta #3: [1, 7, 45, 2]
Costo asociado: 63.547      Capacidad: 48.0

Ruta #4: [1, 20, 31, 41, 35, 12, 18, 19, 27]
Costo asociado: 183.97699999999998      Capacidad: 94.0

Ruta #5: [1, 25, 38, 28, 44, 30]
Costo asociado: 125.19399999999999      Capacidad: 98.0

Ruta #6: [1, 32, 39, 36, 15]
Costo asociado: 125.81199999999998      Capacidad: 69.0

Ruta #7: [1, 24, 4, 11, 9, 42, 34, 22, 6, 21]
Costo asociado: 206.797      Capacidad: 96.0

--> Costo total: 1031.1519999999998          Capacidad total: 593.0

La solución anterior duró 0min 0seg    -------> Nuevo optimo local. Costo: 1031.152       ==> Optimo: 944.0  Desvio: 9.2%
Lista tabu: [((10,23,26.926),2), ((1,5,66.91),2), ((23,5,22.023),1), ((17,23,21.84),3), ((5,10,48.374),3), ((5,17,7.071),2), ((20,35,12.0),4), ((41,12,5.385),4), ((20,41,3.606),3), ((21,22,33.971),5), ((1,6,78.892),5), ((22,6,16.0),4), ((8,29,3.606),6), ((33,1,34.828),6), ((8,33,6.403),5), ((34,22,11.402),3), ((9,42,5.099),3), ((22,42,14.213),2), ((20,41,3.606),8), ((31,35,16.279),8), ((20,31,5.0),7), ((43,17,14.318),9), ((5,23,22.023),9), ((5,43,9.22),8), ((42,34,8.246),6), ((11,9,13.416),6), ((9,34,11.402),5), ((42,34,8.246),7), ((11,9,13.416),7), ((9,34,11.402),6)]

+-+-+-+-+-+-+-+-+-+-+-+-+-+-+-+-+-+-+-+-+-+-+-+-+- Iteracion 26  +-+-+-+-+-+-+-+-+-+-+-+-+-+-+-+-+-+-+-+-+-+-+-+-+-


Ruta #1: [1, 29, 8, 33, 14, 16, 26, 3]
Costo asociado: 144.005      Capacidad: 88.0

Ruta #2: [1, 13, 40, 37, 43, 5, 17, 23, 10]
Costo asociado: 181.81999999999996      Capacidad: 100.0

Ruta #3: [1, 7, 45, 2]
Costo asociado: 63.547      Capacidad: 48.0

Ruta #4: [1, 20, 31, 41, 12, 35, 18, 19, 27]
Costo asociado: 181.072      Capacidad: 94.0

Ruta #5: [1, 25, 38, 28, 44, 30]
Costo asociado: 125.19399999999999      Capacidad: 98.0

Ruta #6: [1, 32, 39, 36, 15]
Costo asociado: 125.81199999999998      Capacidad: 69.0

Ruta #7: [1, 24, 4, 11, 9, 42, 34, 22, 6, 21]
Costo asociado: 206.797      Capacidad: 96.0

--> Costo total: 1028.2469999999998          Capacidad total: 593.0

La solución anterior duró 0min 0seg    -------> Nuevo optimo local. Costo: 1028.247       ==> Optimo: 944.0  Desvio: 8.9%
Lista tabu: [((10,23,26.926),1), ((1,5,66.91),1), ((17,23,21.84),2), ((5,10,48.374),2), ((5,17,7.071),1), ((20,35,12.0),3), ((41,12,5.385),3), ((20,41,3.606),2), ((21,22,33.971),4), ((1,6,78.892),4), ((22,6,16.0),3), ((8,29,3.606),5), ((33,1,34.828),5), ((8,33,6.403),4), ((34,22,11.402),2), ((9,42,5.099),2), ((22,42,14.213),1), ((20,41,3.606),7), ((31,35,16.279),7), ((20,31,5.0),6), ((43,17,14.318),8), ((5,23,22.023),8), ((5,43,9.22),7), ((42,34,8.246),5), ((11,9,13.416),5), ((9,34,11.402),4), ((42,34,8.246),6), ((11,9,13.416),6), ((9,34,11.402),5), ((14,29,18.868),11), ((16,8,34.986),11), ((29,8,3.606),10)]

+-+-+-+-+-+-+-+-+-+-+-+-+-+-+-+-+-+-+-+-+-+-+-+-+- Iteracion 32  +-+-+-+-+-+-+-+-+-+-+-+-+-+-+-+-+-+-+-+-+-+-+-+-+-


Ruta #1: [1, 29, 8, 33, 14, 16, 26, 3]
Costo asociado: 144.005      Capacidad: 88.0

Ruta #2: [1, 13, 40, 37, 43, 5, 17, 23, 10]
Costo asociado: 181.81999999999996      Capacidad: 100.0

Ruta #3: [1, 7, 45, 2]
Costo asociado: 63.547      Capacidad: 48.0

Ruta #4: [1, 20, 31, 41, 12, 35, 18, 19, 27]
Costo asociado: 181.072      Capacidad: 94.0

Ruta #5: [1, 25, 38, 28, 44, 30]
Costo asociado: 125.19399999999999      Capacidad: 98.0

Ruta #6: [1, 15, 36, 32, 39]
Costo asociado: 98.22200000000001      Capacidad: 69.0

Ruta #7: [1, 24, 4, 11, 9, 42, 34, 22, 6, 21]
Costo asociado: 206.797      Capacidad: 96.0

--> Costo total: 1000.6569999999999          Capacidad total: 593.0

La solución anterior duró 0min 0seg    -------> Nuevo optimo local. Costo: 1000.657       ==> Optimo: 944.0  Desvio: 6.0%
Lista tabu: [((20,41,3.606),1), ((31,35,16.279),1), ((43,17,14.318),2), ((5,23,22.023),2), ((5,43,9.22),1), ((14,29,18.868),5), ((16,8,34.986),5), ((29,8,3.606),4), ((41,35,14.318),6), ((12,18,25.02),6), ((12,41,5.385),5), ((28,44,18.111),3), ((30,1,30.15),3), ((28,30,16.401),2), ((25,38,9.055),4), ((1,7,30.232),4), ((7,25,13.0),3), ((29,8,3.606),5), ((14,16,44.147),5), ((14,29,18.868),4), ((11,9,13.416),6), ((24,4,59.414),6), ((4,9,15.62),5), ((6,21,25.962),7), ((24,4,59.414),7), ((4,21,17.029),6)]

+-+-+-+-+-+-+-+-+-+-+-+-+-+-+-+-+-+-+-+-+-+-+-+-+- Iteracion 46  +-+-+-+-+-+-+-+-+-+-+-+-+-+-+-+-+-+-+-+-+-+-+-+-+-


Ruta #1: [1, 29, 8, 33, 14, 16, 26, 3]
Costo asociado: 144.005      Capacidad: 88.0

Ruta #2: [1, 13, 40, 37, 43, 5, 17, 23, 10]
Costo asociado: 181.81999999999996      Capacidad: 100.0

Ruta #3: [1, 7, 45, 2]
Costo asociado: 63.547      Capacidad: 48.0

Ruta #4: [1, 27, 19, 18, 35, 20, 31, 41, 12]
Costo asociado: 178.183      Capacidad: 94.0

Ruta #5: [1, 25, 38, 28, 44, 30]
Costo asociado: 125.19399999999999      Capacidad: 98.0

Ruta #6: [1, 15, 36, 32, 39]
Costo asociado: 98.22200000000001      Capacidad: 69.0

Ruta #7: [1, 24, 4, 11, 9, 42, 34, 22, 6, 21]
Costo asociado: 206.797      Capacidad: 96.0

--> Costo total: 997.7679999999999          Capacidad total: 593.0

La solución anterior duró 0min 0seg    -------> Nuevo optimo local. Costo: 997.768       ==> Optimo: 944.0  Desvio: 5.7%
Lista tabu: [((38,28,13.153),1), ((1,25,41.725),1), ((24,4,59.414),2), ((1,29,25.0),2), ((24,29,19.925),1), ((8,33,6.403),3), ((1,29,25.0),3), ((29,33,9.899),2), ((41,12,5.385),4), ((1,20,65.0),4), ((12,20,5.831),3), ((43,5,9.22),5), ((17,23,21.84),5), ((17,43,14.318),4), ((41,12,5.385),6), ((1,20,65.0),6), ((12,20,5.831),5), ((34,22,11.402),7), ((11,9,13.416),7), ((9,22,12.649),6)]

+-+-+-+-+-+-+-+-+-+-+-+-+-+-+-+-+-+-+-+-+-+-+-+-+- Iteracion 87  +-+-+-+-+-+-+-+-+-+-+-+-+-+-+-+-+-+-+-+-+-+-+-+-+-


Ruta #1: [1, 29, 8, 33, 14, 16, 26, 3]
Costo asociado: 144.005      Capacidad: 88.0

Ruta #2: [1, 13, 40, 37, 43, 5, 17, 23, 10]
Costo asociado: 181.81999999999996      Capacidad: 100.0

Ruta #3: [1, 7, 45, 2]
Costo asociado: 63.547      Capacidad: 48.0

Ruta #4: [1, 27, 19, 18, 28, 44, 30]
Costo asociado: 145.68      Capacidad: 97.0

Ruta #5: [1, 25, 38, 35, 20, 31, 41, 12]
Costo asociado: 150.667      Capacidad: 95.0

Ruta #6: [1, 15, 36, 32, 39]
Costo asociado: 98.22200000000001      Capacidad: 69.0

Ruta #7: [1, 24, 4, 11, 9, 42, 34, 22, 6, 21]
Costo asociado: 206.797      Capacidad: 96.0

--> Costo total: 990.7379999999999          Capacidad total: 593.0

La solución anterior duró 0min 0seg    -------> Nuevo optimo local. Costo: 990.738       ==> Optimo: 944.0  Desvio: 5.0%
Lista tabu: [((8,33,6.403),1), ((1,29,25.0),1), ((38,28,13.153),2), ((1,25,41.725),2), ((25,28,17.804),1), ((34,22,11.402),3), ((9,42,5.099),3), ((22,42,14.213),2), ((11,9,13.416),4), ((24,4,59.414),4), ((4,9,15.62),3), ((42,34,8.246),5), ((11,9,13.416),5), ((9,34,11.402),4), ((41,12,5.385),6), ((20,31,5.0),6), ((12,31,10.63),5), ((6,21,25.962),7), ((24,4,59.414),7), ((4,21,17.029),6)]

+-+-+-+-+-+-+-+-+-+-+-+-+-+-+-+-+-+- Solucion Optima +-+-+-+-+-+-+-+-+-+-+-+-+-+-+-+-+-+-

Ruta #1: [1, 29, 8, 33, 14, 16, 26, 3]
Costo asociado: 144.005      Capacidad: 88.0

Ruta #2: [1, 13, 40, 37, 43, 5, 17, 23, 10]
Costo asociado: 181.81999999999996      Capacidad: 100.0

Ruta #3: [1, 7, 45, 2]
Costo asociado: 63.547      Capacidad: 48.0

Ruta #4: [1, 27, 19, 18, 28, 44, 30]
Costo asociado: 145.68      Capacidad: 97.0

Ruta #5: [1, 25, 38, 35, 20, 31, 41, 12]
Costo asociado: 150.667      Capacidad: 95.0

Ruta #6: [1, 15, 36, 32, 39]
Costo asociado: 98.22200000000001      Capacidad: 69.0

Ruta #7: [1, 24, 4, 11, 9, 42, 34, 22, 6, 21]
Costo asociado: 206.797      Capacidad: 96.0


