+-+-+-+-+-+-+-+-+-+-+-+-+-+-+ GRAFO CARGADO +-+-+-+-+-+-+-+-+-+-+-+-+-+-+-
        1         2         3         4         5         6         7         8         9         10        11        12        13        14        15        16        17        18        19        20        21        22        23        24        25        26        27        28        29        30        31        32        33        34
1     0         49.244    65.0    66.038    68.015    41.785    43.463    64.815    69.311    68.542    77.156    42.521    62.936    53.666    69.462    47.011    67.624    47.424    55.902    51.971    68.68    64.815    72.007    77.156    70.661    45.88    68.622    65.863    52.326    67.602    57.306    47.854    73.246    74.518    
2     49.244    0         41.976    25.298    40.112    27.514    29.12    40.792    39.0    21.932    46.174    78.848    33.136    35.0    22.627    34.713    21.26    31.401    7.071    3.162    40.05    40.792    46.174    46.174    25.807    27.459    36.056    23.77    34.015    24.597    85.422    32.388    46.043    46.0    
3     65.0    41.976    0         24.042    6.083    67.0    69.007    1.414    9.22    34.655    13.928    69.921    10.0    76.531    35.355    75.027    33.971    72.111    44.944    43.681    7.071    1.414    7.071    13.928    31.241    68.118    12.083    26.173    75.425    27.586    67.03    73.11    8.602    10.296    
4     66.038    25.298    24.042    0         19.416    52.811    54.406    22.627    17.0    10.63    22.361    84.054    14.213    59.54    11.314    59.908    10.0    56.515    25.02    25.495    18.868    22.627    25.06    22.361    7.616    52.631    13.416    2.236    58.694    3.606    85.329    57.489    24.166    23.409    
5     68.015    40.112    6.083    19.416    0         66.272    68.184    5.0    3.162    30.0    9.22    75.432    7.0    75.06    30.61    74.108    29.411    71.028    42.202    41.437    1.0    5.0    6.083    9.22    26.173    67.03    6.403    21.633    74.027    22.804    73.007    72.028    6.083    6.708    
6     41.785    27.514    67.0    52.811    66.272    0         2.236    66.008    65.62    48.374    73.164    81.841    59.304    12.728    48.877    8.246    47.885    6.403    29.682    27.731    66.37    66.008    72.173    73.164    52.773    4.123    62.968    51.264    11.314    52.0    93.349    7.211    72.339    72.56    
7     43.463    29.12    69.007    54.406    68.184    2.236    0         68.0    67.476    49.649    74.967    83.815    61.205    10.63    50.12    6.083    49.193    4.243    30.887    29.155    68.264    68.0    74.108    74.967    54.129    3.162    64.777    52.811    9.22    53.488    95.462    5.0    74.243    74.431    
8     64.815    40.792    1.414    22.627    5.0    66.008    68.0    0         8.062    33.242    13.416    70.605    8.602    75.425    33.941    74.007    32.558    71.063    43.658    42.45    6.0    0.0    7.211    13.416    29.833    67.067    10.77    24.759    74.33    26.173    68.007    72.062    8.485    10.0    
9     69.311    39.0    9.22    17.0    3.162    65.62    67.476    8.062    0         27.459    8.062    78.102    6.708    74.0    28.018    73.335    26.926    70.178    40.608    40.112    2.236    8.062    8.062    8.062    23.431    66.189    3.606    19.235    73.007    20.248    76.0    71.176    7.28    7.0    
10    68.542    21.932    34.655    10.63    30.0    48.374    49.649    33.242    27.459    0         31.953    91.137    24.759    53.16    1.0    54.626    1.0    51.078    18.788    20.809    29.411    33.242    35.511    31.953    5.0    47.424    23.854    8.485    52.498    7.211    93.862    52.0    34.482    33.541    
11    77.156    46.174    13.928    22.361    9.22    73.164    74.967    13.416    8.062    31.953    0         83.815    14.765    81.099    32.311    80.753    31.623    77.524    47.096    47.011    8.485    13.416    8.0    0.0    27.313    73.553    10.198    24.515    80.156    25.0    80.306    78.518    6.0    4.0    
12    42.521    78.848    69.921    84.054    75.432    81.841    83.815    70.605    78.102    91.137    83.815    0         73.98    94.403    92.136    88.238    90.139    88.006    85.866    82.006    76.4    70.605    76.217    83.815    91.0    85.703    79.429    85.006    93.005    87.006    18.0    88.6    78.109    80.006    
13    62.936    33.136    10.0    14.213    7.0    59.304    61.205    8.602    6.708    24.759    14.765    73.98    0         68.066    25.495    67.119    24.042    64.031    35.44    34.525    7.071    8.602    13.038    14.765    21.633    60.033    5.831    16.279    67.03    17.804    73.246    65.031    13.038    13.342    
14    53.666    35.0    76.531    59.54    75.06    12.728    10.63    75.425    74.0    53.16    81.099    94.403    68.066    0         53.451    7.071    52.887    6.403    34.713    34.132    75.027    75.425    81.099    81.099    57.974    9.434    71.028    57.706    1.414    58.052    106.075    5.831    81.025    81.0    
15    69.462    22.627    35.355    11.314    30.61    48.877    50.12    33.941    28.018    1.0    32.311    92.136    25.495    53.451    0         55.036    2.0    51.478    19.235    21.401    30.0    33.941    36.056    32.311    5.099    47.854    24.413    9.22    52.811    7.81    94.831    52.393    34.986    34.0    
16    47.011    34.713    75.027    59.908    74.108    8.246    6.083    74.007    73.335    54.626    80.753    88.238    67.119    7.071    55.036    0         54.231    3.606    35.847    34.482    74.169    74.007    80.056    80.753    59.237    7.28    70.576    58.241    6.0    58.822    100.449    2.828    80.156    80.306    
17    67.624    21.26    33.971    10.0    29.411    47.885    49.193    32.558    26.926    1.0    31.623    90.139    24.042    52.887    2.0    54.231    0         50.695    18.385    20.248    28.844    32.558    34.986    31.623    5.099    47.011    23.324    7.81    52.202    6.708    92.892    51.624    34.0    33.106    
18    47.424    31.401    72.111    56.515    71.028    6.403    4.243    71.063    70.178    51.078    77.524    88.006    64.031    6.403    51.478    3.606    50.695    0         32.311    31.048    71.063    71.063    77.006    77.524    55.714    4.0    67.365    54.818    5.0    55.362    99.705    1.0    77.058    77.162    
19    55.902    7.071    44.944    25.02    42.202    29.682    30.887    43.658    40.608    18.788    47.096    85.866    35.44    34.713    19.235    35.847    18.385    32.311    0         4.0    41.976    43.658    48.27    47.096    23.409    28.636    37.336    23.087    33.956    23.345    92.136    33.242    47.854    47.518    
20    51.971    3.162    43.681    25.495    41.437    27.731    29.155    42.45    40.112    20.809    47.011    82.006    34.525    34.132    21.401    34.482    20.248    31.048    4.0    0         41.304    42.45    47.518    47.011    25.06    27.203    37.014    23.77    33.242    24.352    88.549    32.016    47.265    47.096    
21    68.68    40.05    7.071    18.868    1.0    66.37    68.264    6.0    2.236    29.411    8.485    76.4    7.071    75.027    30.0    74.169    28.844    71.063    41.976    41.304    0         6.0    6.325    8.485    25.495    67.067    5.657    21.095    74.007    22.204    74.007    72.062    6.0    6.325    
22    64.815    40.792    1.414    22.627    5.0    66.008    68.0    0.0    8.062    33.242    13.416    70.605    8.602    75.425    33.941    74.007    32.558    71.063    43.658    42.45    6.0    0         7.211    13.416    29.833    67.067    10.77    24.759    74.33    26.173    68.007    72.062    8.485    10.0    
23    72.007    46.174    7.071    25.06    6.083    72.173    74.108    7.211    8.062    35.511    8.0    76.217    13.038    81.099    36.056    80.056    34.986    77.006    48.27    47.518    6.325    7.211    0         8.0    31.401    73.007    11.662    27.295    80.056    28.302    72.339    78.006    2.0    4.0    
24    77.156    46.174    13.928    22.361    9.22    73.164    74.967    13.416    8.062    31.953    0.0    83.815    14.765    81.099    32.311    80.753    31.623    77.524    47.096    47.011    8.485    13.416    8.0    0         27.313    73.553    10.198    24.515    80.156    25.0    80.306    78.518    6.0    4.0    
25    70.661    25.807    31.241    7.616    26.173    52.773    54.129    29.833    23.431    5.0    27.313    91.0    21.633    57.974    5.099    59.237    5.099    55.714    23.409    25.06    25.495    29.833    31.401    27.313    0         52.0    19.849    6.083    57.28    4.123    92.763    56.648    30.232    29.155    
26    45.88    27.459    68.118    52.631    67.03    4.123    3.162    67.067    66.189    47.424    73.553    85.703    60.033    9.434    47.854    7.28    47.011    4.0    28.636    27.203    67.067    67.067    73.007    73.553    52.0    0         63.388    50.961    8.062    51.546    96.938    5.0    73.062    73.171    
27    68.622    36.056    12.083    13.416    6.403    62.968    64.777    10.77    3.606    23.854    10.198    79.429    5.831    71.028    24.413    70.576    23.324    67.365    37.336    37.014    5.657    10.77    11.662    10.198    19.849    63.388    0         15.652    70.064    16.643    78.058    68.359    10.77    10.198    
28    65.863    23.77    26.173    2.236    21.633    51.264    52.811    24.759    19.235    8.485    24.515    85.006    16.279    57.706    9.22    58.241    7.81    54.818    23.087    23.77    21.095    24.759    27.295    24.515    6.083    50.961    15.652    0         56.886    2.0    86.683    55.785    26.401    25.632    
29    52.326    34.015    75.425    58.694    74.027    11.314    9.22    74.33    73.007    52.498    80.156    93.005    67.03    1.414    52.811    6.0    52.202    5.0    33.956    33.242    74.007    74.33    80.056    80.156    57.28    8.062    70.064    56.886    0         57.271    104.661    4.472    80.006    80.006    
30    67.602    24.597    27.586    3.606    22.804    52.0    53.488    26.173    20.248    7.211    25.0    87.006    17.804    58.052    7.81    58.822    6.708    55.362    23.345    24.352    22.204    26.173    28.302    25.0    4.123    51.546    16.643    2.0    57.271    0         88.645    56.321    27.295    26.401    
31    57.306    85.422    67.03    85.329    73.007    93.349    95.462    68.007    76.0    93.862    80.306    18.0    73.246    106.075    94.831    100.449    92.892    99.705    92.136    88.549    74.007    68.007    72.339    80.306    92.763    96.938    78.058    86.683    104.661    88.645    0         100.409    74.33    76.322    
32    47.854    32.388    73.11    57.489    72.028    7.211    5.0    72.062    71.176    52.0    78.518    88.6    65.031    5.831    52.393    2.828    51.624    1.0    33.242    32.016    72.062    72.062    78.006    78.518    56.648    5.0    68.359    55.785    4.472    56.321    100.409    0         78.058    78.16    
33    73.246    46.043    8.602    24.166    6.083    72.339    74.243    8.485    7.28    34.482    6.0    78.109    13.038    81.025    34.986    80.156    34.0    77.058    47.854    47.265    6.0    8.485    2.0    6.0    30.232    73.062    10.77    26.401    80.006    27.295    74.33    78.058    0         2.0    
34    74.518    46.0    10.296    23.409    6.708    72.56    74.431    10.0    7.0    33.541    4.0    80.006    13.342    81.0    34.0    80.306    33.106    77.162    47.518    47.096    6.325    10.0    4.0    4.0    29.155    73.171    10.198    25.632    80.006    26.401    76.322    78.16    2.0    0         


Demandas:
1: 0.0
2: 6.0
3: 12.0
4: 2.0
5: 24.0
6: 3.0
7: 18.0
8: 21.0
9: 14.0
10: 69.0
11: 1.0
12: 13.0
13: 2.0
14: 2.0
15: 7.0
16: 7.0
17: 1.0
18: 23.0
19: 19.0
20: 14.0
21: 8.0
22: 11.0
23: 4.0
24: 8.0
25: 24.0
26: 12.0
27: 9.0
28: 4.0
29: 19.0
30: 15.0
31: 2.0
32: 2.0
33: 15.0
34: 66.0
+-+-+-+-+-+-+-+-+-+-+-+-+-+-+-+ SOLUCION INICIAL +-+-+-+-+-+-+-+-+-+-+-+-+-+-+-+-

Ruta #1: [1, 2, 20, 25, 30, 28, 4, 12, 31]
Costo asociado: 245.185      Capacidad: 80.0

Ruta #2: [1, 9, 27, 21, 5, 3, 8, 22]
Costo asociado: 151.886      Capacidad: 99.0

Ruta #3: [1, 10, 17, 15, 19]
Costo asociado: 146.679      Capacidad: 96.0

Ruta #4: [1, 11, 13, 23, 33, 34, 24]
Costo asociado: 190.115      Capacidad: 96.0

Ruta #5: [1, 6, 7, 14, 26, 16, 18, 29, 32]
Costo asociado: 132.29699999999997      Capacidad: 86.0

--> Costo total: 866.162          Capacidad total: 457.0

+-+-+-+-+-+-+-+-+-+-+-+-+-+-+-+-+-+-+-+-+-+-+-+-+- Iteracion 2  +-+-+-+-+-+-+-+-+-+-+-+-+-+-+-+-+-+-+-+-+-+-+-+-+-


Ruta #1: [1, 2, 20, 25, 30, 28, 4, 12, 31]
Costo asociado: 245.185      Capacidad: 80.0

Ruta #2: [1, 9, 27, 21, 5, 3, 8, 22]
Costo asociado: 151.886      Capacidad: 99.0

Ruta #3: [1, 10, 17, 15, 19]
Costo asociado: 146.679      Capacidad: 96.0

Ruta #4: [1, 11, 13, 23, 33, 34, 24]
Costo asociado: 190.115      Capacidad: 96.0

Ruta #5: [1, 32, 29, 18, 16, 14, 26, 7, 6]
Costo asociado: 124.62      Capacidad: 86.0

--> Costo total: 858.485          Capacidad total: 457.0

La solución anterior duró 0min 0seg    -------> Nuevo optimo local. Costo: 858.485       ==> Optimo: 788.0  Desvio: 8.9%
Lista tabu: [((1,10,68.542:9),6), ((10,17,1.0:322),6), ((20,25,25.06:670),6), ((25,30,4.123:845),6), ((10,20,20.809:325),5)]

+-+-+-+-+-+-+-+-+-+-+-+-+-+-+-+-+-+-+-+-+-+-+-+-+- Iteracion 4  +-+-+-+-+-+-+-+-+-+-+-+-+-+-+-+-+-+-+-+-+-+-+-+-+-


Ruta #1: [1, 2, 20, 25, 30, 28, 4, 12, 31]
Costo asociado: 245.185      Capacidad: 80.0

Ruta #2: [1, 9, 27, 21, 5, 3, 8, 22]
Costo asociado: 151.886      Capacidad: 99.0

Ruta #3: [1, 10, 17, 15, 19]
Costo asociado: 146.679      Capacidad: 96.0

Ruta #4: [1, 24, 34, 33, 23, 11, 13]
Costo asociado: 170.857      Capacidad: 96.0

Ruta #5: [1, 32, 29, 18, 16, 14, 26, 7, 6]
Costo asociado: 124.62      Capacidad: 86.0

--> Costo total: 839.227          Capacidad total: 457.0

La solución anterior duró 0min 0seg    -------> Nuevo optimo local. Costo: 839.227       ==> Optimo: 788.0  Desvio: 6.5%
Lista tabu: [((1,10,68.542:9),4), ((10,17,1.0:322),4), ((20,25,25.06:670),4), ((25,30,4.123:845),4), ((10,20,20.809:325),3), ((7,14,10.63:217),9), ((26,16,7.28:535),9), ((16,14,7.071:457),7), ((9,27,3.606:298),6), ((27,21,5.657:706),6), ((4,12,84.054:113),6), ((4,27,13.416:128),5)]

+-+-+-+-+-+-+-+-+-+-+-+-+-+-+-+-+-+-+-+-+-+-+-+-+- Iteracion 7  +-+-+-+-+-+-+-+-+-+-+-+-+-+-+-+-+-+-+-+-+-+-+-+-+-


Ruta #1: [1, 2, 20, 25, 30, 28, 4, 12, 31]
Costo asociado: 245.185      Capacidad: 80.0

Ruta #2: [1, 9, 27, 21, 5, 3, 8, 22]
Costo asociado: 151.886      Capacidad: 99.0

Ruta #3: [1, 10, 17, 15, 19]
Costo asociado: 146.679      Capacidad: 96.0

Ruta #4: [1, 34, 33, 23, 24, 11, 13]
Costo asociado: 164.219      Capacidad: 96.0

Ruta #5: [1, 32, 29, 18, 16, 14, 26, 7, 6]
Costo asociado: 124.62      Capacidad: 86.0

--> Costo total: 832.589          Capacidad total: 457.0

La solución anterior duró 0min 0seg    -------> Nuevo optimo local. Costo: 832.589       ==> Optimo: 788.0  Desvio: 5.7%
Lista tabu: [((1,10,68.542:9),1), ((10,17,1.0:322),1), ((20,25,25.06:670),1), ((25,30,4.123:845),1), ((7,14,10.63:217),6), ((26,16,7.28:535),6), ((16,14,7.071:457),4), ((9,27,3.606:298),3), ((27,21,5.657:706),3), ((4,12,84.054:113),3), ((4,27,13.416:128),2), ((1,11,77.156:10),8), ((13,23,13.038:430),8), ((23,11,8.0:362),6), ((23,11,8.0:362),5), ((11,13,14.765:352),5), ((22,1,64.815:21),5), ((11,22,13.416:361),4), ((29,18,5.0:606),6), ((16,14,7.071:457),6), ((14,18,6.403:459),5)]

+-+-+-+-+-+-+-+-+-+-+-+-+-+-+-+-+-+-+-+-+-+-+-+-+- Iteracion 17  +-+-+-+-+-+-+-+-+-+-+-+-+-+-+-+-+-+-+-+-+-+-+-+-+-


Ruta #1: [1, 2, 20, 25, 30, 28, 4, 12, 31]
Costo asociado: 245.185      Capacidad: 80.0

Ruta #2: [1, 9, 27, 21, 5, 22, 8, 3]
Costo asociado: 150.988      Capacidad: 99.0

Ruta #3: [1, 10, 17, 15, 19]
Costo asociado: 146.679      Capacidad: 96.0

Ruta #4: [1, 34, 33, 23, 24, 11, 13]
Costo asociado: 164.219      Capacidad: 96.0

Ruta #5: [1, 32, 29, 18, 16, 14, 26, 7, 6]
Costo asociado: 124.62      Capacidad: 86.0

--> Costo total: 831.6909999999999          Capacidad total: 457.0

La solución anterior duró 0min 0seg    -------> Nuevo optimo local. Costo: 831.691       ==> Optimo: 788.0  Desvio: 5.5%
Lista tabu: [((23,11,8.0:362),1), ((24,34,4.0:815),1), ((1,24,77.156:23),1), ((25,30,4.123:845),1), ((28,4,2.236:129),1), ((23,24,8.0:771),2), ((11,13,14.765:352),2), ((13,24,14.765:431),1), ((23,24,8.0:771),3), ((11,13,14.765:352),3), ((11,23,8.0:362),2), ((9,27,3.606:298),4), ((27,21,5.657:706),4), ((20,25,25.06:670),4), ((25,27,19.849:842),3), ((10,17,1.0:322),5), ((17,15,2.0:492),5), ((30,28,2.0:947),5), ((17,28,7.81:571),4), ((14,26,9.434:467),6), ((7,6,2.236:176),6), ((7,14,10.63:217),5)]

+-+-+-+-+-+-+-+-+-+-+-+-+-+-+-+-+-+-+-+-+-+-+-+-+- Iteracion 18  +-+-+-+-+-+-+-+-+-+-+-+-+-+-+-+-+-+-+-+-+-+-+-+-+-


Ruta #1: [1, 2, 20, 25, 30, 28, 4, 12, 31]
Costo asociado: 245.185      Capacidad: 80.0

Ruta #2: [1, 9, 27, 21, 5, 22, 8, 3]
Costo asociado: 150.988      Capacidad: 99.0

Ruta #3: [1, 10, 17, 15, 19]
Costo asociado: 146.679      Capacidad: 96.0

Ruta #4: [1, 34, 33, 23, 24, 11, 13]
Costo asociado: 164.219      Capacidad: 96.0

Ruta #5: [1, 32, 18, 16, 14, 29, 26, 7, 6]
Costo asociado: 116.19000000000001      Capacidad: 86.0

--> Costo total: 823.261          Capacidad total: 457.0

La solución anterior duró 0min 0seg    -------> Nuevo optimo local. Costo: 823.261       ==> Optimo: 788.0  Desvio: 4.5%
Lista tabu: [((23,24,8.0:771),1), ((11,13,14.765:352),1), ((23,24,8.0:771),2), ((11,13,14.765:352),2), ((11,23,8.0:362),1), ((9,27,3.606:298),3), ((27,21,5.657:706),3), ((20,25,25.06:670),3), ((25,27,19.849:842),2), ((10,17,1.0:322),4), ((17,15,2.0:492),4), ((30,28,2.0:947),4), ((17,28,7.81:571),3), ((14,26,9.434:467),5), ((7,6,2.236:176),5), ((7,14,10.63:217),4), ((5,3,6.083:72),10), ((22,1,64.815:21),10), ((5,22,5.0:157),8)]

+-+-+-+-+-+-+-+-+-+-+-+-+-+-+-+-+-+-+-+-+-+-+-+-+- Iteracion 21  +-+-+-+-+-+-+-+-+-+-+-+-+-+-+-+-+-+-+-+-+-+-+-+-+-


Ruta #1: [1, 2, 20, 25, 30, 28, 4, 12, 31]
Costo asociado: 245.185      Capacidad: 80.0

Ruta #2: [1, 9, 27, 21, 5, 22, 8, 3]
Costo asociado: 150.988      Capacidad: 99.0

Ruta #3: [1, 10, 17, 15, 19]
Costo asociado: 146.679      Capacidad: 96.0

Ruta #4: [1, 34, 33, 23, 24, 11, 13]
Costo asociado: 164.219      Capacidad: 96.0

Ruta #5: [1, 6, 7, 26, 29, 14, 16, 32, 18]
Costo asociado: 114.982      Capacidad: 86.0

--> Costo total: 822.0529999999999          Capacidad total: 457.0

La solución anterior duró 0min 0seg    -------> Nuevo optimo local. Costo: 822.053       ==> Optimo: 788.0  Desvio: 4.3%
Lista tabu: [((10,17,1.0:322),1), ((17,15,2.0:492),1), ((30,28,2.0:947),1), ((14,26,9.434:467),2), ((7,6,2.236:176),2), ((7,14,10.63:217),1), ((5,3,6.083:72),7), ((22,1,64.815:21),7), ((5,22,5.0:157),5), ((14,26,9.434:467),8), ((29,18,5.0:606),8), ((32,29,4.472:983),8), ((26,29,8.062:878),6), ((28,4,2.236:129),5), ((4,12,84.054:113),5), ((1,10,68.542:9),5), ((4,10,10.63:111),4), ((30,28,2.0:947),6), ((28,4,2.236:129),6), ((1,10,68.542:9),6), ((10,28,8.485:333),5)]

+-+-+-+-+-+-+-+-+-+-+-+-+-+-+-+-+-+-+-+-+-+-+-+-+- Iteracion 25  +-+-+-+-+-+-+-+-+-+-+-+-+-+-+-+-+-+-+-+-+-+-+-+-+-


Ruta #1: [1, 2, 20, 25, 30, 28, 4, 12, 31]
Costo asociado: 245.185      Capacidad: 80.0

Ruta #2: [1, 9, 27, 21, 5, 22, 8, 3]
Costo asociado: 150.988      Capacidad: 99.0

Ruta #3: [1, 10, 17, 15, 19]
Costo asociado: 146.679      Capacidad: 96.0

Ruta #4: [1, 33, 23, 24, 11, 34, 13]
Costo asociado: 163.524      Capacidad: 96.0

Ruta #5: [1, 6, 7, 26, 29, 14, 16, 32, 18]
Costo asociado: 114.982      Capacidad: 86.0

--> Costo total: 821.358          Capacidad total: 457.0

La solución anterior duró 0min 0seg    -------> Nuevo optimo local. Costo: 821.358       ==> Optimo: 788.0  Desvio: 4.2%
Lista tabu: [((5,3,6.083:72),3), ((22,1,64.815:21),3), ((5,22,5.0:157),1), ((14,26,9.434:467),4), ((29,18,5.0:606),4), ((32,29,4.472:983),4), ((26,29,8.062:878),2), ((28,4,2.236:129),1), ((4,12,84.054:113),1), ((1,10,68.542:9),1), ((30,28,2.0:947),2), ((28,4,2.236:129),2), ((1,10,68.542:9),2), ((10,28,8.485:333),1), ((1,32,47.854:31),7), ((18,16,3.606:527),7), ((32,16,2.828:541),5), ((3,1,65.0:2),4), ((27,21,5.657:706),4), ((9,27,3.606:298),4), ((3,27,12.083:94),3), ((23,24,8.0:771),5), ((11,13,14.765:352),5), ((13,24,14.765:431),4), ((20,25,25.06:670),6), ((28,4,2.236:129),6), ((4,25,7.616:126),5)]

+-+-+-+-+-+-+-+-+-+-+-+-+-+-+-+-+-+-+-+-+-+-+-+-+- Iteracion 29  +-+-+-+-+-+-+-+-+-+-+-+-+-+-+-+-+-+-+-+-+-+-+-+-+-


Ruta #1: [1, 2, 20, 25, 30, 28, 4, 12, 31]
Costo asociado: 245.185      Capacidad: 80.0

Ruta #2: [1, 9, 27, 21, 5, 22, 8, 3]
Costo asociado: 150.988      Capacidad: 99.0

Ruta #3: [1, 10, 17, 15, 19]
Costo asociado: 146.679      Capacidad: 96.0

Ruta #4: [1, 23, 24, 11, 34, 33, 13]
Costo asociado: 161.981      Capacidad: 96.0

Ruta #5: [1, 6, 7, 26, 29, 14, 16, 32, 18]
Costo asociado: 114.982      Capacidad: 86.0

--> Costo total: 819.8149999999999          Capacidad total: 457.0

La solución anterior duró 0min 0seg    -------> Nuevo optimo local. Costo: 819.815       ==> Optimo: 788.0  Desvio: 4.0%
Lista tabu: [((1,32,47.854:31),3), ((18,16,3.606:527),3), ((32,16,2.828:541),1), ((23,24,8.0:771),1), ((11,13,14.765:352),1), ((20,25,25.06:670),2), ((28,4,2.236:129),2), ((4,25,7.616:126),1), ((11,13,14.765:352),7), ((34,33,2.0:1121),7), ((1,34,74.518:33),7), ((11,34,4.0:373),5), ((7,26,3.162:229),4), ((32,18,1.0:609),4), ((7,32,5.0:235),3), ((24,11,0.0:363),5), ((11,34,4.0:373),5), ((8,3,1.414:75),5), ((3,11,13.928:78),4), ((3,1,65.0:2),6), ((27,21,5.657:706),6), ((9,27,3.606:298),6), ((27,3,12.083:94),5)]

+-+-+-+-+-+-+-+-+-+-+-+-+-+-+-+-+-+-+-+-+-+-+-+-+- Iteracion 31  +-+-+-+-+-+-+-+-+-+-+-+-+-+-+-+-+-+-+-+-+-+-+-+-+-


Ruta #1: [1, 2, 20, 25, 30, 28, 4, 12, 31]
Costo asociado: 245.185      Capacidad: 80.0

Ruta #2: [1, 9, 27, 21, 5, 22, 8, 3]
Costo asociado: 150.988      Capacidad: 99.0

Ruta #3: [1, 10, 17, 15, 19]
Costo asociado: 146.679      Capacidad: 96.0

Ruta #4: [1, 23, 33, 34, 11, 24, 13]
Costo asociado: 157.708      Capacidad: 96.0

Ruta #5: [1, 6, 7, 26, 29, 14, 16, 32, 18]
Costo asociado: 114.982      Capacidad: 86.0

--> Costo total: 815.5419999999999          Capacidad total: 457.0

La solución anterior duró 0min 0seg    -------> Nuevo optimo local. Costo: 815.542       ==> Optimo: 788.0  Desvio: 3.5000000000000004%
Lista tabu: [((1,32,47.854:31),1), ((18,16,3.606:527),1), ((11,13,14.765:352),5), ((34,33,2.0:1121),5), ((1,34,74.518:33),5), ((11,34,4.0:373),3), ((7,26,3.162:229),2), ((32,18,1.0:609),2), ((7,32,5.0:235),1), ((24,11,0.0:363),3), ((11,34,4.0:373),3), ((8,3,1.414:75),3), ((3,11,13.928:78),2), ((3,1,65.0:2),4), ((27,21,5.657:706),4), ((9,27,3.606:298),4), ((27,3,12.083:94),3), ((34,13,13.342:441),9), ((33,23,2.0:780),9), ((1,33,73.246:32),9), ((33,34,2.0:1121),7), ((1,9,69.311:8),6), ((8,3,1.414:75),6), ((3,9,9.22:76),5)]

+-+-+-+-+-+-+-+-+-+-+-+-+-+-+-+-+-+-+-+-+-+-+-+-+- Iteracion 44  +-+-+-+-+-+-+-+-+-+-+-+-+-+-+-+-+-+-+-+-+-+-+-+-+-


Ruta #1: [1, 2, 20, 25, 30, 28, 4, 12, 31]
Costo asociado: 245.185      Capacidad: 80.0

Ruta #2: [1, 9, 27, 21, 5, 22, 8, 3]
Costo asociado: 150.988      Capacidad: 99.0

Ruta #3: [1, 17, 15, 10, 19]
Costo asociado: 145.314      Capacidad: 96.0

Ruta #4: [1, 23, 33, 34, 11, 24, 13]
Costo asociado: 157.708      Capacidad: 96.0

Ruta #5: [1, 6, 7, 26, 29, 14, 16, 32, 18]
Costo asociado: 114.982      Capacidad: 86.0

--> Costo total: 814.1769999999999          Capacidad total: 457.0

La solución anterior duró 0min 0seg    -------> Nuevo optimo local. Costo: 814.177       ==> Optimo: 788.0  Desvio: 3.3000000000000003%
Lista tabu: [((1,10,68.542:9),1), ((10,17,1.0:322),1), ((30,28,2.0:947),1), ((28,4,2.236:129),1), ((25,30,4.123:845),2), ((28,4,2.236:129),2), ((25,28,6.083:843),1), ((11,24,0.0:363),3), ((24,13,14.765:431),3), ((5,22,5.0:157),3), ((22,8,0.0:259),3), ((13,22,8.602:429),2), ((33,34,2.0:1121),4), ((24,13,14.765:431),4), ((24,33,6.0:814),3), ((26,29,8.062:878),5), ((16,32,2.828:541),5), ((16,26,7.28:535),4), ((1,9,69.311:8),6), ((9,27,3.606:298),6), ((4,12,84.054:113),6), ((4,9,17.0:110),5)]

+-+-+-+-+-+-+-+-+-+-+-+-+-+-+-+-+-+-+-+-+-+-+-+-+- Iteracion 45  +-+-+-+-+-+-+-+-+-+-+-+-+-+-+-+-+-+-+-+-+-+-+-+-+-


Ruta #1: [1, 2, 20, 25, 30, 28, 4, 12, 31]
Costo asociado: 245.185      Capacidad: 80.0

Ruta #2: [1, 9, 27, 21, 5, 22, 8, 3]
Costo asociado: 150.988      Capacidad: 99.0

Ruta #3: [1, 17, 15, 10, 19]
Costo asociado: 145.314      Capacidad: 96.0

Ruta #4: [1, 23, 33, 34, 11, 24, 13]
Costo asociado: 157.708      Capacidad: 96.0

Ruta #5: [1, 6, 26, 29, 14, 16, 32, 18, 7]
Costo asociado: 113.98899999999998      Capacidad: 86.0

--> Costo total: 813.184          Capacidad total: 457.0

La solución anterior duró 0min 0seg    -------> Nuevo optimo local. Costo: 813.184       ==> Optimo: 788.0  Desvio: 3.2%
Lista tabu: [((25,30,4.123:845),1), ((28,4,2.236:129),1), ((11,24,0.0:363),2), ((24,13,14.765:431),2), ((5,22,5.0:157),2), ((22,8,0.0:259),2), ((13,22,8.602:429),1), ((33,34,2.0:1121),3), ((24,13,14.765:431),3), ((24,33,6.0:814),2), ((26,29,8.062:878),4), ((16,32,2.828:541),4), ((16,26,7.28:535),3), ((1,9,69.311:8),5), ((9,27,3.606:298),5), ((4,12,84.054:113),5), ((4,9,17.0:110),4), ((15,19,19.235:494),10), ((10,17,1.0:322),10), ((1,10,68.542:9),10), ((10,19,18.788:324),8)]

+-+-+-+-+-+-+-+-+-+-+-+-+-+-+-+-+-+-+-+-+-+-+-+-+- Iteracion 50  +-+-+-+-+-+-+-+-+-+-+-+-+-+-+-+-+-+-+-+-+-+-+-+-+-


Ruta #1: [1, 2, 20, 19, 25, 30, 28, 4, 12, 31]
Costo asociado: 247.534      Capacidad: 99.0

Ruta #2: [1, 9, 27, 21, 5, 22, 8, 3]
Costo asociado: 150.988      Capacidad: 99.0

Ruta #3: [1, 17, 15, 10]
Costo asociado: 139.166      Capacidad: 77.0

Ruta #4: [1, 23, 33, 34, 11, 24, 13]
Costo asociado: 157.708      Capacidad: 96.0

Ruta #5: [1, 6, 26, 29, 14, 16, 32, 18, 7]
Costo asociado: 113.98899999999998      Capacidad: 86.0

--> Costo total: 809.385          Capacidad total: 457.0

La solución anterior duró 0min 0seg    -------> Nuevo optimo local. Costo: 809.385       ==> Optimo: 788.0  Desvio: 2.7%
Lista tabu: [((15,19,19.235:494),5), ((10,17,1.0:322),5), ((1,10,68.542:9),5), ((10,19,18.788:324),3), ((18,1,47.424:17),6), ((7,26,3.162:229),6), ((6,7,2.236:176),6), ((7,18,4.243:221),4), ((9,27,3.606:298),3), ((27,21,5.657:706),3), ((11,24,0.0:363),3), ((24,13,14.765:431),3), ((9,24,8.062:295),2), ((11,24,0.0:363),4), ((24,13,14.765:431),4), ((5,22,5.0:157),4), ((22,8,0.0:259),4), ((13,22,8.602:429),3), ((1,9,69.311:8),5), ((9,27,3.606:298),5), ((30,28,2.0:947),5), ((9,30,20.248:301),4), ((5,22,5.0:157),6), ((3,1,65.0:2),6), ((3,5,6.083:72),5)]

+-+-+-+-+-+-+-+-+-+-+-+-+-+-+-+-+-+-+-+-+-+-+-+-+- Iteracion 89  +-+-+-+-+-+-+-+-+-+-+-+-+-+-+-+-+-+-+-+-+-+-+-+-+-


Ruta #1: [1, 2, 20, 19, 17, 25, 30, 28, 4, 12, 31]
Costo asociado: 247.60899999999998      Capacidad: 100.0

Ruta #2: [1, 9, 27, 21, 5, 22, 8, 3]
Costo asociado: 150.988      Capacidad: 99.0

Ruta #3: [1, 15, 10]
Costo asociado: 139.00400000000002      Capacidad: 76.0

Ruta #4: [1, 23, 33, 34, 11, 24, 13]
Costo asociado: 157.708      Capacidad: 96.0

Ruta #5: [1, 6, 26, 29, 14, 16, 32, 18, 7]
Costo asociado: 113.98899999999998      Capacidad: 86.0

--> Costo total: 809.298          Capacidad total: 457.0

La solución anterior duró 0min 0seg    -------> Nuevo optimo local. Costo: 809.298       ==> Optimo: 788.0  Desvio: 2.7%
Lista tabu: [((6,26,4.123:195),1), ((18,7,4.243:221),1), ((26,29,8.062:878),2), ((18,7,4.243:221),2), ((32,18,1.0:609),2), ((18,26,4.0:603),1), ((1,6,41.785:5),3), ((26,29,8.062:878),3), ((6,29,11.314:198),2), ((26,29,8.062:878),4), ((18,7,4.243:221),4), ((32,18,1.0:609),4), ((29,18,5.0:606),3), ((5,22,5.0:157),5), ((8,3,1.414:75),5), ((5,8,5.0:143),4), ((6,26,4.123:195),6), ((16,32,2.828:541),6), ((6,16,8.246:185),5)]

+-+-+-+-+-+-+-+-+-+-+-+-+-+-+-+-+-+-+-+-+-+-+-+-+- Iteracion 372  +-+-+-+-+-+-+-+-+-+-+-+-+-+-+-+-+-+-+-+-+-+-+-+-+-


Ruta #1: [1, 2, 20, 19, 17, 25, 30, 28, 4, 12, 31]
Costo asociado: 247.60899999999998      Capacidad: 100.0

Ruta #2: [1, 3, 8, 22, 5, 21, 9, 27]
Costo asociado: 146.878      Capacidad: 99.0

Ruta #3: [1, 15, 10]
Costo asociado: 139.00400000000002      Capacidad: 76.0

Ruta #4: [1, 23, 33, 34, 11, 24, 13]
Costo asociado: 157.708      Capacidad: 96.0

Ruta #5: [1, 6, 26, 29, 14, 16, 32, 18, 7]
Costo asociado: 113.98899999999998      Capacidad: 86.0

--> Costo total: 805.1879999999999          Capacidad total: 457.0

La solución anterior duró 0min 0seg    -------> Nuevo optimo local. Costo: 805.188       ==> Optimo: 788.0  Desvio: 2.1999999999999997%
Lista tabu: [((2,20,3.162:53),1), ((19,17,18.385:562),1), ((6,26,4.123:195),2), ((32,18,1.0:609),2), ((6,32,7.211:201),1), ((1,23,72.007:22),3), ((23,33,2.0:780),3), ((24,13,14.765:431),3), ((13,1,62.936:12),3), ((23,24,8.0:771),2), ((26,29,8.062:878),4), ((18,7,4.243:221),4), ((29,7,9.22:232),3), ((20,19,4.0:631),5), ((19,17,18.385:562),5), ((1,15,69.462:0),5), ((15,19,19.235:494),4), ((20,19,4.0:631),6), ((19,17,18.385:562),6), ((10,1,68.542:0),6), ((10,19,18.788:324),5)]

Ruta #1: [1, 2, 20, 19, 17, 25, 30, 28, 4, 12, 31]
Costo asociado: 247.60899999999998      Capacidad: 100.0

Ruta #2: [1, 9, 27, 21, 5, 22, 8, 3]
Costo asociado: 150.988      Capacidad: 99.0

Ruta #3: [1, 15, 10]
Costo asociado: 139.00400000000002      Capacidad: 76.0

Ruta #4: [1, 23, 33, 34, 11, 24, 13]
Costo asociado: 157.708      Capacidad: 96.0

Ruta #5: [1, 6, 26, 29, 14, 16, 32, 18, 7]
Costo asociado: 113.98899999999998      Capacidad: 86.0

--> Costo total: 809.298          Capacidad total: 457.0

+-+-+-+-+-+-+-+-+-+-+-+-+-+-+-+-+-+-+-+-+-+-+-+-+- Iteracion 896  +-+-+-+-+-+-+-+-+-+-+-+-+-+-+-+-+-+-+-+-+-+-+-+-+-


Ruta #1: [1, 2, 20, 19, 17, 25, 30, 28, 4, 12, 31]
Costo asociado: 247.60899999999998      Capacidad: 100.0

Ruta #2: [1, 3, 8, 22, 5, 21, 9, 27]
Costo asociado: 146.878      Capacidad: 99.0

Ruta #3: [1, 15, 10]
Costo asociado: 139.00400000000002      Capacidad: 76.0

Ruta #4: [1, 23, 33, 34, 11, 24, 13]
Costo asociado: 157.708      Capacidad: 96.0

Ruta #5: [1, 6, 26, 29, 14, 16, 32, 18, 7]
Costo asociado: 113.98899999999998      Capacidad: 86.0

--> Costo total: 805.1879999999999          Capacidad total: 457.0

+-+-+-+-+-+-+-+-+-+-+-+-+-+-+-+-+-+-+-+-+-+-+-+-+- Iteracion 896  +-+-+-+-+-+-+-+-+-+-+-+-+-+-+-+-+-+-+-+-+-+-+-+-+-

Solucion peor. Costo: 805.188
Lista tabu: [((1,9,69.311:8),1), ((5,22,5.0:157),1), ((26,29,8.062:878),2), ((14,16,7.071:457),2), ((14,26,9.434:467),1), ((30,28,2.0:947),3), ((4,12,84.054:113),3), ((4,30,3.606:131),2), ((25,30,4.123:845),4), ((30,28,2.0:947),4), ((1,15,69.462:0),4), ((15,30,7.81:505),3), ((5,22,5.0:157),5), ((8,3,1.414:75),5), ((3,22,1.414:89),4), ((34,11,4.0:373),6), ((11,24,0.0:363),6), ((21,5,1.0:156),6), ((5,11,9.22:146),5)]

Ruta #1: [1, 2, 20, 19, 25, 30, 28, 4, 12, 31]
Costo asociado: 247.534      Capacidad: 99.0

Ruta #2: [1, 9, 27, 21, 5, 22, 8, 3]
Costo asociado: 150.988      Capacidad: 99.0

Ruta #3: [1, 17, 15, 10]
Costo asociado: 139.166      Capacidad: 77.0

Ruta #4: [1, 23, 33, 34, 11, 24, 13]
Costo asociado: 157.708      Capacidad: 96.0

Ruta #5: [1, 6, 26, 29, 14, 16, 32, 18, 7]
Costo asociado: 113.98899999999998      Capacidad: 86.0

--> Costo total: 809.385          Capacidad total: 457.0

+-+-+-+-+-+-+-+-+-+-+-+-+-+-+-+-+-+-+-+-+-+-+-+-+- Iteracion 1200  +-+-+-+-+-+-+-+-+-+-+-+-+-+-+-+-+-+-+-+-+-+-+-+-+-


Ruta #1: [1, 2, 20, 19, 17, 25, 30, 28, 4, 12, 31]
Costo asociado: 247.60899999999998      Capacidad: 100.0

Ruta #2: [1, 9, 27, 21, 5, 22, 8, 3]
Costo asociado: 150.988      Capacidad: 99.0

Ruta #3: [1, 15, 10]
Costo asociado: 139.00400000000002      Capacidad: 76.0

Ruta #4: [1, 23, 33, 34, 11, 24, 13]
Costo asociado: 157.708      Capacidad: 96.0

Ruta #5: [1, 6, 26, 29, 14, 16, 32, 18, 7]
Costo asociado: 113.98899999999998      Capacidad: 86.0

--> Costo total: 809.298          Capacidad total: 457.0

+-+-+-+-+-+-+-+-+-+-+-+-+-+-+-+-+-+-+-+-+-+-+-+-+- Iteracion 1200  +-+-+-+-+-+-+-+-+-+-+-+-+-+-+-+-+-+-+-+-+-+-+-+-+-

Solucion peor. Costo: 809.298
Lista tabu: [((3,8,1.414:75),3), ((27,1,68.622:26),3), ((3,27,12.083:94),2), ((17,15,2.0:492),4), ((15,10,1.0:320),4), ((19,25,23.409:636),4), ((25,30,4.123:845),4), ((10,25,5.0:330),3), ((16,32,2.828:541),5), ((18,7,4.243:221),5), ((7,32,5.0:235),4), ((28,4,2.236:129),6), ((4,12,84.054:113),6), ((17,15,2.0:492),6), ((4,15,11.314:116),5)]

+-+-+-+-+-+-+-+-+-+-+-+-+-+-+-+-+-+-+-+-+-+-+-+-+- Iteracion 1205  +-+-+-+-+-+-+-+-+-+-+-+-+-+-+-+-+-+-+-+-+-+-+-+-+-


Ruta #1: [1, 2, 20, 19, 17, 25, 30, 28, 4, 12, 31]
Costo asociado: 247.60899999999998      Capacidad: 100.0

Ruta #2: [1, 3, 8, 22, 5, 21, 9, 27]
Costo asociado: 146.878      Capacidad: 99.0

Ruta #3: [1, 15, 10]
Costo asociado: 139.00400000000002      Capacidad: 76.0

Ruta #4: [1, 23, 33, 34, 11, 24, 13]
Costo asociado: 157.708      Capacidad: 96.0

Ruta #5: [1, 6, 26, 29, 14, 16, 32, 18, 7]
Costo asociado: 113.98899999999998      Capacidad: 86.0

--> Costo total: 805.1879999999999          Capacidad total: 457.0

+-+-+-+-+-+-+-+-+-+-+-+-+-+-+-+-+-+-+-+-+-+-+-+-+- Iteracion 1205  +-+-+-+-+-+-+-+-+-+-+-+-+-+-+-+-+-+-+-+-+-+-+-+-+-

Solucion peor. Costo: 805.188
Lista tabu: [((28,4,2.236:129),1), ((4,12,84.054:113),1), ((17,15,2.0:492),1), ((1,17,67.624:16),6), ((17,15,2.0:492),6), ((19,25,23.409:636),6), ((17,25,5.099:568),4), ((28,4,2.236:129),3), ((4,12,84.054:113),3), ((10,1,68.542:0),3), ((4,10,10.63:111),2), ((11,24,0.0:363),4), ((24,13,14.765:431),4), ((5,22,5.0:157),4), ((22,8,0.0:259),4), ((13,22,8.602:429),3), ((5,22,5.0:157),5), ((3,1,65.0:2),5), ((5,3,6.083:72),4), ((1,23,72.007:22),6), ((33,34,2.0:1121),6), ((23,34,4.0:781),5)]

Ruta #1: [1, 2, 20, 25, 30, 28, 4, 12, 31]
Costo asociado: 245.185      Capacidad: 80.0

Ruta #2: [1, 9, 27, 21, 5, 22, 8, 3]
Costo asociado: 150.988      Capacidad: 99.0

Ruta #3: [1, 17, 15, 10, 19]
Costo asociado: 145.314      Capacidad: 96.0

Ruta #4: [1, 23, 33, 34, 11, 24, 13]
Costo asociado: 157.708      Capacidad: 96.0

Ruta #5: [1, 6, 26, 29, 14, 16, 32, 18, 7]
Costo asociado: 113.98899999999998      Capacidad: 86.0

--> Costo total: 813.184          Capacidad total: 457.0

+-+-+-+-+-+-+-+-+-+-+-+-+-+-+-+-+-+-+-+-+-+-+-+-+- Iteracion 1515  +-+-+-+-+-+-+-+-+-+-+-+-+-+-+-+-+-+-+-+-+-+-+-+-+-


Ruta #1: [1, 2, 20, 19, 25, 30, 28, 4, 12, 31]
Costo asociado: 247.534      Capacidad: 99.0

Ruta #2: [1, 9, 27, 21, 5, 22, 8, 3]
Costo asociado: 150.988      Capacidad: 99.0

Ruta #3: [1, 17, 15, 10]
Costo asociado: 139.166      Capacidad: 77.0

Ruta #4: [1, 23, 33, 34, 11, 24, 13]
Costo asociado: 157.708      Capacidad: 96.0

Ruta #5: [1, 6, 26, 29, 14, 16, 32, 18, 7]
Costo asociado: 113.98899999999998      Capacidad: 86.0

--> Costo total: 809.385          Capacidad total: 457.0

+-+-+-+-+-+-+-+-+-+-+-+-+-+-+-+-+-+-+-+-+-+-+-+-+- Iteracion 1515  +-+-+-+-+-+-+-+-+-+-+-+-+-+-+-+-+-+-+-+-+-+-+-+-+-

Solucion peor. Costo: 809.385
Lista tabu: [((9,27,3.606:298),1), ((27,21,5.657:706),1), ((11,24,0.0:363),1), ((24,13,14.765:431),1), ((17,15,2.0:492),2), ((15,10,1.0:320),2), ((2,20,3.162:53),2), ((2,15,22.627:48),1), ((30,28,2.0:947),3), ((28,4,2.236:129),3), ((1,17,67.624:16),3), ((28,17,7.81:571),2), ((1,9,69.311:8),4), ((9,27,3.606:298),4), ((28,4,2.236:129),4), ((4,12,84.054:113),4), ((9,28,19.235:299),3), ((10,19,18.788:324),5), ((28,4,2.236:129),5), ((4,10,10.63:111),4), ((11,24,0.0:363),6), ((24,13,14.765:431),6), ((5,22,5.0:157),6), ((22,8,0.0:259),6), ((13,22,8.602:429),5)]

+-+-+-+-+-+-+-+-+-+-+-+-+-+-+-+-+-+-+-+-+-+-+-+-+- Iteracion 1543  +-+-+-+-+-+-+-+-+-+-+-+-+-+-+-+-+-+-+-+-+-+-+-+-+-


Ruta #1: [1, 2, 20, 19, 17, 25, 30, 28, 4, 12, 31]
Costo asociado: 247.60899999999998      Capacidad: 100.0

Ruta #2: [1, 9, 27, 21, 5, 22, 8, 3]
Costo asociado: 150.988      Capacidad: 99.0

Ruta #3: [1, 15, 10]
Costo asociado: 139.00400000000002      Capacidad: 76.0

Ruta #4: [1, 23, 33, 34, 11, 24, 13]
Costo asociado: 157.708      Capacidad: 96.0

Ruta #5: [1, 6, 26, 29, 14, 16, 32, 18, 7]
Costo asociado: 113.98899999999998      Capacidad: 86.0

--> Costo total: 809.298          Capacidad total: 457.0

+-+-+-+-+-+-+-+-+-+-+-+-+-+-+-+-+-+-+-+-+-+-+-+-+- Iteracion 1543  +-+-+-+-+-+-+-+-+-+-+-+-+-+-+-+-+-+-+-+-+-+-+-+-+-

Solucion peor. Costo: 809.298
Lista tabu: [((17,15,2.0:492),1), ((15,10,1.0:320),1), ((20,19,4.0:631),1), ((19,25,23.409:636),1), ((1,23,72.007:22),2), ((23,33,2.0:780),2), ((27,21,5.657:706),2), ((21,5,1.0:156),2), ((23,27,11.662:774),1), ((17,15,2.0:492),3), ((15,10,1.0:320),3), ((19,25,23.409:636),3), ((25,30,4.123:845),3), ((10,25,5.0:330),2), ((27,21,5.657:706),4), ((21,5,1.0:156),4), ((11,24,0.0:363),4), ((24,13,14.765:431),4), ((5,24,9.22:159),3), ((5,22,5.0:157),5), ((8,3,1.414:75),5), ((3,22,1.414:89),4), ((14,16,7.071:457),6), ((7,1,43.463:6),6), ((14,7,10.63:217),5)]

+-+-+-+-+-+-+-+-+-+-+-+-+-+-+-+-+-+-+-+-+-+-+-+-+- Iteracion 1821  +-+-+-+-+-+-+-+-+-+-+-+-+-+-+-+-+-+-+-+-+-+-+-+-+-


Ruta #1: [1, 2, 20, 19, 17, 25, 30, 28, 4, 12, 31]
Costo asociado: 247.60899999999998      Capacidad: 100.0

Ruta #2: [1, 3, 8, 22, 5, 21, 9, 27]
Costo asociado: 146.878      Capacidad: 99.0

Ruta #3: [1, 15, 10]
Costo asociado: 139.00400000000002      Capacidad: 76.0

Ruta #4: [1, 23, 33, 34, 11, 24, 13]
Costo asociado: 157.708      Capacidad: 96.0

Ruta #5: [1, 6, 26, 29, 14, 16, 32, 18, 7]
Costo asociado: 113.98899999999998      Capacidad: 86.0

--> Costo total: 805.1879999999999          Capacidad total: 457.0

+-+-+-+-+-+-+-+-+-+-+-+-+-+-+-+-+-+-+-+-+-+-+-+-+- Iteracion 1821  +-+-+-+-+-+-+-+-+-+-+-+-+-+-+-+-+-+-+-+-+-+-+-+-+-

Solucion peor. Costo: 805.188
Lista tabu: [((1,23,72.007:22),1), ((23,33,2.0:780),1), ((24,13,14.765:431),1), ((13,1,62.936:12),1), ((6,26,4.123:195),2), ((14,16,7.071:457),2), ((14,6,12.728:183),1), ((33,34,2.0:1121),3), ((27,21,5.657:706),3), ((21,33,6.0:712),2), ((11,24,0.0:363),4), ((24,13,14.765:431),4), ((9,27,3.606:298),4), ((27,21,5.657:706),4), ((11,27,10.198:366),3), ((25,30,4.123:845),5), ((28,4,2.236:129),5), ((25,28,6.083:843),4), ((11,24,0.0:363),6), ((24,13,14.765:431),6), ((27,21,5.657:706),6), ((21,5,1.0:156),6), ((24,27,10.198:808),5)]

Ruta #1: [1, 2, 20, 25, 30, 28, 4, 12, 31]
Costo asociado: 245.185      Capacidad: 80.0

Ruta #2: [1, 9, 27, 21, 5, 22, 8, 3]
Costo asociado: 150.988      Capacidad: 99.0

Ruta #3: [1, 17, 15, 10, 19]
Costo asociado: 145.314      Capacidad: 96.0

Ruta #4: [1, 23, 33, 34, 11, 24, 13]
Costo asociado: 157.708      Capacidad: 96.0

Ruta #5: [1, 6, 7, 26, 29, 14, 16, 32, 18]
Costo asociado: 114.982      Capacidad: 86.0

--> Costo total: 814.1769999999999          Capacidad total: 457.0

+-+-+-+-+-+-+-+-+-+-+-+-+-+-+-+-+-+-+-+-+-+-+-+-+- Iteracion 2135  +-+-+-+-+-+-+-+-+-+-+-+-+-+-+-+-+-+-+-+-+-+-+-+-+-


Ruta #1: [1, 2, 20, 25, 30, 28, 4, 12, 31]
Costo asociado: 245.185      Capacidad: 80.0

Ruta #2: [1, 9, 27, 21, 5, 22, 8, 3]
Costo asociado: 150.988      Capacidad: 99.0

Ruta #3: [1, 17, 15, 10, 19]
Costo asociado: 145.314      Capacidad: 96.0

Ruta #4: [1, 23, 33, 34, 11, 24, 13]
Costo asociado: 157.708      Capacidad: 96.0

Ruta #5: [1, 6, 7, 26, 29, 14, 18, 32, 16]
Costo asociado: 113.90099999999998      Capacidad: 86.0

--> Costo total: 813.0959999999999          Capacidad total: 457.0

+-+-+-+-+-+-+-+-+-+-+-+-+-+-+-+-+-+-+-+-+-+-+-+-+- Iteracion 2135  +-+-+-+-+-+-+-+-+-+-+-+-+-+-+-+-+-+-+-+-+-+-+-+-+-

Solucion peor. Costo: 813.096
Lista tabu: [((8,3,1.414:75),1), ((34,11,4.0:373),1), ((1,9,69.311:8),2), ((9,27,3.606:298),2), ((11,24,0.0:363),2), ((24,13,14.765:431),2), ((9,11,8.062:282),1), ((23,33,2.0:780),3), ((24,13,14.765:431),3), ((23,24,8.0:771),2), ((1,23,72.007:22),4), ((33,34,2.0:1121),4), ((23,34,4.0:781),3), ((7,26,3.162:229),5), ((32,18,1.0:609),5), ((7,32,5.0:235),4), ((10,19,18.788:324),6), ((17,15,2.0:492),6), ((1,17,67.624:16),6), ((17,19,18.385:562),5)]

