+-+-+-+-+-+-+-+-+-+-+-+-+-+-+ GRAFO CARGADO +-+-+-+-+-+-+-+-+-+-+-+-+-+-+-
        1         2         3         4         5         6         7         8         9         10        11        12        13        14        15        16        17        18        19        20        21        22        23        24        25        26        27        28        29        30        31        32        33        34        35        36        37        38        39        40        41        42        43        44        45        46        47        48        49        50        51        52        53        54        55        56        57        58        59        60        61        62        63        64        65
1     0         45.122    72.111    52.154    39.699    26.306    28.844    32.249    66.603    47.074    70.937    35.777    51.923    54.626    46.69    32.062    64.405    11.314    38.833    52.802    62.801    39.699    40.2    38.21    65.299    45.343    33.941    34.928    30.0    29.732    46.043    35.384    52.953    41.231    30.529    50.912    52.498    47.202    73.756    17.088    74.324    61.351    70.257    18.974    62.129    38.471    25.06    22.804    45.695    18.439    59.363    10.198    63.655    50.12    37.736    31.241    62.129    45.122    67.082    63.812    48.374    68.0    18.0    35.777    26.077    
2     45.122    0         89.376    89.822    75.71    50.596    68.964    30.529    40.0    92.195    44.045    28.636    7.211    13.416    90.022    76.42    86.533    55.027    16.971    22.091    62.129    26.907    85.159    15.232    32.558    27.785    76.026    78.026    17.205    24.166    75.392    77.82    54.037    4.0    74.673    84.119    87.361    77.253    86.279    46.043    59.666    80.0    78.102    62.129    43.174    57.306    64.498    66.483    28.071    58.034    85.884    50.16    34.059    39.446    32.311    27.785    43.174    20.0    64.498    45.122    75.153    72.801    27.857    28.636    66.242    
3     72.111    89.376    0         44.721    42.426    46.519    92.347    98.793    70.342    81.043    71.386    100.955    91.608    87.132    63.906    66.483    10.77    77.666    72.471    75.18    34.525    62.801    73.756    95.016    78.435    63.812    92.0    60.828    86.833    66.483    30.067    92.022    37.577    86.371    84.024    34.176    37.577    30.265    8.944    89.196    54.0    10.77    18.111    62.29    60.166    34.986    90.796    82.219    108.407    56.886    19.698    81.043    74.0    53.666    104.307    62.225    60.166    103.479    36.056    59.666    26.0    24.0    79.925    100.955    90.554    
4     52.154    89.822    44.721    0         14.142    40.05    59.059    84.38    90.708    38.053    93.68    87.818    95.037    94.191    20.1    28.636    34.0    50.912    76.236    86.093    63.812    70.029    32.249    88.023    95.037    74.243    55.714    22.361    79.12    66.483    20.591    55.027    59.093    85.907    47.539    11.314    7.211    18.868    52.154    66.603    84.119    38.419    56.639    34.059    81.609    39.294    59.363    49.396    97.529    34.0    25.06    56.639    91.411    69.857    89.889    64.125    81.609    95.854    67.676    82.219    24.413    59.464    68.029    87.818    58.31    
5     39.699    75.71    42.426    14.142    0         26.0    51.923    71.61    77.795    39.395    80.994    74.887    80.895    80.1    24.083    24.083    32.062    40.497    62.129    72.25    53.814    56.143    31.623    74.324    81.584    60.531    50.359    18.439    65.391    52.345    12.649    50.16    47.707    71.805    42.19    11.662    12.806    12.166    48.083    55.317    73.239    33.526    50.12    23.324    69.08    26.833    51.264    41.761    84.38    21.26    24.083    45.607    78.102    56.921    77.201    50.04    69.08    82.292    58.0    69.857    17.088    51.614    54.589    74.887    50.596    
6     26.306    50.596    46.519    40.05    26.0    0         51.42    52.802    53.666    55.317    57.306    55.317    55.317    54.148    45.695    36.878    40.0    34.234    36.222    46.39    38.626    30.265    46.861    51.614    56.321    34.928    53.852    34.986    42.802    26.683    25.06    54.626    29.53    46.819    47.413    33.526    36.878    26.833    47.539    43.174    54.037    35.777    44.045    24.413    46.043    12.166    48.662    42.379    63.655    17.205    36.878    36.056    53.141    33.287    58.412    24.083    46.043    60.0    43.081    47.202    25.612    42.19    34.059    55.317    49.031    
7     28.844    68.964    92.347    59.059    51.923    51.42    0         44.721    95.268    33.106    99.639    48.662    76.158    80.449    43.863    30.529    82.873    17.889    66.483    80.623    89.844    68.411    31.241    57.585    93.338    74.027    8.0    36.715    51.884    58.138    62.801    10.0    80.324    65.513    12.806    63.246    62.769    63.151    96.0    23.409    102.859    82.098    94.53    30.067    90.973    62.801    4.472    10.198    58.31    36.056    75.71    19.799    92.022    78.892    48.166    60.0    90.973    61.612    94.255    92.65    66.483    93.381    41.617    48.662    2.828    
8     32.249    30.529    98.793    84.38    71.61    52.802    44.721    0         67.912    74.243    72.277    4.0    37.202    43.909    77.795    62.642    92.801    36.878    38.21    50.0    80.05    46.043    69.051    15.62    62.032    50.04    52.612    66.483    16.125    36.497    76.368    54.589    70.342    28.636    54.0    82.462    84.404    77.795    98.387    22.0    84.024    88.204    92.477    50.99    68.264    63.812    40.447    46.043    14.142    50.478    89.196    30.594    62.642    60.133    5.657    40.792    68.264    17.088    83.546    70.257    77.897    88.544    18.868    4.0    42.426    
9     66.603    40.0    70.342    90.708    77.795    53.666    95.268    67.912    0         108.167    4.472    67.082    36.497    28.636    99.318    89.889    72.443    77.897    30.463    18.111    36.056    26.907    99.86    54.332    10.0    21.26    100.499    88.589    51.923    37.202    71.021    101.863    34.059    40.2    96.208    81.216    85.51    72.993    63.906    76.158    22.804    64.498    53.852    76.026    10.198    51.42    91.214    89.107    68.029    69.34    76.0    75.604    6.325    20.881    71.021    35.384    10.198    60.0    35.777    10.77    68.469    47.539    56.356    67.082    92.455    
10    47.074    92.195    81.043    38.053    39.395    55.317    33.106    74.243    108.167    0         112.071    78.23    98.955    101.193    18.0    18.439    70.342    38.053    84.309    97.509    91.214    82.365    8.485    84.214    109.179    87.818    26.077    21.633    76.655    74.324    52.0    24.413    83.546    88.295    20.881    47.074    44.407    51.264    87.316    52.345    108.904    72.801    89.443    32.249    101.213    62.482    36.056    28.284    88.363    38.833    61.612    44.0    106.677    88.408    78.638    74.243    101.213    90.0    95.603    102.45    56.462    90.554    64.777    78.23    34.176    
11    70.937    44.045    71.386    93.68    80.994    57.306    99.639    72.277    4.472    112.071    0         71.386    40.2    32.249    102.859    93.744    74.108    82.219    34.928    22.361    36.878    31.241    103.73    58.549    12.649    25.612    104.805    92.282    56.321    41.617    73.756    106.151    36.056    44.407    100.419    83.952    88.295    75.71    64.56    80.623    21.26    66.121    54.406    80.0    12.166    54.406    95.603    93.381    72.111    73.239    78.102    80.0    10.0    24.166    75.313    39.699    12.166    64.031    36.056    12.0    71.021    48.083    60.828    71.386    96.83    
12    35.777    28.636    100.955    87.818    74.887    55.317    48.662    4.0    67.082    78.23    71.386    0         34.986    42.048    81.609    66.483    95.268    40.792    38.0    49.031    81.043    46.39    72.993    13.416    60.729    50.04    56.569    70.228    16.125    37.363    79.246    58.549    71.47    27.203    58.0    85.604    87.658    80.722    100.24    26.0    84.024    90.443    94.021    54.626    68.029    66.03    44.407    50.04    10.198    53.852    91.935    34.525    61.612    60.531    4.0    41.761    68.029    13.416    84.404    70.029    80.623    89.889    21.26    0.0    46.39    
13    51.923    7.211    91.608    95.037    80.895    55.317    76.158    37.202    36.497    98.955    40.2    34.986    0         8.0    96.187    82.873    89.554    62.032    19.698    19.698    62.482    28.844    91.782    21.633    28.0    28.284    83.187    84.214    24.413    28.636    79.699    84.971    55.172    10.77    81.707    88.769    92.195    81.609    87.864    53.254    57.585    82.68    79.196    68.469    41.231    60.926    71.694    73.539    32.985    64.031    89.554    57.271    30.265    39.699    38.471    31.623    41.231    24.739    64.405    43.081    79.12    73.593    34.928    34.986    73.43    
14    54.626    13.416    87.132    94.191    80.1    54.148    80.449    43.909    28.636    101.193    32.249    42.048    8.0    0         97.015    84.404    85.907    65.299    18.0    12.806    56.569    25.298    93.68    28.636    20.0    23.324    87.132    85.159    29.732    28.071    77.666    88.837    50.0    15.62    84.971    87.132    90.796    79.624    82.801    58.138    50.16    78.715    73.756    69.857    34.0    58.241    76.026    76.942    40.792    64.777    86.649    61.057    22.361    34.059    45.695    30.067    34.0    32.558    58.138    35.777    76.655    67.941    38.833    42.048    77.666    
15    46.69    90.022    63.906    20.1    24.083    45.695    43.863    77.795    99.318    18.0    102.859    81.609    96.187    97.015    0         15.232    53.141    41.231    79.246    91.214    77.795    75.286    13.416    84.853    101.843    80.324    38.833    12.0    76.42    69.051    36.056    37.736    71.218    86.023    31.241    29.732    26.683    34.986    70.682    57.271    96.83    56.356    73.783    28.071    91.302    50.0    45.343    35.609    91.761    32.249    44.272    47.539    98.793    78.715    82.873    67.912    91.302    91.782    82.024    92.282    40.497    75.604    64.498    81.609    43.863    
16    32.062    76.42    66.483    28.636    24.083    36.878    30.529    62.642    89.889    18.439    93.744    66.483    82.873    84.404    15.232    0         56.143    26.0    67.052    79.85    73.239    64.405    10.0    70.257    91.236    69.771    27.203    6.325    62.032    56.921    36.497    26.683    65.299    72.443    18.974    34.234    32.985    36.222    71.805    42.048    90.554    57.271    72.801    14.56    82.801    44.407    31.241    21.26    76.655    20.591    48.0    32.311    88.589    70.0    67.676    56.462    82.801    76.942    77.666    84.024    40.792    73.348    50.04    66.483    30.0    
17    64.405    86.533    10.77    34.0    32.062    40.0    82.873    92.801    72.443    70.342    74.108    95.268    89.554    85.907    53.141    56.143    0         68.964    69.971    74.673    38.21    60.828    63.151    90.554    79.624    62.769    82.098    50.359    82.024    62.801    20.1    82.024    38.471    83.235    74.027    23.409    26.833    20.0    18.439    81.437    58.856    8.0    25.06    52.953    62.29    29.732    81.584    72.691    103.325    48.083    8.944    72.801    75.313    53.852    98.407    58.822    62.29    99.035    40.792    62.129    16.492    29.732    74.027    95.268    81.216    
18    11.314    55.027    77.666    50.912    40.497    34.234    17.889    36.878    77.897    38.053    82.219    40.792    62.032    65.299    41.231    26.0    68.964    0         50.0    64.031    72.277    50.99    32.249    46.174    76.577    56.639    22.627    30.529    38.833    41.037    49.396    24.083    62.642    51.264    19.698    52.154    52.802    50.16    80.399    16.125    84.971    67.082    78.026    17.205    73.239    46.043    14.56    11.662    50.99    20.881    62.769    6.325    74.967    61.057    41.761    42.521    73.239    52.038    76.655    74.887    52.498    76.42    27.203    40.792    15.232    
19    38.833    16.971    72.471    76.236    62.129    36.222    66.483    38.21    30.463    84.309    34.928    38.0    19.698    18.0    79.246    67.052    69.971    50.0    0         14.142    45.651    10.0    76.551    26.683    26.907    12.166    72.471    67.469    22.091    10.198    60.166    74.027    37.202    14.422    69.34    69.426    72.993    62.097    69.311    46.043    46.043    63.246    61.221    52.498    30.067    41.231    62.225    61.612    41.231    47.074    69.857    46.69    26.077    23.409    42.0    12.166    30.067    34.176    48.332    32.062    59.464    56.036    26.077    38.0    63.655    
20    52.802    22.091    75.18    86.093    72.25    46.39    80.623    50.0    18.111    97.509    22.361    49.031    19.698    12.806    91.214    79.85    74.673    64.031    14.142    0         43.863    16.125    89.554    36.222    12.806    12.166    86.556    79.699    34.176    23.324    68.264    88.091    37.736    22.091    83.235    78.102    82.024    70.257    70.456    60.0    37.947    67.231    61.221    65.391    21.541    48.374    76.368    75.604    50.0    59.464    76.158    60.828    12.649    21.633    52.953    23.409    21.541    42.048    45.343    23.409    66.753    55.317    40.0    49.031    77.795    
21    62.801    62.129    34.525    63.812    53.814    38.626    89.844    80.05    36.056    91.214    36.878    81.043    62.482    56.569    77.795    73.239    38.21    72.277    45.651    43.863    0         35.777    82.801    71.694    44.721    34.409    92.477    69.656    65.146    43.681    43.267    93.231    10.0    60.033    85.907    52.839    57.306    44.944    27.857    78.102    20.881    30.265    17.889    62.61    26.0    28.844    86.833    80.994    86.163    55.462    43.681    72.993    40.249    22.804    84.9    39.294    26.0    79.624    4.472    25.298    39.446    11.662    62.514    81.043    87.361    
22    39.699    26.907    62.801    70.029    56.143    30.265    68.411    46.043    26.907    82.365    31.241    46.39    28.844    25.298    75.286    64.405    60.828    50.99    10.0    16.125    35.777    0         74.243    36.056    26.833    5.657    73.593    63.906    30.265    10.77    52.612    74.967    27.203    24.413    69.426    62.29    66.121    54.589    59.397    50.16    38.21    53.852    51.225    50.12    23.409    32.985    64.405    62.225    50.596    43.863    61.351    48.826    24.413    14.142    50.359    8.485    23.409    43.863    38.626    25.298    51.42    46.043    31.048    46.39    65.605    
23    40.2    85.159    73.756    32.249    31.623    46.861    31.241    69.051    99.86    8.485    103.73    72.993    91.782    93.68    13.416    10.0    63.151    32.249    76.551    89.554    82.801    74.243    0         78.0    101.074    79.649    25.612    13.416    70.114    66.483    44.272    24.413    75.073    81.216    18.439    40.2    38.0    43.681    79.699    47.539    100.419    65.146    81.437    24.166    92.801    54.037    33.287    24.166    83.187    30.529    54.589    38.471    98.489    80.0    73.756    66.212    92.801    84.214    87.201    94.021    48.703    82.365    58.138    72.993    31.623    
24    38.21    15.232    95.016    88.023    74.324    51.614    57.585    15.62    54.332    84.214    58.549    13.416    21.633    28.636    84.853    70.257    90.554    46.174    26.683    36.222    71.694    36.056    78.0    0         47.539    38.833    65.146    72.993    8.944    28.844    76.551    67.052    62.61    14.142    65.115    84.119    86.764    78.23    93.231    34.176    72.443    84.9    86.093    56.886    56.143    60.828    53.141    56.886    14.56    54.406    88.408    40.447    48.662    50.0    17.088    33.287    56.143    8.485    74.673    58.138    77.201    81.413    20.396    13.416    55.027    
25    65.299    32.558    78.435    95.037    81.584    56.321    93.338    62.032    10.0    109.179    12.649    60.729    28.0    20.0    101.843    91.236    79.624    76.577    26.907    12.806    44.721    26.833    101.074    47.539    0         21.541    99.156    90.62    46.519    35.609    76.105    100.658    41.231    33.526    95.603    86.209    90.355    78.102    72.498    72.801    32.802    71.805    62.61    76.942    18.868    56.143    89.107    88.091    60.531    70.682    82.389    73.539    4.472    26.077    64.56    34.986    18.868    52.345    44.944    20.0    74.0    56.356    52.802    60.729    90.51    
26    45.343    27.785    63.812    74.243    60.531    34.928    74.027    50.04    21.26    87.818    25.612    50.04    28.284    23.324    80.324    69.771    62.769    56.639    12.166    12.166    34.409    5.657    79.649    38.833    21.541    0         79.246    69.08    34.0    16.125    56.143    80.623    26.907    26.0    75.073    66.03    70.0    58.138    59.666    55.462    34.0    55.462    50.912    55.57    18.439    36.222    70.0    67.882    53.367    49.193    64.031    54.406    18.868    11.662    54.037    14.142    18.439    46.174    36.715    20.396    54.589    45.343    36.056    50.04    71.218    
27    33.941    76.026    92.0    55.714    50.359    53.852    8.0    52.612    100.499    26.077    104.805    56.569    83.187    87.132    38.833    27.203    82.098    22.627    72.471    86.556    92.477    73.593    25.612    65.146    99.156    79.246    0         33.526    59.093    63.655    62.032    2.0    83.259    72.471    8.246    61.188    60.166    62.129    96.333    31.048    106.677    82.098    95.708    30.594    95.603    64.56    12.166    11.662    66.272    37.363    74.431    26.077    97.591    83.235    56.143    65.115    95.603    69.426    96.933    97.201    66.0    95.079    48.374    56.569    10.198    
28    34.928    78.026    60.828    22.361    18.439    34.986    36.715    66.483    88.589    21.633    92.282    70.228    84.214    85.159    12.0    6.325    50.359    30.529    67.469    79.699    69.656    63.906    13.416    72.993    90.62    69.08    33.526    0         64.498    57.271    31.048    32.985    62.225    74.027    25.298    28.071    26.683    30.594    66.483    46.648    87.727    51.923    68.029    16.125    80.994    41.037    37.202    27.203    80.324    20.396    42.048    36.715    87.727    68.264    71.694    56.321    80.994    80.05    74.027    82.098    35.44    68.964    52.612    70.228    36.056    
29    30.0    17.205    86.833    79.12    65.391    42.802    51.884    16.125    51.923    76.655    56.321    16.125    24.413    29.732    76.42    62.032    82.024    38.833    22.091    34.176    65.146    30.265    70.114    8.944    46.519    34.0    59.093    64.498    0         21.541    67.676    60.926    55.714    14.142    58.241    75.18    77.82    69.34    85.44    28.844    68.0    76.577    78.715    48.374    52.154    52.345    47.413    50.0    21.633    45.607    79.649    33.526    46.819    44.407    20.1    26.0    52.154    17.205    68.411    54.148    68.411    74.324    12.0    16.125    49.193    
30    29.732    24.166    66.483    66.483    52.345    26.683    58.138    36.497    37.202    74.324    41.617    37.363    28.636    28.071    69.051    56.921    62.801    41.037    10.198    23.324    43.681    10.77    66.483    28.844    35.609    16.125    63.655    57.271    21.541    0         51.264    65.115    34.176    20.591    60.0    60.166    63.561    53.141    64.405    39.395    48.662    56.639    57.306    42.379    34.176    33.287    54.037    52.498    42.942    36.878    61.774    38.419    33.941    24.083    41.231    4.472    34.176    37.202    47.074    36.056    50.99    52.802    20.396    37.363    55.317    
31    46.043    75.392    30.067    20.591    12.649    25.06    62.801    76.368    71.021    52.0    73.756    79.246    79.699    77.666    36.056    36.497    20.1    49.396    60.166    68.264    43.267    52.612    44.272    76.551    76.105    56.143    62.032    31.048    67.676    51.264    0         62.0    38.626    71.694    54.0    10.198    14.56    2.0    35.44    62.769    63.53    20.881    37.736    32.985    61.612    20.0    61.612    52.612    88.091    28.636    13.416    53.666    72.25    50.359    82.024    48.083    61.612    84.876    47.202    62.097    4.472    39.699    58.138    79.246    61.188    
32    35.384    77.82    92.022    55.027    50.16    54.626    10.0    54.589    101.863    24.413    106.151    58.549    84.971    88.837    37.736    26.683    82.024    24.083    74.027    88.091    93.231    74.967    24.413    67.052    100.658    80.623    2.0    32.985    60.926    65.115    62.0    0         84.095    74.243    8.0    60.828    59.666    62.032    96.519    32.985    107.703    82.219    96.104    31.048    96.83    65.146    14.142    12.806    68.264    37.947    74.243    27.785    99.035    84.404    58.138    66.483    96.83    71.386    97.693    98.407    66.03    95.603    50.12    58.549    12.166    
33    52.953    54.037    37.577    59.093    47.707    29.53    80.324    70.342    34.059    83.546    36.056    71.47    55.172    50.0    71.218    65.299    38.471    62.642    37.202    37.736    10.0    27.203    75.073    62.61    41.231    26.907    83.259    62.225    55.714    34.176    38.626    84.095    0         51.614    76.942    48.703    53.141    40.497    32.802    68.118    25.612    30.594    24.083    53.852    24.0    21.26    77.201    71.694    76.968    46.648    42.048    63.151    36.878    16.125    75.286    29.732    24.0    70.711    14.142    24.083    35.44    18.868    52.612    71.47    77.795    
34    41.231    4.0    86.371    85.907    71.805    46.819    65.513    28.636    40.2    88.295    44.407    27.203    10.77    15.62    86.023    72.443    83.235    51.264    14.422    22.091    60.033    24.413    81.216    14.142    33.526    26.0    72.471    74.027    14.142    20.591    71.694    74.243    51.614    0         70.937    80.324    83.522    73.539    83.546    42.802    58.856    76.837    75.604    58.138    42.426    53.852    61.057    62.769    28.071    54.037    82.365    46.519    34.525    37.577    31.048    24.413    42.426    20.396    62.61    44.407    71.554    70.456    24.166    27.203    62.769    
35    30.529    74.673    84.024    47.539    42.19    47.413    12.806    54.0    96.208    20.881    100.419    58.0    81.707    84.971    31.241    18.974    74.027    19.698    69.34    83.235    85.907    69.426    18.439    65.115    95.603    75.073    8.246    25.298    58.241    60.0    54.0    8.0    76.942    70.937    0         52.953    51.923    54.037    88.566    32.0    100.955    74.243    88.295    23.409    90.686    57.585    15.232    8.246    68.029    30.463    66.272    24.739    93.723    78.102    58.138    60.959    90.686    70.257    90.377    92.195    58.034    87.932    46.819    58.0    13.416    
36    50.912    84.119    34.176    11.314    11.662    33.526    63.246    82.462    81.216    47.074    83.952    85.604    88.769    87.132    29.732    34.234    23.409    52.154    69.426    78.102    52.839    62.29    40.2    84.119    86.209    66.03    61.188    28.071    75.18    60.166    10.198    60.828    48.703    80.324    52.953    0         4.472    8.246    41.183    66.843    73.348    27.203    45.343    34.986    71.805    30.067    62.769    53.141    94.868    32.558    14.56    57.201    82.389    60.531    88.091    57.271    71.805    92.282    56.604    72.277    13.416    48.166    64.9    85.604    62.032    
37    52.498    87.361    37.577    7.211    12.806    36.878    62.769    84.404    85.51    44.407    88.295    87.658    92.195    90.796    26.683    32.985    26.833    52.802    72.993    82.024    57.306    66.121    38.0    86.764    90.355    70.0    60.166    26.683    77.82    63.561    14.56    59.666    53.141    83.522    51.923    4.472    0         12.649    44.944    67.941    77.82    31.241    49.518    35.609    76.158    34.234    62.61    52.802    97.098    34.059    17.889    58.138    86.579    64.777    90.0    60.828    76.158    94.826    61.057    76.655    17.889    52.498    67.231    87.658    61.741    
38    47.202    77.253    30.265    18.868    12.166    26.833    63.151    77.795    72.993    51.264    75.71    80.722    81.609    79.624    34.986    36.222    20.0    50.16    62.097    70.257    44.944    54.589    43.681    78.23    78.102    58.138    62.129    30.594    69.34    53.141    2.0    62.032    40.497    73.539    54.037    8.246    12.649    0         36.056    63.812    65.299    21.541    38.833    33.526    63.561    22.0    62.097    52.953    89.644    29.53    12.649    54.589    74.243    52.345    83.451    50.0    63.561    86.533    48.826    64.031    5.657    41.037    59.666    80.722    61.612    
39    73.756    86.279    8.944    52.154    48.083    47.539    96.0    98.387    63.906    87.316    64.56    100.24    87.864    82.801    70.682    71.805    18.439    80.399    69.311    70.456    27.857    59.397    79.699    93.231    72.498    59.666    96.333    66.483    85.44    64.405    35.44    96.519    32.802    83.546    88.566    41.183    44.944    36.056    0         90.708    46.174    14.56    10.198    66.03    53.852    35.44    94.085    86.023    107.07    60.033    27.203    83.187    68.029    48.826    103.769    60.0    53.852    101.607    28.636    53.141    31.048    16.492    79.624    100.24    94.021    
40    17.088    46.043    89.196    66.603    55.317    43.174    23.409    22.0    76.158    52.345    80.623    26.0    53.254    58.138    57.271    42.048    81.437    16.125    46.043    60.0    78.102    50.16    47.539    34.176    72.801    55.462    31.048    46.648    28.844    39.395    62.769    32.985    68.118    42.802    32.0    66.843    67.941    63.812    90.708    0         87.361    78.435    86.833    32.558    73.539    55.317    18.974    24.083    36.056    34.409    76.158    10.0    72.111    62.642    26.306    42.379    73.539    38.471    82.219    75.392    65.299    84.214    20.0    26.0    20.881    
41    74.324    59.666    54.0    84.119    73.239    54.037    102.859    84.024    22.804    108.904    21.26    84.024    57.585    50.16    96.83    90.554    58.856    84.971    46.043    37.947    20.881    38.21    100.419    72.443    32.802    34.0    106.677    87.727    68.0    48.662    63.53    107.703    25.612    58.856    100.955    73.348    77.82    65.299    46.174    87.361    0         50.99    36.056    78.409    16.492    46.861    99.318    95.016    86.833    71.218    64.56    84.309    28.844    24.739    88.023    45.122    16.492    79.246    18.111    14.56    59.933    30.0    69.051    84.024    100.18    
42    61.351    80.0    10.77    38.419    33.526    35.777    82.098    88.204    64.498    72.801    66.121    90.443    82.68    78.715    56.356    57.271    8.0    67.082    63.246    67.231    30.265    53.852    65.146    84.9    71.805    55.462    82.098    51.923    76.577    56.639    20.881    82.219    30.594    76.837    74.243    27.203    31.241    21.541    14.56    78.435    50.99    0         18.439    52.038    54.332    24.413    80.399    72.028    98.082    46.39    14.422    70.342    67.469    46.174    93.744    52.498    54.332    93.381    32.985    54.148    16.492    22.361    69.34    90.443    80.225    
43    70.257    78.102    18.111    56.639    50.12    44.045    94.53    92.477    53.852    89.443    54.406    94.021    79.196    73.756    73.783    72.801    25.06    78.026    61.221    61.221    17.889    51.225    81.437    86.093    62.61    50.912    95.708    68.029    78.715    57.306    37.736    96.104    24.083    75.604    88.295    45.343    49.518    38.833    10.198    86.833    36.056    18.439    0         65.115    43.863    32.0    92.195    84.853    100.24    58.549    32.802    80.1    58.138    39.699    97.693    52.839    43.863    94.34    18.439    43.081    33.287    6.325    74.0    94.021    92.347    
44    18.974    62.129    62.29    34.059    23.324    24.413    30.067    50.99    76.026    32.249    80.0    54.626    68.469    69.857    28.071    14.56    52.953    17.205    52.498    65.391    62.61    50.12    24.166    56.886    76.942    55.57    30.594    16.125    48.374    42.379    32.985    31.048    53.852    58.138    23.409    34.986    35.609    33.526    66.03    32.558    78.409    52.038    65.115    0         69.426    34.176    28.636    20.0    64.622    7.211    46.174    22.627    74.431    56.639    56.356    42.048    69.426    64.031    67.082    70.767    36.497    64.56    36.497    54.626    28.284    
45    62.129    43.174    60.166    81.609    69.08    46.043    90.973    68.264    10.198    101.213    12.166    68.029    41.231    34.0    91.302    82.801    62.29    73.239    30.067    21.541    26.0    23.409    92.801    56.143    18.868    18.439    95.603    80.994    52.154    34.176    61.612    96.83    24.0    42.426    90.686    71.805    76.158    63.561    53.852    73.539    16.492    54.332    43.863    69.426    0         42.379    87.132    84.024    70.456    62.482    66.03    71.694    14.422    12.806    72.028    31.305    0.0    62.801    26.077    2.0    58.856    37.577    54.406    68.029    88.204    
46    38.471    57.306    34.986    39.294    26.833    12.166    62.801    63.812    51.42    62.482    54.406    66.03    60.926    58.241    50.0    44.407    29.732    46.043    41.231    48.374    28.844    32.985    54.037    60.828    56.143    36.222    64.56    41.037    52.345    33.287    20.0    65.146    21.26    53.852    57.585    30.067    34.234    22.0    35.44    55.317    46.861    24.413    32.0    34.176    42.379    0         60.299    53.367    73.756    27.203    28.636    48.166    52.345    30.594    69.34    29.53    42.379    69.311    33.287    43.081    18.439    30.594    44.944    66.03    60.531    
47    25.06    64.498    90.796    59.363    51.264    48.662    4.472    40.447    91.214    36.056    95.603    44.407    71.694    76.026    45.343    31.241    81.584    14.56    62.225    76.368    86.833    64.405    33.287    53.141    89.107    70.0    12.166    37.202    47.413    54.037    61.612    14.142    77.201    61.057    15.232    62.769    62.61    62.097    94.085    18.974    99.318    80.399    92.195    28.636    87.132    60.299    0         10.0    54.148    34.059    74.726    15.62    87.864    75.18    44.045    56.036    87.132    57.271    91.214    88.837    65.115    90.796    37.202    44.407    2.0    
48    22.804    66.483    82.219    49.396    41.761    42.379    10.198    46.043    89.107    28.284    93.381    50.04    73.539    76.942    35.609    21.26    72.691    11.662    61.612    75.604    80.994    62.225    24.166    56.886    88.091    67.882    11.662    27.203    50.0    52.498    52.612    12.806    71.694    62.769    8.246    53.141    52.802    52.953    86.023    24.083    95.016    72.028    84.853    20.0    84.024    53.367    10.0    0         60.133    26.306    65.513    16.492    86.371    71.61    50.359    53.74    84.024    62.129    85.44    85.604    56.321    83.952    38.626    50.04    8.944    
49    45.695    28.071    108.407    97.529    84.38    63.655    58.31    14.142    68.029    88.363    72.111    10.198    32.985    40.792    91.761    76.655    103.325    50.99    41.231    50.0    86.163    50.596    83.187    14.56    60.531    53.367    66.272    80.324    21.633    42.942    88.091    68.264    76.968    28.071    68.029    94.868    97.098    89.644    107.07    36.056    86.833    98.082    100.24    64.622    70.456    73.756    54.148    60.133    0         63.53    100.499    44.721    62.129    64.56    10.198    47.413    70.456    8.246    89.196    72.443    89.196    95.708    30.0    10.198    56.143    
50    18.439    58.034    56.886    34.0    21.26    17.205    36.056    50.478    69.34    38.833    73.239    53.852    64.031    64.777    32.249    20.591    48.083    20.881    47.074    59.464    55.462    43.863    30.529    54.406    70.682    49.193    37.363    20.396    45.607    36.878    28.636    37.947    46.648    54.037    30.463    32.558    34.059    29.53    60.033    34.409    71.218    46.39    58.549    7.211    62.482    27.203    34.059    26.306    63.53    0         42.048    25.06    68.0    49.679    56.036    36.056    62.482    62.032    59.933    63.781    31.623    57.723    34.176    53.852    34.0    
51    59.363    85.884    19.698    25.06    24.083    36.878    75.71    89.196    76.0    61.612    78.102    91.935    89.554    86.649    44.272    48.0    8.944    62.769    69.857    76.158    43.681    61.351    54.589    88.408    82.389    64.031    74.431    42.048    79.649    61.774    13.416    74.243    42.048    82.365    66.272    14.56    17.889    12.649    27.203    76.158    64.56    14.422    32.802    46.174    66.03    28.636    74.726    65.513    100.499    42.048    0         67.082    78.23    56.321    94.847    58.138    66.03    96.83    46.819    66.121    11.314    36.715    70.711    91.935    74.216    
52    10.198    50.16    81.043    56.639    45.607    36.056    19.799    30.594    75.604    44.0    80.0    34.525    57.271    61.057    47.539    32.311    72.801    6.325    46.69    60.828    72.993    48.826    38.471    40.447    73.539    54.406    26.077    36.715    33.526    38.419    53.666    27.785    63.151    46.519    24.739    57.201    58.138    54.589    83.187    10.0    84.309    70.342    80.1    22.627    71.694    48.166    15.62    16.492    44.721    25.06    67.082    0         72.25    59.933    35.44    40.497    71.694    46.0    77.279    73.43    56.462    78.026    22.361    34.525    16.971    
53    63.655    34.059    74.0    91.411    78.102    53.141    92.022    62.642    6.325    106.677    10.0    61.612    30.265    22.361    98.793    88.589    75.313    74.967    26.077    12.649    40.249    24.413    98.489    48.662    4.472    18.868    97.591    87.727    46.819    33.941    72.25    99.035    36.878    34.525    93.723    82.389    86.579    74.243    68.029    72.111    28.844    67.469    58.138    74.431    14.422    52.345    87.864    86.371    62.129    68.0    78.23    72.25    0         22.0    65.513    32.802    14.422    54.037    40.497    15.62    70.029    51.884    52.154    61.612    89.196    
54    50.12    39.446    53.666    69.857    56.921    33.287    78.892    60.133    20.881    88.408    24.166    60.531    39.699    34.059    78.715    70.0    53.852    61.057    23.409    21.633    22.804    14.142    80.0    50.0    26.077    11.662    83.235    68.264    44.407    24.083    50.359    84.404    16.125    37.577    78.102    60.531    64.777    52.345    48.826    62.642    24.739    46.174    39.699    56.639    12.806    30.594    75.18    71.61    64.56    49.679    56.321    59.933    22.0    0         64.498    20.396    12.806    57.585    25.06    14.142    48.042    33.941    44.407    60.531    76.158    
55    37.736    32.311    104.307    89.889    77.201    58.412    48.166    5.657    71.021    78.638    75.313    4.0    38.471    45.695    82.873    67.676    98.407    41.761    42.0    52.953    84.9    50.359    73.756    17.088    64.56    54.037    56.143    71.694    20.1    41.231    82.024    58.138    75.286    31.048    58.138    88.091    90.0    83.451    103.769    26.306    88.023    93.744    97.693    56.356    72.028    69.34    44.045    50.359    10.198    56.036    94.847    35.44    65.513    64.498    0         45.607    72.028    15.62    88.295    74.027    83.546    93.638    24.413    4.0    46.043    
56    31.241    27.785    62.225    64.125    50.04    24.083    60.0    40.792    35.384    74.243    39.699    41.761    31.623    30.067    67.912    56.462    58.822    42.521    12.166    23.409    39.294    8.485    66.212    33.287    34.986    14.142    65.115    56.321    26.0    4.472    48.083    66.483    29.732    24.413    60.959    57.271    60.828    50.0    60.0    42.379    45.122    52.498    52.839    42.048    31.305    29.53    56.036    53.74    47.413    36.056    58.138    40.497    32.802    20.396    45.607    0         31.305    41.617    42.755    33.106    47.539    48.332    24.083    41.761    57.201    
57    62.129    43.174    60.166    81.609    69.08    46.043    90.973    68.264    10.198    101.213    12.166    68.029    41.231    34.0    91.302    82.801    62.29    73.239    30.067    21.541    26.0    23.409    92.801    56.143    18.868    18.439    95.603    80.994    52.154    34.176    61.612    96.83    24.0    42.426    90.686    71.805    76.158    63.561    53.852    73.539    16.492    54.332    43.863    69.426    0.0    42.379    87.132    84.024    70.456    62.482    66.03    71.694    14.422    12.806    72.028    31.305    0         62.801    26.077    2.0    58.856    37.577    54.406    68.029    88.204    
58    45.122    20.0    103.479    95.854    82.292    60.0    61.612    17.088    60.0    90.0    64.031    13.416    24.739    32.558    91.782    76.942    99.035    52.038    34.176    42.048    79.624    43.863    84.214    8.485    52.345    46.174    69.426    80.05    17.205    37.202    84.876    71.386    70.711    20.396    70.257    92.282    94.826    86.533    101.607    38.471    79.246    93.381    94.34    64.031    62.801    69.311    57.271    62.129    8.246    62.032    96.83    46.0    54.037    57.585    15.62    41.617    62.801    0         82.462    64.777    85.604    89.554    27.857    13.416    59.228    
59    67.082    64.498    36.056    67.676    58.0    43.081    94.255    83.546    35.777    95.603    36.056    84.404    64.405    58.138    82.024    77.666    40.792    76.655    48.332    45.343    4.472    38.626    87.201    74.673    44.944    36.715    96.933    74.027    68.411    47.074    47.202    97.693    14.142    62.61    90.377    56.604    61.057    48.826    28.636    82.219    18.111    32.985    18.439    67.082    26.077    33.287    91.214    85.44    89.196    59.933    46.819    77.279    40.497    25.06    88.295    42.755    26.077    82.462    0         25.06    43.267    12.166    66.272    84.404    91.761    
60    63.812    45.122    59.666    82.219    69.857    47.202    92.65    70.257    10.77    102.45    12.0    70.029    43.081    35.777    92.282    84.024    62.129    74.887    32.062    23.409    25.298    25.298    94.021    58.138    20.0    20.396    97.201    82.098    54.148    36.056    62.097    98.407    24.083    44.407    92.195    72.277    76.655    64.031    53.141    75.392    14.56    54.148    43.081    70.767    2.0    43.081    88.837    85.604    72.443    63.781    66.121    73.43    15.62    14.142    74.027    33.106    2.0    64.777    25.06    0         59.228    36.77    56.321    70.029    89.889    
61    48.374    75.153    26.0    24.413    17.088    25.612    66.483    77.897    68.469    56.462    71.021    80.623    79.12    76.655    40.497    40.792    16.492    52.498    59.464    66.753    39.446    51.42    48.703    77.201    74.0    54.589    66.0    35.44    68.411    50.99    4.472    66.03    35.44    71.554    58.034    13.416    17.889    5.657    31.048    65.299    59.933    16.492    33.287    36.497    58.856    18.439    65.115    56.321    89.196    31.623    11.314    56.462    70.029    48.042    83.546    47.539    58.856    85.604    43.267    59.228    0         35.384    59.397    80.623    64.777    
