+-+-+-+-+-+-+-+-+-+-+-+-+-+-+ GRAFO CARGADO +-+-+-+-+-+-+-+-+-+-+-+-+-+-+-
        1         2         3         4         5         6         7         8         9         10        11        12        13        14        15        16        17        18        19        20        21        22
1     999999999999.0    49.366    48.083    41.785    40.719    36.715    31.016    31.385    24.187    27.659    17.263    23.345    11.18    16.031    7.071    20.248    9.849    22.091    29.069    30.529    31.623    33.541    
2     49.366    999999999999.0    8.544    23.259    25.942    20.809    18.682    24.166    26.571    30.463    32.14    40.224    47.265    54.626    56.223    57.489    58.856    71.113    72.18    78.16    79.101    82.873    
3     48.083    8.544    999999999999.0    29.833    32.28    14.56    19.849    19.105    27.803    25.318    31.016    43.139    44.102    55.758    54.571    53.235    57.871    69.051    68.184    78.0    76.105    81.492    
4     41.785    23.259    29.833    999999999999.0    2.828    33.734    17.889    33.242    19.209    37.59    28.425    23.087    45.222    40.012    48.703    57.201    49.244    63.325    69.836    65.008    73.389    72.56    
5     40.719    25.942    32.28    2.828    999999999999.0    35.355    18.974    34.482    19.105    38.484    28.284    21.0    44.822    38.013    47.539    56.851    47.802    61.984    69.116    63.008    72.236    70.859    
6     36.715    20.809    14.56    33.734    35.355    999999999999.0    17.029    5.385    22.472    11.0    21.213    38.484    30.806    47.381    42.544    39.013    46.53    56.321    54.009    67.231    62.514    69.289    
7     31.016    18.682    19.849    17.889    18.974    17.029    999999999999.0    15.524    8.062    19.723    14.142    23.431    30.676    36.235    38.0    42.048    40.311    53.009    55.973    59.481    61.66    64.382    
8     31.385    24.166    19.105    33.242    34.482    5.385    15.524    999999999999.0    19.235    6.325    16.401    34.785    25.495    42.521    37.162    34.132    41.183    50.961    49.092    61.911    57.315    63.906    
9     24.187    26.571    27.803    19.209    19.105    22.472    8.062    19.235    999999999999.0    21.213    9.22    16.125    26.077    28.178    31.257    38.013    33.015    46.271    50.99    51.662    55.543    57.079    
10    27.659    30.463    25.318    37.59    38.484    11.0    19.723    6.325    21.213    999999999999.0    15.524    35.355    20.248    40.497    32.757    28.018    37.202    45.88    43.012    58.009    51.624    59.093    
11    17.263    32.14    31.016    28.425    28.284    21.213    14.142    16.401    9.22    15.524    999999999999.0    20.025    17.0    26.173    24.083    28.844    26.926    39.013    42.154    47.011    47.518    50.804    
12    23.345    40.224    43.139    23.087    21.0    38.484    23.431    34.785    16.125    35.355    20.025    999999999999.0    31.305    17.029    29.206    42.72    28.178    42.485    52.345    42.012    53.339    50.22    
13    11.18    47.265    44.102    45.222    44.822    30.806    30.676    25.495    26.077    20.248    17.0    31.305    999999999999.0    27.166    13.454    12.042    18.601    25.632    25.298    38.897    32.016    38.91    
14    16.031    54.626    55.758    40.012    38.013    47.381    36.235    42.521    28.178    40.497    26.173    17.029    27.166    999999999999.0    18.028    35.511    14.422    27.659    40.817    25.0    38.949    33.526    
15    7.071    56.223    54.571    48.703    47.539    42.544    38.0    37.162    31.257    32.757    24.083    29.206    13.454    18.028    999999999999.0    18.0    5.385    15.033    23.431    25.495    24.698    26.926    
16    20.248    57.489    53.235    57.201    56.851    39.013    42.048    34.132    38.013    28.018    28.844    42.72    12.042    35.511    18.0    999999999999.0    23.087    22.672    15.0    39.825    24.698    36.069    
17    9.849    58.856    57.871    49.244    47.802    46.53    40.311    41.183    33.015    37.202    26.926    28.178    18.601    14.422    5.385    23.087    999999999999.0    14.318    26.42    20.809    25.239    24.083    
18    22.091    71.113    69.051    63.325    61.984    56.321    53.009    50.961    46.271    45.88    39.013    42.485    25.632    27.659    15.033    22.672    14.318    999999999999.0    17.0    18.439    11.314    13.601    
19    29.069    72.18    68.184    69.836    69.116    54.009    55.973    49.092    50.99    43.012    42.154    52.345    25.298    40.817    23.431    15.0    26.42    17.0    999999999999.0    35.228    12.042    27.313    
20    30.529    78.16    78.0    65.008    63.008    67.231    59.481    61.911    51.662    58.009    47.011    42.012    38.897    25.0    25.495    39.825    20.809    18.439    35.228    999999999999.0    26.306    12.207    
21    31.623    79.101    76.105    73.389    72.236    62.514    61.66    57.315    55.543    51.624    47.518    53.339    32.016    38.949    24.698    24.698    25.239    11.314    12.042    26.306    999999999999.0    16.279    
22    33.541    82.873    81.492    72.56    70.859    69.289    64.382    63.906    57.079    59.093    50.804    50.22    38.91    33.526    26.926    36.069    24.083    13.601    27.313    12.207    16.279    999999999999.0    


Demandas:
1: 0.0
2: 1100.0
3: 700.0
4: 800.0
5: 1400.0
6: 2100.0
7: 400.0
8: 800.0
9: 100.0
10: 500.0
11: 600.0
12: 1200.0
13: 1300.0
14: 1300.0
15: 300.0
16: 900.0
17: 2100.0
18: 1000.0
19: 900.0
20: 2500.0
21: 1800.0
22: 700.0
+-+-+-+-+-+-+-+-+-+-+-+-+-+-+-+ SOLUCION INICIAL +-+-+-+-+-+-+-+-+-+-+-+-+-+-+-+-

+-+-+-+-+-+-+-+-+-+-+-+-+-+-+-+-+-+-+-+-+-+-+-+-+- Iteracion 6  +-+-+-+-+-+-+-+-+-+-+-+-+-+-+-+-+-+-+-+-+-+-+-+-+-


La solución anterior duró 0min 0seg    -------> Nuevo optimo local. Costo: 438.752       ==> Optimo: 375.0  Desvio: 17.0%
Lista tabu: [((18,17,14.318),1), ((15,1,7.071),1), ((1,13,11.18),2), ((17,15,5.385),2), ((13,15,13.454),1), ((2,9,26.571),3), ((6,8,5.385),3), ((8,9,19.235),2)]

+-+-+-+-+-+-+-+-+-+-+-+-+-+-+-+-+-+-+-+-+-+-+-+-+- Iteracion 8  +-+-+-+-+-+-+-+-+-+-+-+-+-+-+-+-+-+-+-+-+-+-+-+-+-


La solución anterior duró 0min 0seg    -------> Nuevo optimo local. Costo: 388.774       ==> Optimo: 375.0  Desvio: 3.6999999999999997%
Lista tabu: [((2,9,26.571),1), ((6,8,5.385),1), ((1,2,49.366),4), ((2,9,26.571),4), ((7,3,19.849),4), ((2,3,8.544),2), ((1,13,11.18),3), ((17,15,5.385),3), ((13,15,13.454),2)]

+-+-+-+-+-+-+-+-+-+-+-+-+-+-+-+-+-+-+-+-+-+-+-+-+- Iteracion 16  +-+-+-+-+-+-+-+-+-+-+-+-+-+-+-+-+-+-+-+-+-+-+-+-+-


La solución anterior duró 0min 0seg    -------> Nuevo optimo local. Costo: 387.545       ==> Optimo: 375.0  Desvio: 3.3000000000000003%
Lista tabu: [((18,17,14.318),1), ((15,1,7.071),1), ((8,10,6.325),2), ((10,1,27.659),2), ((4,11,28.425),2), ((10,11,15.524),1), ((1,13,11.18),3), ((17,15,5.385),3), ((1,17,9.849),2)]

+-+-+-+-+-+-+-+-+-+-+-+-+-+-+-+-+-+-+-+-+-+-+-+-+- Iteracion 27  +-+-+-+-+-+-+-+-+-+-+-+-+-+-+-+-+-+-+-+-+-+-+-+-+-


La solución anterior duró 0min 0seg    -------> Nuevo optimo local. Costo: 384.269       ==> Optimo: 375.0  Desvio: 2.5%
Lista tabu: [((4,9,19.209),1), ((9,11,9.22),1), ((1,7,31.016),1), ((1,13,11.18),2), ((17,15,5.385),2), ((1,17,9.849),1), ((1,13,11.18),3), ((17,15,5.385),3), ((1,17,9.849),2)]

+-+-+-+-+-+-+-+-+-+-+-+-+-+-+-+-+-+-+-+-+-+-+-+-+- Iteracion 30  +-+-+-+-+-+-+-+-+-+-+-+-+-+-+-+-+-+-+-+-+-+-+-+-+-


La solución anterior duró 0min 0seg    -------> Nuevo optimo local. Costo: 377.695       ==> Optimo: 375.0  Desvio: 0.7000000000000001%
Lista tabu: [((16,18,22.672),3), ((18,17,14.318),3), ((21,19,12.042),3), ((19,1,29.069),3), ((18,21,11.314),1), ((4,9,19.209),2), ((9,11,9.22),2), ((1,7,31.016),2), ((7,9,8.062),1), ((3,6,14.56),3), ((8,10,6.325),3), ((6,10,11.0),2)]

+-+-+-+-+-+-+-+-+-+-+-+-+-+-+-+-+-+-+-+-+-+-+-+-+- Iteracion 31  +-+-+-+-+-+-+-+-+-+-+-+-+-+-+-+-+-+-+-+-+-+-+-+-+-


La solución anterior duró 0min 0seg    -------> Nuevo optimo local. Costo: 375.282       ==> Optimo: 375.0  Desvio: 0.1%
Lista tabu: [((16,18,22.672),2), ((18,17,14.318),2), ((21,19,12.042),2), ((19,1,29.069),2), ((4,9,19.209),1), ((9,11,9.22),1), ((1,7,31.016),1), ((3,6,14.56),2), ((8,10,6.325),2), ((6,10,11.0),1), ((19,17,26.42),5), ((22,21,16.279),5), ((19,21,12.042),3)]

+-+-+-+-+-+-+-+-+-+-+-+-+-+-+-+-+-+-+-+-+-+-+-+-+- Iteracion 1137  +-+-+-+-+-+-+-+-+-+-+-+-+-+-+-+-+-+-+-+-+-+-+-+-+-


+-+-+-+-+-+-+-+-+-+-+-+-+-+-+-+-+-+-+-+-+-+-+-+-+- Iteracion 1137  +-+-+-+-+-+-+-+-+-+-+-+-+-+-+-+-+-+-+-+-+-+-+-+-+-

Solucion peor. Costo: 441.15100000000007
Lista tabu: [((12,5,21.0),3), ((9,11,9.22),3), ((9,12,16.125),2)]

+-+-+-+-+-+-+-+-+-+-+-+-+-+-+-+-+-+-+-+-+-+-+-+-+- Iteracion 1142  +-+-+-+-+-+-+-+-+-+-+-+-+-+-+-+-+-+-+-+-+-+-+-+-+-


+-+-+-+-+-+-+-+-+-+-+-+-+-+-+-+-+-+-+-+-+-+-+-+-+- Iteracion 1142  +-+-+-+-+-+-+-+-+-+-+-+-+-+-+-+-+-+-+-+-+-+-+-+-+-

Solucion peor. Costo: 426.9620000000001
Lista tabu: [((1,7,31.016),1), ((7,6,17.029),1), ((11,10,15.524),1), ((10,1,27.659),1), ((15,17,5.385),1), ((1,14,16.031),1), ((6,8,5.385),2), ((8,3,19.105),2), ((9,5,19.105),2), ((8,9,19.235),1), ((1,15,7.071),3), ((17,20,20.809),3), ((1,17,9.849),2)]

+-+-+-+-+-+-+-+-+-+-+-+-+-+-+-+-+-+-+-+-+-+-+-+-+- Iteracion 1143  +-+-+-+-+-+-+-+-+-+-+-+-+-+-+-+-+-+-+-+-+-+-+-+-+-


+-+-+-+-+-+-+-+-+-+-+-+-+-+-+-+-+-+-+-+-+-+-+-+-+- Iteracion 1143  +-+-+-+-+-+-+-+-+-+-+-+-+-+-+-+-+-+-+-+-+-+-+-+-+-

Solucion peor. Costo: 414.216
Lista tabu: [((6,8,5.385),1), ((8,3,19.105),1), ((9,5,19.105),1), ((1,15,7.071),2), ((17,20,20.809),2), ((1,17,9.849),1), ((12,9,16.125),5), ((5,11,28.284),5), ((11,9,9.22),3)]

+-+-+-+-+-+-+-+-+-+-+-+-+-+-+-+-+-+-+-+-+-+-+-+-+- Iteracion 1144  +-+-+-+-+-+-+-+-+-+-+-+-+-+-+-+-+-+-+-+-+-+-+-+-+-


+-+-+-+-+-+-+-+-+-+-+-+-+-+-+-+-+-+-+-+-+-+-+-+-+- Iteracion 1144  +-+-+-+-+-+-+-+-+-+-+-+-+-+-+-+-+-+-+-+-+-+-+-+-+-

Solucion peor. Costo: 407.726
Lista tabu: [((1,15,7.071),1), ((17,20,20.809),1), ((12,9,16.125),4), ((5,11,28.284),4), ((11,9,9.22),2), ((2,4,23.259),5), ((4,1,41.785),5), ((9,5,19.105),5), ((4,5,2.828),3)]

+-+-+-+-+-+-+-+-+-+-+-+-+-+-+-+-+-+-+-+-+-+-+-+-+- Iteracion 1145  +-+-+-+-+-+-+-+-+-+-+-+-+-+-+-+-+-+-+-+-+-+-+-+-+-


+-+-+-+-+-+-+-+-+-+-+-+-+-+-+-+-+-+-+-+-+-+-+-+-+- Iteracion 1145  +-+-+-+-+-+-+-+-+-+-+-+-+-+-+-+-+-+-+-+-+-+-+-+-+-

Solucion peor. Costo: 399.30500000000006
Lista tabu: [((12,9,16.125),3), ((5,11,28.284),3), ((11,9,9.22),1), ((2,4,23.259),4), ((4,1,41.785),4), ((9,5,19.105),4), ((4,5,2.828),2), ((1,7,31.016),5), ((7,11,14.142),5), ((5,12,21.0),5), ((5,7,18.974),3)]

+-+-+-+-+-+-+-+-+-+-+-+-+-+-+-+-+-+-+-+-+-+-+-+-+- Iteracion 1148  +-+-+-+-+-+-+-+-+-+-+-+-+-+-+-+-+-+-+-+-+-+-+-+-+-


+-+-+-+-+-+-+-+-+-+-+-+-+-+-+-+-+-+-+-+-+-+-+-+-+- Iteracion 1148  +-+-+-+-+-+-+-+-+-+-+-+-+-+-+-+-+-+-+-+-+-+-+-+-+-

Solucion peor. Costo: 393.0630000000001
Lista tabu: [((2,4,23.259),1), ((4,1,41.785),1), ((9,5,19.105),1), ((1,7,31.016),2), ((7,11,14.142),2), ((5,12,21.0),2), ((5,7,18.974),3), ((7,12,23.431),3), ((11,9,9.22),3), ((7,11,14.142),1), ((7,9,8.062),2), ((9,4,19.209),2), ((8,3,19.105),2), ((8,9,19.235),1), ((1,11,17.263),3), ((11,7,14.142),3), ((8,3,19.105),3), ((8,11,16.401),2)]

+-+-+-+-+-+-+-+-+-+-+-+-+-+-+-+-+-+-+-+-+-+-+-+-+- Iteracion 1150  +-+-+-+-+-+-+-+-+-+-+-+-+-+-+-+-+-+-+-+-+-+-+-+-+-


+-+-+-+-+-+-+-+-+-+-+-+-+-+-+-+-+-+-+-+-+-+-+-+-+- Iteracion 1150  +-+-+-+-+-+-+-+-+-+-+-+-+-+-+-+-+-+-+-+-+-+-+-+-+-

Solucion peor. Costo: 386.653
Lista tabu: [((5,7,18.974),1), ((7,12,23.431),1), ((11,9,9.22),1), ((1,11,17.263),1), ((11,7,14.142),1), ((8,3,19.105),1), ((11,7,14.142),4), ((9,4,19.209),4), ((11,9,9.22),2), ((9,7,8.062),3), ((7,4,17.889),3), ((8,3,19.105),3), ((8,7,15.524),2)]

+-+-+-+-+-+-+-+-+-+-+-+-+-+-+-+-+-+-+-+-+-+-+-+-+- Iteracion 1172  +-+-+-+-+-+-+-+-+-+-+-+-+-+-+-+-+-+-+-+-+-+-+-+-+-


+-+-+-+-+-+-+-+-+-+-+-+-+-+-+-+-+-+-+-+-+-+-+-+-+- Iteracion 1172  +-+-+-+-+-+-+-+-+-+-+-+-+-+-+-+-+-+-+-+-+-+-+-+-+-

Solucion peor. Costo: 377.43300000000005
Lista tabu: [((10,6,11.0),1), ((6,8,5.385),1), ((2,7,18.682),1), ((9,4,19.209),2), ((5,12,21.0),2), ((5,9,19.105),1), ((1,15,7.071),3), ((15,17,5.385),3), ((14,1,16.031),3), ((14,15,18.028),2)]

+-+-+-+-+-+-+-+-+-+-+-+-+-+-+-+-+-+-+-+-+-+-+-+-+- Iteracion 1496  +-+-+-+-+-+-+-+-+-+-+-+-+-+-+-+-+-+-+-+-+-+-+-+-+-


+-+-+-+-+-+-+-+-+-+-+-+-+-+-+-+-+-+-+-+-+-+-+-+-+- Iteracion 1496  +-+-+-+-+-+-+-+-+-+-+-+-+-+-+-+-+-+-+-+-+-+-+-+-+-

Solucion peor. Costo: 377.433
Lista tabu: [((10,8,6.325),1), ((6,3,14.56),1), ((1,15,7.071),2), ((17,20,20.809),2), ((1,17,9.849),1), ((2,7,18.682),3), ((7,9,8.062),3), ((11,4,28.425),3), ((4,7,17.889),2)]

+-+-+-+-+-+-+-+-+-+-+-+-+-+-+-+-+-+-+-+-+-+-+-+-+- Iteracion 1800  +-+-+-+-+-+-+-+-+-+-+-+-+-+-+-+-+-+-+-+-+-+-+-+-+-


+-+-+-+-+-+-+-+-+-+-+-+-+-+-+-+-+-+-+-+-+-+-+-+-+- Iteracion 1800  +-+-+-+-+-+-+-+-+-+-+-+-+-+-+-+-+-+-+-+-+-+-+-+-+-

Solucion peor. Costo: 413.4530000000001
Lista tabu: [((2,8,24.166),3), ((10,11,15.524),3), ((11,8,16.401),2)]

+-+-+-+-+-+-+-+-+-+-+-+-+-+-+-+-+-+-+-+-+-+-+-+-+- Iteracion 1811  +-+-+-+-+-+-+-+-+-+-+-+-+-+-+-+-+-+-+-+-+-+-+-+-+-


+-+-+-+-+-+-+-+-+-+-+-+-+-+-+-+-+-+-+-+-+-+-+-+-+- Iteracion 1811  +-+-+-+-+-+-+-+-+-+-+-+-+-+-+-+-+-+-+-+-+-+-+-+-+-

Solucion peor. Costo: 402.775
Lista tabu: [((11,8,16.401),1), ((8,10,6.325),1), ((7,12,23.431),1), ((1,15,7.071),2), ((17,20,20.809),2), ((1,17,9.849),1), ((1,15,7.071),3), ((15,17,5.385),3), ((14,1,16.031),3), ((14,15,18.028),2)]

+-+-+-+-+-+-+-+-+-+-+-+-+-+-+-+-+-+-+-+-+-+-+-+-+- Iteracion 1817  +-+-+-+-+-+-+-+-+-+-+-+-+-+-+-+-+-+-+-+-+-+-+-+-+-


+-+-+-+-+-+-+-+-+-+-+-+-+-+-+-+-+-+-+-+-+-+-+-+-+- Iteracion 1817  +-+-+-+-+-+-+-+-+-+-+-+-+-+-+-+-+-+-+-+-+-+-+-+-+-

Solucion peor. Costo: 395.058
Lista tabu: [((7,12,23.431),1), ((3,6,14.56),1), ((11,8,16.401),2), ((8,2,24.166),2), ((4,7,17.889),2), ((7,12,23.431),2), ((2,7,18.682),1), ((11,8,16.401),3), ((8,2,24.166),3), ((4,7,17.889),3), ((7,12,23.431),3), ((2,7,18.682),2)]

+-+-+-+-+-+-+-+-+-+-+-+-+-+-+-+-+-+-+-+-+-+-+-+-+- Iteracion 1818  +-+-+-+-+-+-+-+-+-+-+-+-+-+-+-+-+-+-+-+-+-+-+-+-+-


+-+-+-+-+-+-+-+-+-+-+-+-+-+-+-+-+-+-+-+-+-+-+-+-+- Iteracion 1818  +-+-+-+-+-+-+-+-+-+-+-+-+-+-+-+-+-+-+-+-+-+-+-+-+-

Solucion peor. Costo: 393.241
Lista tabu: [((11,8,16.401),1), ((8,2,24.166),1), ((4,7,17.889),1), ((7,12,23.431),1), ((11,8,16.401),2), ((8,2,24.166),2), ((4,7,17.889),2), ((7,12,23.431),2), ((2,7,18.682),1), ((11,8,16.401),5), ((8,2,24.166),5), ((6,10,11.0),5), ((8,10,6.325),3)]

+-+-+-+-+-+-+-+-+-+-+-+-+-+-+-+-+-+-+-+-+-+-+-+-+- Iteracion 2120  +-+-+-+-+-+-+-+-+-+-+-+-+-+-+-+-+-+-+-+-+-+-+-+-+-


+-+-+-+-+-+-+-+-+-+-+-+-+-+-+-+-+-+-+-+-+-+-+-+-+- Iteracion 2120  +-+-+-+-+-+-+-+-+-+-+-+-+-+-+-+-+-+-+-+-+-+-+-+-+-

Solucion peor. Costo: 417.27
Lista tabu: [((3,9,27.803),3), ((9,12,16.125),3), ((4,7,17.889),3), ((7,6,17.029),3), ((9,4,19.209),2)]

+-+-+-+-+-+-+-+-+-+-+-+-+-+-+-+-+-+-+-+-+-+-+-+-+- Iteracion 2123  +-+-+-+-+-+-+-+-+-+-+-+-+-+-+-+-+-+-+-+-+-+-+-+-+-


+-+-+-+-+-+-+-+-+-+-+-+-+-+-+-+-+-+-+-+-+-+-+-+-+- Iteracion 2123  +-+-+-+-+-+-+-+-+-+-+-+-+-+-+-+-+-+-+-+-+-+-+-+-+-

Solucion peor. Costo: 414.88599999999997
Lista tabu: [((4,9,19.209),3), ((9,6,22.472),3), ((11,2,32.14),3), ((11,9,9.22),1), ((11,9,9.22),2), ((9,2,26.571),2), ((4,6,33.734),2), ((9,4,19.209),1), ((1,15,7.071),3), ((15,17,5.385),3), ((14,1,16.031),3), ((14,15,18.028),2)]

+-+-+-+-+-+-+-+-+-+-+-+-+-+-+-+-+-+-+-+-+-+-+-+-+- Iteracion 2134  +-+-+-+-+-+-+-+-+-+-+-+-+-+-+-+-+-+-+-+-+-+-+-+-+-


+-+-+-+-+-+-+-+-+-+-+-+-+-+-+-+-+-+-+-+-+-+-+-+-+- Iteracion 2134  +-+-+-+-+-+-+-+-+-+-+-+-+-+-+-+-+-+-+-+-+-+-+-+-+-

Solucion peor. Costo: 413.095
Lista tabu: [((8,10,6.325),1), ((10,1,27.659),1), ((11,7,14.142),1), ((11,7,14.142),2), ((7,3,19.849),2), ((6,8,5.385),2), ((8,10,6.325),2), ((3,8,19.105),1), ((4,6,33.734),3), ((8,10,6.325),3), ((6,10,11.0),2)]

+-+-+-+-+-+-+-+-+-+-+-+-+-+-+-+-+-+-+-+-+-+-+-+-+- Iteracion 2143  +-+-+-+-+-+-+-+-+-+-+-+-+-+-+-+-+-+-+-+-+-+-+-+-+-


+-+-+-+-+-+-+-+-+-+-+-+-+-+-+-+-+-+-+-+-+-+-+-+-+- Iteracion 2143  +-+-+-+-+-+-+-+-+-+-+-+-+-+-+-+-+-+-+-+-+-+-+-+-+-

Solucion peor. Costo: 412.08400000000006
Lista tabu: [((8,10,6.325),1), ((10,1,27.659),1), ((11,3,31.016),1), ((1,11,17.263),2), ((11,3,31.016),2), ((13,16,12.042),2), ((16,19,15.0),2), ((11,13,17.0),1), ((6,8,5.385),3), ((8,10,6.325),3), ((11,3,31.016),3), ((11,8,16.401),2)]

+-+-+-+-+-+-+-+-+-+-+-+-+-+-+-+-+-+-+-+-+-+-+-+-+- Iteracion 2169  +-+-+-+-+-+-+-+-+-+-+-+-+-+-+-+-+-+-+-+-+-+-+-+-+-


+-+-+-+-+-+-+-+-+-+-+-+-+-+-+-+-+-+-+-+-+-+-+-+-+- Iteracion 2169  +-+-+-+-+-+-+-+-+-+-+-+-+-+-+-+-+-+-+-+-+-+-+-+-+-

Solucion peor. Costo: 398.3660000000001
Lista tabu: [((11,3,31.016),1), ((9,12,16.125),1), ((7,9,8.062),2), ((9,12,16.125),2), ((1,5,40.719),2), ((5,9,19.105),1), ((2,7,18.682),3), ((7,9,8.062),3), ((4,6,33.734),3), ((7,6,17.029),2)]

+-+-+-+-+-+-+-+-+-+-+-+-+-+-+-+-+-+-+-+-+-+-+-+-+- Iteracion 2223  +-+-+-+-+-+-+-+-+-+-+-+-+-+-+-+-+-+-+-+-+-+-+-+-+-


+-+-+-+-+-+-+-+-+-+-+-+-+-+-+-+-+-+-+-+-+-+-+-+-+- Iteracion 2223  +-+-+-+-+-+-+-+-+-+-+-+-+-+-+-+-+-+-+-+-+-+-+-+-+-

Solucion peor. Costo: 393.2410000000001
Lista tabu: [((11,3,31.016),1), ((10,1,27.659),1), ((11,3,31.016),2), ((10,1,27.659),2), ((10,11,15.524),1), ((6,8,5.385),3), ((8,10,6.325),3), ((11,3,31.016),3), ((11,8,16.401),2)]

+-+-+-+-+-+-+-+-+-+-+-+-+-+-+-+-+-+-+-+-+-+-+-+-+- Iteracion 2525  +-+-+-+-+-+-+-+-+-+-+-+-+-+-+-+-+-+-+-+-+-+-+-+-+-


+-+-+-+-+-+-+-+-+-+-+-+-+-+-+-+-+-+-+-+-+-+-+-+-+- Iteracion 2525  +-+-+-+-+-+-+-+-+-+-+-+-+-+-+-+-+-+-+-+-+-+-+-+-+-

Solucion peor. Costo: 404.278
Lista tabu: [((10,8,6.325),3), ((6,3,14.56),3), ((6,10,11.0),2)]

+-+-+-+-+-+-+-+-+-+-+-+-+-+-+-+-+-+-+-+-+-+-+-+-+- Iteracion 2528  +-+-+-+-+-+-+-+-+-+-+-+-+-+-+-+-+-+-+-+-+-+-+-+-+-


+-+-+-+-+-+-+-+-+-+-+-+-+-+-+-+-+-+-+-+-+-+-+-+-+- Iteracion 2528  +-+-+-+-+-+-+-+-+-+-+-+-+-+-+-+-+-+-+-+-+-+-+-+-+-

Solucion peor. Costo: 395.058
Lista tabu: [((2,9,26.571),3), ((9,11,9.22),3), ((1,5,40.719),3), ((9,5,19.105),1), ((19,21,12.042),2), ((18,1,22.091),2), ((18,19,17.0),1), ((1,10,27.659),3), ((2,11,32.14),3), ((10,11,15.524),2)]

+-+-+-+-+-+-+-+-+-+-+-+-+-+-+-+-+-+-+-+-+-+-+-+-+- Iteracion 2529  +-+-+-+-+-+-+-+-+-+-+-+-+-+-+-+-+-+-+-+-+-+-+-+-+-


+-+-+-+-+-+-+-+-+-+-+-+-+-+-+-+-+-+-+-+-+-+-+-+-+- Iteracion 2529  +-+-+-+-+-+-+-+-+-+-+-+-+-+-+-+-+-+-+-+-+-+-+-+-+-

Solucion peor. Costo: 381.584
Lista tabu: [((2,9,26.571),2), ((9,11,9.22),2), ((1,5,40.719),2), ((19,21,12.042),1), ((18,1,22.091),1), ((1,10,27.659),2), ((2,11,32.14),2), ((10,11,15.524),1), ((10,6,11.0),5), ((8,3,19.105),5), ((8,10,6.325),3)]

+-+-+-+-+-+-+-+-+-+-+-+-+-+-+-+-+-+-+-+-+-+-+-+-+- Iteracion 2832  +-+-+-+-+-+-+-+-+-+-+-+-+-+-+-+-+-+-+-+-+-+-+-+-+-


+-+-+-+-+-+-+-+-+-+-+-+-+-+-+-+-+-+-+-+-+-+-+-+-+- Iteracion 2832  +-+-+-+-+-+-+-+-+-+-+-+-+-+-+-+-+-+-+-+-+-+-+-+-+-

Solucion peor. Costo: 462.28599999999994
Lista tabu: [((1,15,7.071),3), ((17,20,20.809),3), ((1,17,9.849),2)]

+-+-+-+-+-+-+-+-+-+-+-+-+-+-+-+-+-+-+-+-+-+-+-+-+- Iteracion 2833  +-+-+-+-+-+-+-+-+-+-+-+-+-+-+-+-+-+-+-+-+-+-+-+-+-


+-+-+-+-+-+-+-+-+-+-+-+-+-+-+-+-+-+-+-+-+-+-+-+-+- Iteracion 2833  +-+-+-+-+-+-+-+-+-+-+-+-+-+-+-+-+-+-+-+-+-+-+-+-+-

Solucion peor. Costo: 421.682
Lista tabu: [((1,15,7.071),2), ((17,20,20.809),2), ((1,17,9.849),1), ((2,11,32.14),5), ((11,1,17.263),5), ((5,7,18.974),5), ((7,14,36.235),5), ((2,7,18.682),3)]

+-+-+-+-+-+-+-+-+-+-+-+-+-+-+-+-+-+-+-+-+-+-+-+-+- Iteracion 2835  +-+-+-+-+-+-+-+-+-+-+-+-+-+-+-+-+-+-+-+-+-+-+-+-+-


+-+-+-+-+-+-+-+-+-+-+-+-+-+-+-+-+-+-+-+-+-+-+-+-+- Iteracion 2835  +-+-+-+-+-+-+-+-+-+-+-+-+-+-+-+-+-+-+-+-+-+-+-+-+-

Solucion peor. Costo: 420.251
Lista tabu: [((2,11,32.14),3), ((11,1,17.263),3), ((5,7,18.974),3), ((7,14,36.235),3), ((2,7,18.682),1), ((9,12,16.125),4), ((12,6,38.484),4), ((5,11,28.284),4), ((11,14,26.173),4), ((12,14,17.029),2), ((10,8,6.325),3), ((8,4,33.242),3), ((2,7,18.682),3), ((7,1,31.016),3), ((4,7,17.889),2)]

+-+-+-+-+-+-+-+-+-+-+-+-+-+-+-+-+-+-+-+-+-+-+-+-+- Iteracion 2836  +-+-+-+-+-+-+-+-+-+-+-+-+-+-+-+-+-+-+-+-+-+-+-+-+-


+-+-+-+-+-+-+-+-+-+-+-+-+-+-+-+-+-+-+-+-+-+-+-+-+- Iteracion 2836  +-+-+-+-+-+-+-+-+-+-+-+-+-+-+-+-+-+-+-+-+-+-+-+-+-

Solucion peor. Costo: 401.0369999999999
Lista tabu: [((2,11,32.14),2), ((11,1,17.263),2), ((5,7,18.974),2), ((7,14,36.235),2), ((9,12,16.125),3), ((12,6,38.484),3), ((5,11,28.284),3), ((11,14,26.173),3), ((12,14,17.029),1), ((10,8,6.325),2), ((8,4,33.242),2), ((2,7,18.682),2), ((7,1,31.016),2), ((4,7,17.889),1), ((10,8,6.325),5), ((8,4,33.242),5), ((9,11,9.22),5), ((11,6,21.213),5), ((10,11,15.524),3)]

+-+-+-+-+-+-+-+-+-+-+-+-+-+-+-+-+-+-+-+-+-+-+-+-+- Iteracion 2841  +-+-+-+-+-+-+-+-+-+-+-+-+-+-+-+-+-+-+-+-+-+-+-+-+-


+-+-+-+-+-+-+-+-+-+-+-+-+-+-+-+-+-+-+-+-+-+-+-+-+- Iteracion 2841  +-+-+-+-+-+-+-+-+-+-+-+-+-+-+-+-+-+-+-+-+-+-+-+-+-

Solucion peor. Costo: 386.126
Lista tabu: [((10,11,15.524),1), ((9,8,19.235),1), ((2,7,18.682),1), ((7,1,31.016),1), ((4,5,2.828),1), ((10,8,6.325),2), ((9,11,9.22),2), ((10,11,15.524),1), ((1,9,24.187),3), ((9,11,9.22),3), ((10,8,6.325),3), ((8,9,19.235),2)]

+-+-+-+-+-+-+-+-+-+-+-+-+-+-+-+-+-+-+-+-+-+-+-+-+- Iteracion 2849  +-+-+-+-+-+-+-+-+-+-+-+-+-+-+-+-+-+-+-+-+-+-+-+-+-


+-+-+-+-+-+-+-+-+-+-+-+-+-+-+-+-+-+-+-+-+-+-+-+-+- Iteracion 2849  +-+-+-+-+-+-+-+-+-+-+-+-+-+-+-+-+-+-+-+-+-+-+-+-+-

Solucion peor. Costo: 384.89700000000005
Lista tabu: [((2,7,18.682),1), ((7,9,8.062),1), ((11,4,28.425),1), ((16,19,15.0),2), ((17,15,5.385),2), ((15,16,18.0),1), ((10,8,6.325),3), ((7,9,8.062),3), ((8,9,19.235),2)]

+-+-+-+-+-+-+-+-+-+-+-+-+-+-+-+-+-+-+-+-+-+-+-+-+- Iteracion 2872  +-+-+-+-+-+-+-+-+-+-+-+-+-+-+-+-+-+-+-+-+-+-+-+-+-


+-+-+-+-+-+-+-+-+-+-+-+-+-+-+-+-+-+-+-+-+-+-+-+-+- Iteracion 2872  +-+-+-+-+-+-+-+-+-+-+-+-+-+-+-+-+-+-+-+-+-+-+-+-+-

Solucion peor. Costo: 383.894
Lista tabu: [((19,21,12.042),1), ((18,1,22.091),1), ((8,6,5.385),2), ((2,7,18.682),2), ((7,6,17.029),1), ((11,9,9.22),3), ((10,8,6.325),3), ((11,8,16.401),2)]

+-+-+-+-+-+-+-+-+-+-+-+-+-+-+-+-+-+-+-+-+-+-+-+-+- Iteracion 2876  +-+-+-+-+-+-+-+-+-+-+-+-+-+-+-+-+-+-+-+-+-+-+-+-+-


+-+-+-+-+-+-+-+-+-+-+-+-+-+-+-+-+-+-+-+-+-+-+-+-+- Iteracion 2876  +-+-+-+-+-+-+-+-+-+-+-+-+-+-+-+-+-+-+-+-+-+-+-+-+-

Solucion peor. Costo: 377.433
Lista tabu: [((17,15,5.385),2), ((15,20,25.495),2), ((14,1,16.031),2), ((11,9,9.22),1), ((10,8,6.325),1), ((9,4,19.209),2), ((5,12,21.0),2), ((9,5,19.105),1), ((9,4,19.209),3), ((10,8,6.325),3), ((8,9,19.235),2)]

+-+-+-+-+-+-+-+-+-+-+-+-+-+-+-+-+-+-+-+-+-+-+-+-+- Iteracion 3179  +-+-+-+-+-+-+-+-+-+-+-+-+-+-+-+-+-+-+-+-+-+-+-+-+-


+-+-+-+-+-+-+-+-+-+-+-+-+-+-+-+-+-+-+-+-+-+-+-+-+- Iteracion 3179  +-+-+-+-+-+-+-+-+-+-+-+-+-+-+-+-+-+-+-+-+-+-+-+-+-

Solucion peor. Costo: 414.22200000000004
Lista tabu: [((19,21,12.042),3), ((18,1,22.091),3), ((18,19,17.0),2)]

+-+-+-+-+-+-+-+-+-+-+-+-+-+-+-+-+-+-+-+-+-+-+-+-+- Iteracion 3183  +-+-+-+-+-+-+-+-+-+-+-+-+-+-+-+-+-+-+-+-+-+-+-+-+-


+-+-+-+-+-+-+-+-+-+-+-+-+-+-+-+-+-+-+-+-+-+-+-+-+- Iteracion 3183  +-+-+-+-+-+-+-+-+-+-+-+-+-+-+-+-+-+-+-+-+-+-+-+-+-

Solucion peor. Costo: 398.384
Lista tabu: [((1,7,31.016),2), ((7,6,17.029),2), ((2,8,24.166),2), ((9,4,19.209),1), ((4,5,2.828),1), ((2,7,18.682),1), ((7,8,15.524),1), ((11,9,9.22),2), ((9,4,19.209),2), ((7,8,15.524),2), ((7,9,8.062),1), ((9,4,19.209),3), ((5,12,21.0),3), ((9,5,19.105),2)]

+-+-+-+-+-+-+-+-+-+-+-+-+-+-+-+-+-+-+-+-+-+-+-+-+- Iteracion 3184  +-+-+-+-+-+-+-+-+-+-+-+-+-+-+-+-+-+-+-+-+-+-+-+-+-


+-+-+-+-+-+-+-+-+-+-+-+-+-+-+-+-+-+-+-+-+-+-+-+-+- Iteracion 3184  +-+-+-+-+-+-+-+-+-+-+-+-+-+-+-+-+-+-+-+-+-+-+-+-+-

Solucion peor. Costo: 391.923
Lista tabu: [((1,7,31.016),1), ((7,6,17.029),1), ((2,8,24.166),1), ((11,9,9.22),1), ((9,4,19.209),1), ((7,8,15.524),1), ((9,4,19.209),2), ((5,12,21.0),2), ((9,5,19.105),1), ((1,6,36.715),5), ((7,8,15.524),5), ((8,6,5.385),3)]

+-+-+-+-+-+-+-+-+-+-+-+-+-+-+-+-+-+-+-+-+-+-+-+-+- Iteracion 3189  +-+-+-+-+-+-+-+-+-+-+-+-+-+-+-+-+-+-+-+-+-+-+-+-+-


+-+-+-+-+-+-+-+-+-+-+-+-+-+-+-+-+-+-+-+-+-+-+-+-+- Iteracion 3189  +-+-+-+-+-+-+-+-+-+-+-+-+-+-+-+-+-+-+-+-+-+-+-+-+-

Solucion peor. Costo: 377.433
Lista tabu: [((14,15,18.028),1), ((15,1,7.071),1), ((1,17,9.849),1), ((10,8,6.325),1), ((6,3,14.56),1), ((10,8,6.325),2), ((6,3,14.56),2), ((3,8,19.105),1), ((1,11,17.263),3), ((11,9,9.22),3), ((13,16,12.042),3), ((16,19,15.0),3), ((11,13,17.0),2)]

+-+-+-+-+-+-+-+-+-+-+-+-+-+-+-+-+-+-+-+-+-+-+-+-+- Iteracion 3490  +-+-+-+-+-+-+-+-+-+-+-+-+-+-+-+-+-+-+-+-+-+-+-+-+-


+-+-+-+-+-+-+-+-+-+-+-+-+-+-+-+-+-+-+-+-+-+-+-+-+- Iteracion 3490  +-+-+-+-+-+-+-+-+-+-+-+-+-+-+-+-+-+-+-+-+-+-+-+-+-

Solucion peor. Costo: 377.433
Lista tabu: [((11,9,9.22),3), ((5,12,21.0),3), ((12,9,16.125),2)]

+-+-+-+-+-+-+-+-+-+-+-+-+-+-+-+-+-+-+-+-+-+-+-+-+- Iteracion 3803  +-+-+-+-+-+-+-+-+-+-+-+-+-+-+-+-+-+-+-+-+-+-+-+-+-


+-+-+-+-+-+-+-+-+-+-+-+-+-+-+-+-+-+-+-+-+-+-+-+-+- Iteracion 3803  +-+-+-+-+-+-+-+-+-+-+-+-+-+-+-+-+-+-+-+-+-+-+-+-+-

Solucion peor. Costo: 377.433
Lista tabu: [((7,9,8.062),1), ((9,1,24.187),1), ((1,11,17.263),1), ((10,8,6.325),2), ((6,3,14.56),2), ((3,8,19.105),1), ((10,8,6.325),3), ((6,3,14.56),3), ((6,10,11.0),2)]

+-+-+-+-+-+-+-+-+-+-+-+-+-+-+-+-+-+-+-+-+-+-+-+-+- Iteracion 4122  +-+-+-+-+-+-+-+-+-+-+-+-+-+-+-+-+-+-+-+-+-+-+-+-+-


+-+-+-+-+-+-+-+-+-+-+-+-+-+-+-+-+-+-+-+-+-+-+-+-+- Iteracion 4122  +-+-+-+-+-+-+-+-+-+-+-+-+-+-+-+-+-+-+-+-+-+-+-+-+-

Solucion peor. Costo: 377.433
Lista tabu: [((10,8,6.325),1), ((6,3,14.56),1), ((11,9,9.22),2), ((10,8,6.325),2), ((11,8,16.401),1), ((11,9,9.22),3), ((5,12,21.0),3), ((12,9,16.125),2)]

+-+-+-+-+-+-+-+-+-+-+-+-+-+-+-+-+-+-+-+-+-+-+-+-+- Iteracion 4423  +-+-+-+-+-+-+-+-+-+-+-+-+-+-+-+-+-+-+-+-+-+-+-+-+-


+-+-+-+-+-+-+-+-+-+-+-+-+-+-+-+-+-+-+-+-+-+-+-+-+- Iteracion 4423  +-+-+-+-+-+-+-+-+-+-+-+-+-+-+-+-+-+-+-+-+-+-+-+-+-

Solucion peor. Costo: 397.6120000000001
Lista tabu: [((10,8,6.325),3), ((1,11,17.263),3), ((10,11,15.524),2)]

+-+-+-+-+-+-+-+-+-+-+-+-+-+-+-+-+-+-+-+-+-+-+-+-+- Iteracion 4726  +-+-+-+-+-+-+-+-+-+-+-+-+-+-+-+-+-+-+-+-+-+-+-+-+-


+-+-+-+-+-+-+-+-+-+-+-+-+-+-+-+-+-+-+-+-+-+-+-+-+- Iteracion 4726  +-+-+-+-+-+-+-+-+-+-+-+-+-+-+-+-+-+-+-+-+-+-+-+-+-

Solucion peor. Costo: 402.04499999999996
Lista tabu: [((1,15,7.071),3), ((17,20,20.809),3), ((1,17,9.849),2)]

+-+-+-+-+-+-+-+-+-+-+-+-+-+-+-+-+-+-+-+-+-+-+-+-+- Iteracion 4729  +-+-+-+-+-+-+-+-+-+-+-+-+-+-+-+-+-+-+-+-+-+-+-+-+-


+-+-+-+-+-+-+-+-+-+-+-+-+-+-+-+-+-+-+-+-+-+-+-+-+- Iteracion 4729  +-+-+-+-+-+-+-+-+-+-+-+-+-+-+-+-+-+-+-+-+-+-+-+-+-

Solucion peor. Costo: 401.04200000000003
Lista tabu: [((10,4,37.59),3), ((7,8,15.524),3), ((10,8,6.325),1), ((16,19,15.0),2), ((17,15,5.385),2), ((15,16,18.0),1), ((7,4,17.889),3), ((5,9,19.105),3), ((9,4,19.209),2)]

+-+-+-+-+-+-+-+-+-+-+-+-+-+-+-+-+-+-+-+-+-+-+-+-+- Iteracion 4731  +-+-+-+-+-+-+-+-+-+-+-+-+-+-+-+-+-+-+-+-+-+-+-+-+-


+-+-+-+-+-+-+-+-+-+-+-+-+-+-+-+-+-+-+-+-+-+-+-+-+- Iteracion 4731  +-+-+-+-+-+-+-+-+-+-+-+-+-+-+-+-+-+-+-+-+-+-+-+-+-

Solucion peor. Costo: 390.463
Lista tabu: [((10,4,37.59),1), ((7,8,15.524),1), ((7,4,17.889),1), ((5,9,19.105),1), ((17,15,5.385),4), ((15,20,25.495),4), ((14,1,16.031),4), ((14,15,18.028),2), ((5,9,19.105),3), ((9,12,16.125),3), ((10,8,6.325),3), ((8,9,19.235),2)]

+-+-+-+-+-+-+-+-+-+-+-+-+-+-+-+-+-+-+-+-+-+-+-+-+- Iteracion 4733  +-+-+-+-+-+-+-+-+-+-+-+-+-+-+-+-+-+-+-+-+-+-+-+-+-


+-+-+-+-+-+-+-+-+-+-+-+-+-+-+-+-+-+-+-+-+-+-+-+-+- Iteracion 4733  +-+-+-+-+-+-+-+-+-+-+-+-+-+-+-+-+-+-+-+-+-+-+-+-+-

Solucion peor. Costo: 388.556
Lista tabu: [((17,15,5.385),2), ((15,20,25.495),2), ((14,1,16.031),2), ((5,9,19.105),1), ((9,12,16.125),1), ((10,8,6.325),1), ((5,9,19.105),4), ((9,12,16.125),4), ((2,11,32.14),4), ((9,11,9.22),2), ((1,7,31.016),3), ((14,15,18.028),3), ((1,14,16.031),2)]

+-+-+-+-+-+-+-+-+-+-+-+-+-+-+-+-+-+-+-+-+-+-+-+-+- Iteracion 4739  +-+-+-+-+-+-+-+-+-+-+-+-+-+-+-+-+-+-+-+-+-+-+-+-+-


+-+-+-+-+-+-+-+-+-+-+-+-+-+-+-+-+-+-+-+-+-+-+-+-+- Iteracion 4739  +-+-+-+-+-+-+-+-+-+-+-+-+-+-+-+-+-+-+-+-+-+-+-+-+-

Solucion peor. Costo: 383.894
Lista tabu: [((5,12,21.0),1), ((12,14,17.029),1), ((3,2,8.544),1), ((2,9,26.571),1), ((11,7,14.142),2), ((7,4,17.889),2), ((6,3,14.56),2), ((6,7,17.029),1), ((11,7,14.142),3), ((7,4,17.889),3), ((8,6,5.385),3), ((8,7,15.524),2)]

+-+-+-+-+-+-+-+-+-+-+-+-+-+-+-+-+-+-+-+-+-+-+-+-+- Iteracion 4741  +-+-+-+-+-+-+-+-+-+-+-+-+-+-+-+-+-+-+-+-+-+-+-+-+-


+-+-+-+-+-+-+-+-+-+-+-+-+-+-+-+-+-+-+-+-+-+-+-+-+- Iteracion 4741  +-+-+-+-+-+-+-+-+-+-+-+-+-+-+-+-+-+-+-+-+-+-+-+-+-

Solucion peor. Costo: 377.433
Lista tabu: [((11,7,14.142),1), ((7,4,17.889),1), ((8,6,5.385),1), ((2,9,26.571),4), ((9,1,24.187),4), ((11,7,14.142),4), ((7,4,17.889),4), ((9,4,19.209),2), ((11,9,9.22),3), ((9,4,19.209),3), ((1,7,31.016),3), ((7,2,18.682),3), ((11,7,14.142),2)]

+-+-+-+-+-+-+-+-+-+-+-+-+-+-+-+-+-+-+-+-+-+-+-+-+- Iteracion 5049  +-+-+-+-+-+-+-+-+-+-+-+-+-+-+-+-+-+-+-+-+-+-+-+-+-


+-+-+-+-+-+-+-+-+-+-+-+-+-+-+-+-+-+-+-+-+-+-+-+-+- Iteracion 5049  +-+-+-+-+-+-+-+-+-+-+-+-+-+-+-+-+-+-+-+-+-+-+-+-+-

Solucion peor. Costo: 470.24699999999996
Lista tabu: [((1,15,7.071),3), ((15,17,5.385),3), ((13,16,12.042),3), ((15,16,18.0),2)]

+-+-+-+-+-+-+-+-+-+-+-+-+-+-+-+-+-+-+-+-+-+-+-+-+- Iteracion 5050  +-+-+-+-+-+-+-+-+-+-+-+-+-+-+-+-+-+-+-+-+-+-+-+-+-


+-+-+-+-+-+-+-+-+-+-+-+-+-+-+-+-+-+-+-+-+-+-+-+-+- Iteracion 5050  +-+-+-+-+-+-+-+-+-+-+-+-+-+-+-+-+-+-+-+-+-+-+-+-+-

Solucion peor. Costo: 458.174
Lista tabu: [((1,15,7.071),2), ((15,17,5.385),2), ((13,16,12.042),2), ((15,16,18.0),1), ((7,5,18.974),5), ((9,12,16.125),5), ((7,9,8.062),3)]

+-+-+-+-+-+-+-+-+-+-+-+-+-+-+-+-+-+-+-+-+-+-+-+-+- Iteracion 5051  +-+-+-+-+-+-+-+-+-+-+-+-+-+-+-+-+-+-+-+-+-+-+-+-+-


+-+-+-+-+-+-+-+-+-+-+-+-+-+-+-+-+-+-+-+-+-+-+-+-+- Iteracion 5051  +-+-+-+-+-+-+-+-+-+-+-+-+-+-+-+-+-+-+-+-+-+-+-+-+-

Solucion peor. Costo: 442.33599999999996
Lista tabu: [((1,15,7.071),1), ((15,17,5.385),1), ((13,16,12.042),1), ((7,5,18.974),4), ((9,12,16.125),4), ((7,9,8.062),2), ((1,10,27.659),5), ((11,2,32.14),5), ((1,11,17.263),3)]

+-+-+-+-+-+-+-+-+-+-+-+-+-+-+-+-+-+-+-+-+-+-+-+-+- Iteracion 5055  +-+-+-+-+-+-+-+-+-+-+-+-+-+-+-+-+-+-+-+-+-+-+-+-+-


+-+-+-+-+-+-+-+-+-+-+-+-+-+-+-+-+-+-+-+-+-+-+-+-+- Iteracion 5055  +-+-+-+-+-+-+-+-+-+-+-+-+-+-+-+-+-+-+-+-+-+-+-+-+-

Solucion peor. Costo: 431.08799999999997
Lista tabu: [((1,10,27.659),1), ((11,2,32.14),1), ((1,8,31.385),2), ((8,7,15.524),2), ((6,1,36.715),2), ((7,9,8.062),1), ((5,12,21.0),1), ((7,9,8.062),2), ((10,2,30.463),2), ((2,7,18.682),1), ((6,8,5.385),3), ((8,1,31.385),3), ((1,7,31.016),3), ((8,7,15.524),2)]

+-+-+-+-+-+-+-+-+-+-+-+-+-+-+-+-+-+-+-+-+-+-+-+-+- Iteracion 5062  +-+-+-+-+-+-+-+-+-+-+-+-+-+-+-+-+-+-+-+-+-+-+-+-+-


+-+-+-+-+-+-+-+-+-+-+-+-+-+-+-+-+-+-+-+-+-+-+-+-+- Iteracion 5062  +-+-+-+-+-+-+-+-+-+-+-+-+-+-+-+-+-+-+-+-+-+-+-+-+-

Solucion peor. Costo: 417.73499999999996
Lista tabu: [((3,6,14.56),1), ((8,10,6.325),1), ((11,2,32.14),2), ((10,1,27.659),2), ((10,11,15.524),1), ((9,4,19.209),3), ((5,12,21.0),3), ((5,9,19.105),2)]

+-+-+-+-+-+-+-+-+-+-+-+-+-+-+-+-+-+-+-+-+-+-+-+-+- Iteracion 5065  +-+-+-+-+-+-+-+-+-+-+-+-+-+-+-+-+-+-+-+-+-+-+-+-+-


+-+-+-+-+-+-+-+-+-+-+-+-+-+-+-+-+-+-+-+-+-+-+-+-+- Iteracion 5065  +-+-+-+-+-+-+-+-+-+-+-+-+-+-+-+-+-+-+-+-+-+-+-+-+-

Solucion peor. Costo: 405.43499999999995
Lista tabu: [((19,22,27.313),3), ((21,1,31.623),3), ((19,21,12.042),1), ((11,2,32.14),2), ((1,7,31.016),2), ((11,7,14.142),1), ((7,9,8.062),3), ((9,4,19.209),3), ((8,10,6.325),3), ((8,9,19.235),2)]

+-+-+-+-+-+-+-+-+-+-+-+-+-+-+-+-+-+-+-+-+-+-+-+-+- Iteracion 5067  +-+-+-+-+-+-+-+-+-+-+-+-+-+-+-+-+-+-+-+-+-+-+-+-+-


+-+-+-+-+-+-+-+-+-+-+-+-+-+-+-+-+-+-+-+-+-+-+-+-+- Iteracion 5067  +-+-+-+-+-+-+-+-+-+-+-+-+-+-+-+-+-+-+-+-+-+-+-+-+-

Solucion peor. Costo: 386.03600000000006
Lista tabu: [((19,22,27.313),1), ((21,1,31.623),1), ((7,9,8.062),1), ((9,4,19.209),1), ((8,10,6.325),1), ((11,2,32.14),4), ((7,9,8.062),4), ((11,9,9.22),2), ((1,11,17.263),3), ((11,9,9.22),3), ((8,10,6.325),3), ((10,1,27.659),3), ((11,8,16.401),2)]

+-+-+-+-+-+-+-+-+-+-+-+-+-+-+-+-+-+-+-+-+-+-+-+-+- Iteracion 5077  +-+-+-+-+-+-+-+-+-+-+-+-+-+-+-+-+-+-+-+-+-+-+-+-+-


La solución anterior duró 0min 4seg    -------> Nuevo optimo local. Costo: 375.282       ==> Optimo: 375.0  Desvio: 0.1%
Lista tabu: [((8,10,6.325),1), ((10,1,27.659),1), ((1,11,17.263),1), ((11,9,9.22),2), ((9,4,19.209),2), ((1,7,31.016),2), ((7,9,8.062),1), ((18,15,15.033),3), ((15,1,7.071),3), ((13,16,12.042),3), ((15,16,18.0),2)]

+-+-+-+-+-+-+-+-+-+-+-+-+-+-+-+-+-+-+-+-+-+-+-+-+- Iteracion 5580  +-+-+-+-+-+-+-+-+-+-+-+-+-+-+-+-+-+-+-+-+-+-+-+-+-


La solución anterior duró 0min 0seg    -------> Nuevo optimo local. Costo: 352.328       ==> Optimo: 375.0  Desvio: -6.0%
Lista tabu: [((11,9,9.22),1), ((5,12,21.0),1), ((15,1,7.071),2), ((1,17,9.849),2), ((8,10,6.325),2), ((8,9,19.235),1), ((6,8,5.385),3), ((8,10,6.325),3), ((1,7,31.016),3), ((8,7,15.524),2)]

+-+-+-+-+-+-+-+-+-+-+-+-+-+-+-+-+-+- Solucion Optima +-+-+-+-+-+-+-+-+-+-+-+-+-+-+-+-+-+-


Costo total:  352.3280000000001        Optimo real:  375.0      Desviación: -6.0%

Cantidad de iteraciones: 5581
Nro de vehiculos: 4
Capacidad Maxima/Vehiculo: 6000.0
Tiempo total: 0min 4seg
Tiempo de estancamiento: 0min 0seg
