+-+-+-+-+-+-+-+-+-+-+-+-+-+-+ GRAFO CARGADO +-+-+-+-+-+-+-+-+-+-+-+-+-+-+-
        1         2         3         4         5         6         7         8         9         10        11        12        13        14        15        16        17        18        19        20        21        22
1     999999999999.0    49.366    48.083    41.785    40.719    36.715    31.016    31.385    24.187    27.659    17.263    23.345    11.18    16.031    7.071    20.248    9.849    22.091    29.069    30.529    31.623    33.541    
2     49.366    999999999999.0    8.544    23.259    25.942    20.809    18.682    24.166    26.571    30.463    32.14    40.224    47.265    54.626    56.223    57.489    58.856    71.113    72.18    78.16    79.101    82.873    
3     48.083    8.544    999999999999.0    29.833    32.28    14.56    19.849    19.105    27.803    25.318    31.016    43.139    44.102    55.758    54.571    53.235    57.871    69.051    68.184    78.0    76.105    81.492    
4     41.785    23.259    29.833    999999999999.0    2.828    33.734    17.889    33.242    19.209    37.59    28.425    23.087    45.222    40.012    48.703    57.201    49.244    63.325    69.836    65.008    73.389    72.56    
5     40.719    25.942    32.28    2.828    999999999999.0    35.355    18.974    34.482    19.105    38.484    28.284    21.0    44.822    38.013    47.539    56.851    47.802    61.984    69.116    63.008    72.236    70.859    
6     36.715    20.809    14.56    33.734    35.355    999999999999.0    17.029    5.385    22.472    11.0    21.213    38.484    30.806    47.381    42.544    39.013    46.53    56.321    54.009    67.231    62.514    69.289    
7     31.016    18.682    19.849    17.889    18.974    17.029    999999999999.0    15.524    8.062    19.723    14.142    23.431    30.676    36.235    38.0    42.048    40.311    53.009    55.973    59.481    61.66    64.382    
8     31.385    24.166    19.105    33.242    34.482    5.385    15.524    999999999999.0    19.235    6.325    16.401    34.785    25.495    42.521    37.162    34.132    41.183    50.961    49.092    61.911    57.315    63.906    
9     24.187    26.571    27.803    19.209    19.105    22.472    8.062    19.235    999999999999.0    21.213    9.22    16.125    26.077    28.178    31.257    38.013    33.015    46.271    50.99    51.662    55.543    57.079    
10    27.659    30.463    25.318    37.59    38.484    11.0    19.723    6.325    21.213    999999999999.0    15.524    35.355    20.248    40.497    32.757    28.018    37.202    45.88    43.012    58.009    51.624    59.093    
11    17.263    32.14    31.016    28.425    28.284    21.213    14.142    16.401    9.22    15.524    999999999999.0    20.025    17.0    26.173    24.083    28.844    26.926    39.013    42.154    47.011    47.518    50.804    
12    23.345    40.224    43.139    23.087    21.0    38.484    23.431    34.785    16.125    35.355    20.025    999999999999.0    31.305    17.029    29.206    42.72    28.178    42.485    52.345    42.012    53.339    50.22    
13    11.18    47.265    44.102    45.222    44.822    30.806    30.676    25.495    26.077    20.248    17.0    31.305    999999999999.0    27.166    13.454    12.042    18.601    25.632    25.298    38.897    32.016    38.91    
14    16.031    54.626    55.758    40.012    38.013    47.381    36.235    42.521    28.178    40.497    26.173    17.029    27.166    999999999999.0    18.028    35.511    14.422    27.659    40.817    25.0    38.949    33.526    
15    7.071    56.223    54.571    48.703    47.539    42.544    38.0    37.162    31.257    32.757    24.083    29.206    13.454    18.028    999999999999.0    18.0    5.385    15.033    23.431    25.495    24.698    26.926    
16    20.248    57.489    53.235    57.201    56.851    39.013    42.048    34.132    38.013    28.018    28.844    42.72    12.042    35.511    18.0    999999999999.0    23.087    22.672    15.0    39.825    24.698    36.069    
17    9.849    58.856    57.871    49.244    47.802    46.53    40.311    41.183    33.015    37.202    26.926    28.178    18.601    14.422    5.385    23.087    999999999999.0    14.318    26.42    20.809    25.239    24.083    
18    22.091    71.113    69.051    63.325    61.984    56.321    53.009    50.961    46.271    45.88    39.013    42.485    25.632    27.659    15.033    22.672    14.318    999999999999.0    17.0    18.439    11.314    13.601    
19    29.069    72.18    68.184    69.836    69.116    54.009    55.973    49.092    50.99    43.012    42.154    52.345    25.298    40.817    23.431    15.0    26.42    17.0    999999999999.0    35.228    12.042    27.313    
20    30.529    78.16    78.0    65.008    63.008    67.231    59.481    61.911    51.662    58.009    47.011    42.012    38.897    25.0    25.495    39.825    20.809    18.439    35.228    999999999999.0    26.306    12.207    
21    31.623    79.101    76.105    73.389    72.236    62.514    61.66    57.315    55.543    51.624    47.518    53.339    32.016    38.949    24.698    24.698    25.239    11.314    12.042    26.306    999999999999.0    16.279    
22    33.541    82.873    81.492    72.56    70.859    69.289    64.382    63.906    57.079    59.093    50.804    50.22    38.91    33.526    26.926    36.069    24.083    13.601    27.313    12.207    16.279    999999999999.0    


Demandas:
1: 0.0
2: 1100.0
3: 700.0
4: 800.0
5: 1400.0
6: 2100.0
7: 400.0
8: 800.0
9: 100.0
10: 500.0
11: 600.0
12: 1200.0
13: 1300.0
14: 1300.0
15: 300.0
16: 900.0
17: 2100.0
18: 1000.0
19: 900.0
20: 2500.0
21: 1800.0
22: 700.0
+-+-+-+-+-+-+-+-+-+-+-+-+-+-+-+ SOLUCION INICIAL +-+-+-+-+-+-+-+-+-+-+-+-+-+-+-+-

+-+-+-+-+-+-+-+-+-+-+-+-+-+-+-+-+-+-+-+-+-+-+-+-+- Iteracion 3  +-+-+-+-+-+-+-+-+-+-+-+-+-+-+-+-+-+-+-+-+-+-+-+-+-


La solución anterior duró 0min 0seg    -------> Nuevo optimo local. Costo: 467.178       ==> Optimo: 375.0  Desvio: 24.6%
Lista tabu: [((1,13,11.18),2), ((17,15,5.385),2), ((1,17,9.849),1), ((18,17,14.318),3), ((15,1,7.071),3), ((15,18,15.033),2)]

+-+-+-+-+-+-+-+-+-+-+-+-+-+-+-+-+-+-+-+-+-+-+-+-+- Iteracion 8  +-+-+-+-+-+-+-+-+-+-+-+-+-+-+-+-+-+-+-+-+-+-+-+-+-


La solución anterior duró 0min 0seg    -------> Nuevo optimo local. Costo: 437.523       ==> Optimo: 375.0  Desvio: 16.7%
Lista tabu: [((2,9,26.571),1), ((9,7,8.062),1), ((4,11,28.425),1), ((1,13,11.18),1), ((17,15,5.385),1), ((8,10,6.325),2), ((10,1,27.659),2), ((11,5,28.284),2), ((10,11,15.524),1), ((18,17,14.318),3), ((15,1,7.071),3), ((15,18,15.033),2)]

+-+-+-+-+-+-+-+-+-+-+-+-+-+-+-+-+-+-+-+-+-+-+-+-+- Iteracion 10  +-+-+-+-+-+-+-+-+-+-+-+-+-+-+-+-+-+-+-+-+-+-+-+-+-


La solución anterior duró 0min 0seg    -------> Nuevo optimo local. Costo: 416.267       ==> Optimo: 375.0  Desvio: 11.0%
Lista tabu: [((18,17,14.318),1), ((15,1,7.071),1), ((1,2,49.366),4), ((7,3,19.849),4), ((3,2,8.544),2), ((8,6,5.385),3), ((2,7,18.682),3), ((6,7,17.029),2)]

+-+-+-+-+-+-+-+-+-+-+-+-+-+-+-+-+-+-+-+-+-+-+-+-+- Iteracion 13  +-+-+-+-+-+-+-+-+-+-+-+-+-+-+-+-+-+-+-+-+-+-+-+-+-


La solución anterior duró 0min 0seg    -------> Nuevo optimo local. Costo: 412.18       ==> Optimo: 375.0  Desvio: 9.9%
Lista tabu: [((1,2,49.366),1), ((7,3,19.849),1), ((4,9,19.209),3), ((5,12,21.0),3), ((12,9,16.125),1), ((2,7,18.682),2), ((7,1,31.016),2), ((11,5,28.284),2), ((7,11,14.142),1), ((1,13,11.18),3), ((17,15,5.385),3), ((1,17,9.849),2)]

+-+-+-+-+-+-+-+-+-+-+-+-+-+-+-+-+-+-+-+-+-+-+-+-+- Iteracion 23  +-+-+-+-+-+-+-+-+-+-+-+-+-+-+-+-+-+-+-+-+-+-+-+-+-


La solución anterior duró 0min 0seg    -------> Nuevo optimo local. Costo: 410.988       ==> Optimo: 375.0  Desvio: 9.6%
Lista tabu: [((1,13,11.18),1), ((17,15,5.385),1), ((1,10,27.659),2), ((10,8,6.325),2), ((12,11,20.025),2), ((11,5,28.284),2), ((8,11,16.401),1), ((18,17,14.318),3), ((15,1,7.071),3), ((15,18,15.033),2)]

+-+-+-+-+-+-+-+-+-+-+-+-+-+-+-+-+-+-+-+-+-+-+-+-+- Iteracion 33  +-+-+-+-+-+-+-+-+-+-+-+-+-+-+-+-+-+-+-+-+-+-+-+-+-


La solución anterior duró 0min 0seg    -------> Nuevo optimo local. Costo: 407.712       ==> Optimo: 375.0  Desvio: 8.7%
Lista tabu: [((1,13,11.18),1), ((17,15,5.385),1), ((11,9,9.22),2), ((9,5,19.105),2), ((7,1,31.016),2), ((7,9,8.062),1), ((1,13,11.18),3), ((17,15,5.385),3), ((13,15,13.454),2)]

+-+-+-+-+-+-+-+-+-+-+-+-+-+-+-+-+-+-+-+-+-+-+-+-+- Iteracion 53  +-+-+-+-+-+-+-+-+-+-+-+-+-+-+-+-+-+-+-+-+-+-+-+-+-


La solución anterior duró 0min 0seg    -------> Nuevo optimo local. Costo: 401.138       ==> Optimo: 375.0  Desvio: 7.000000000000001%
Lista tabu: [((16,19,15.0),1), ((19,17,26.42),1), ((21,18,11.314),1), ((18,1,22.091),1), ((10,8,6.325),2), ((8,6,5.385),2), ((7,1,31.016),2), ((7,8,15.524),1), ((1,13,11.18),3), ((17,15,5.385),3), ((1,17,9.849),2)]

+-+-+-+-+-+-+-+-+-+-+-+-+-+-+-+-+-+-+-+-+-+-+-+-+- Iteracion 55  +-+-+-+-+-+-+-+-+-+-+-+-+-+-+-+-+-+-+-+-+-+-+-+-+-


La solución anterior duró 0min 0seg    -------> Nuevo optimo local. Costo: 398.725       ==> Optimo: 375.0  Desvio: 6.3%
Lista tabu: [((1,13,11.18),1), ((17,15,5.385),1), ((19,17,26.42),4), ((22,21,16.279),4), ((19,21,12.042),2), ((1,10,27.659),3), ((10,8,6.325),3), ((11,9,9.22),3), ((10,11,15.524),2)]

+-+-+-+-+-+-+-+-+-+-+-+-+-+-+-+-+-+-+-+-+-+-+-+-+- Iteracion 386  +-+-+-+-+-+-+-+-+-+-+-+-+-+-+-+-+-+-+-+-+-+-+-+-+-


La solución anterior duró 0min 0seg    -------> Nuevo optimo local. Costo: 397.763       ==> Optimo: 375.0  Desvio: 6.1%
Lista tabu: [((2,7,18.682),1), ((7,1,31.016),1), ((5,4,2.828),1), ((8,6,5.385),2), ((2,7,18.682),2), ((6,7,17.029),1), ((12,11,20.025),3), ((11,9,9.22),3), ((13,16,12.042),3), ((16,19,15.0),3), ((11,13,17.0),2)]

+-+-+-+-+-+-+-+-+-+-+-+-+-+-+-+-+-+-+-+-+-+-+-+-+- Iteracion 1792  +-+-+-+-+-+-+-+-+-+-+-+-+-+-+-+-+-+-+-+-+-+-+-+-+-


+-+-+-+-+-+-+-+-+-+-+-+-+-+-+-+-+-+-+-+-+-+-+-+-+- Iteracion 1792  +-+-+-+-+-+-+-+-+-+-+-+-+-+-+-+-+-+-+-+-+-+-+-+-+-

Solucion peor. Costo: 532.639
Lista tabu: [((12,11,20.025),3), ((11,4,28.425),3), ((13,16,12.042),3), ((16,19,15.0),3), ((11,13,17.0),2)]

+-+-+-+-+-+-+-+-+-+-+-+-+-+-+-+-+-+-+-+-+-+-+-+-+- Iteracion 1793  +-+-+-+-+-+-+-+-+-+-+-+-+-+-+-+-+-+-+-+-+-+-+-+-+-


+-+-+-+-+-+-+-+-+-+-+-+-+-+-+-+-+-+-+-+-+-+-+-+-+- Iteracion 1793  +-+-+-+-+-+-+-+-+-+-+-+-+-+-+-+-+-+-+-+-+-+-+-+-+-

Solucion peor. Costo: 501.85900000000004
Lista tabu: [((12,11,20.025),2), ((11,4,28.425),2), ((13,16,12.042),2), ((16,19,15.0),2), ((11,13,17.0),1), ((7,9,8.062),5), ((9,10,21.213),5), ((5,1,40.719),5), ((5,9,19.105),3)]

+-+-+-+-+-+-+-+-+-+-+-+-+-+-+-+-+-+-+-+-+-+-+-+-+- Iteracion 1796  +-+-+-+-+-+-+-+-+-+-+-+-+-+-+-+-+-+-+-+-+-+-+-+-+-


+-+-+-+-+-+-+-+-+-+-+-+-+-+-+-+-+-+-+-+-+-+-+-+-+- Iteracion 1796  +-+-+-+-+-+-+-+-+-+-+-+-+-+-+-+-+-+-+-+-+-+-+-+-+-

Solucion peor. Costo: 477.192
Lista tabu: [((7,9,8.062),2), ((9,10,21.213),2), ((5,1,40.719),2), ((12,16,42.72),3), ((16,4,57.201),3), ((5,9,19.105),3), ((9,1,24.187),3), ((12,9,16.125),1), ((9,4,19.209),2), ((5,16,56.851),2), ((5,9,19.105),1), ((9,4,19.209),3), ((5,16,56.851),3), ((5,9,19.105),2)]

+-+-+-+-+-+-+-+-+-+-+-+-+-+-+-+-+-+-+-+-+-+-+-+-+- Iteracion 1819  +-+-+-+-+-+-+-+-+-+-+-+-+-+-+-+-+-+-+-+-+-+-+-+-+-


+-+-+-+-+-+-+-+-+-+-+-+-+-+-+-+-+-+-+-+-+-+-+-+-+- Iteracion 1819  +-+-+-+-+-+-+-+-+-+-+-+-+-+-+-+-+-+-+-+-+-+-+-+-+-

Solucion peor. Costo: 469.776
Lista tabu: [((9,4,19.209),1), ((4,5,2.828),1), ((7,3,19.849),1), ((3,2,8.544),1), ((1,15,7.071),2), ((17,20,20.809),2), ((1,17,9.849),1), ((1,15,7.071),3), ((15,17,5.385),3), ((1,14,16.031),3), ((14,15,18.028),2)]

+-+-+-+-+-+-+-+-+-+-+-+-+-+-+-+-+-+-+-+-+-+-+-+-+- Iteracion 1822  +-+-+-+-+-+-+-+-+-+-+-+-+-+-+-+-+-+-+-+-+-+-+-+-+-


+-+-+-+-+-+-+-+-+-+-+-+-+-+-+-+-+-+-+-+-+-+-+-+-+- Iteracion 1822  +-+-+-+-+-+-+-+-+-+-+-+-+-+-+-+-+-+-+-+-+-+-+-+-+-

Solucion peor. Costo: 455.286
Lista tabu: [((7,3,19.849),3), ((2,6,20.809),3), ((6,3,14.56),1), ((15,17,5.385),2), ((1,13,11.18),2), ((13,15,13.454),1), ((1,15,7.071),3), ((15,17,5.385),3), ((16,1,20.248),3), ((15,16,18.0),2)]

+-+-+-+-+-+-+-+-+-+-+-+-+-+-+-+-+-+-+-+-+-+-+-+-+- Iteracion 1823  +-+-+-+-+-+-+-+-+-+-+-+-+-+-+-+-+-+-+-+-+-+-+-+-+-


+-+-+-+-+-+-+-+-+-+-+-+-+-+-+-+-+-+-+-+-+-+-+-+-+- Iteracion 1823  +-+-+-+-+-+-+-+-+-+-+-+-+-+-+-+-+-+-+-+-+-+-+-+-+-

Solucion peor. Costo: 444.27200000000005
Lista tabu: [((7,3,19.849),2), ((2,6,20.809),2), ((15,17,5.385),1), ((1,13,11.18),1), ((1,15,7.071),2), ((15,17,5.385),2), ((16,1,20.248),2), ((15,16,18.0),1), ((19,18,17.0),5), ((21,1,31.623),5), ((19,21,12.042),3)]

+-+-+-+-+-+-+-+-+-+-+-+-+-+-+-+-+-+-+-+-+-+-+-+-+- Iteracion 1826  +-+-+-+-+-+-+-+-+-+-+-+-+-+-+-+-+-+-+-+-+-+-+-+-+-


+-+-+-+-+-+-+-+-+-+-+-+-+-+-+-+-+-+-+-+-+-+-+-+-+- Iteracion 1826  +-+-+-+-+-+-+-+-+-+-+-+-+-+-+-+-+-+-+-+-+-+-+-+-+-

Solucion peor. Costo: 433.499
Lista tabu: [((19,18,17.0),2), ((21,1,31.623),2), ((12,9,16.125),3), ((9,4,19.209),3), ((7,1,31.016),3), ((7,9,8.062),1), ((10,8,6.325),2), ((8,6,5.385),2), ((13,11,17.0),2), ((11,19,42.154),2), ((10,11,15.524),1), ((7,9,8.062),3), ((9,1,24.187),3), ((12,4,23.087),3), ((4,9,19.209),2)]

+-+-+-+-+-+-+-+-+-+-+-+-+-+-+-+-+-+-+-+-+-+-+-+-+- Iteracion 1834  +-+-+-+-+-+-+-+-+-+-+-+-+-+-+-+-+-+-+-+-+-+-+-+-+-


+-+-+-+-+-+-+-+-+-+-+-+-+-+-+-+-+-+-+-+-+-+-+-+-+- Iteracion 1834  +-+-+-+-+-+-+-+-+-+-+-+-+-+-+-+-+-+-+-+-+-+-+-+-+-

Solucion peor. Costo: 413.948
Lista tabu: [((13,19,25.298),1), ((21,18,11.314),1), ((1,15,7.071),2), ((15,17,5.385),2), ((13,19,25.298),2), ((13,15,13.454),1), ((10,8,6.325),3), ((7,9,8.062),3), ((9,8,19.235),2)]

+-+-+-+-+-+-+-+-+-+-+-+-+-+-+-+-+-+-+-+-+-+-+-+-+- Iteracion 1865  +-+-+-+-+-+-+-+-+-+-+-+-+-+-+-+-+-+-+-+-+-+-+-+-+-


+-+-+-+-+-+-+-+-+-+-+-+-+-+-+-+-+-+-+-+-+-+-+-+-+- Iteracion 1865  +-+-+-+-+-+-+-+-+-+-+-+-+-+-+-+-+-+-+-+-+-+-+-+-+-

Solucion peor. Costo: 411.354
Lista tabu: [((8,6,5.385),1), ((2,7,18.682),1), ((15,17,5.385),2), ((17,20,20.809),2), ((19,21,12.042),2), ((21,18,11.314),2), ((17,18,14.318),1), ((1,15,7.071),3), ((15,17,5.385),3), ((11,16,28.844),3), ((15,16,18.0),2)]

+-+-+-+-+-+-+-+-+-+-+-+-+-+-+-+-+-+-+-+-+-+-+-+-+- Iteracion 2167  +-+-+-+-+-+-+-+-+-+-+-+-+-+-+-+-+-+-+-+-+-+-+-+-+-


+-+-+-+-+-+-+-+-+-+-+-+-+-+-+-+-+-+-+-+-+-+-+-+-+- Iteracion 2167  +-+-+-+-+-+-+-+-+-+-+-+-+-+-+-+-+-+-+-+-+-+-+-+-+-

Solucion peor. Costo: 443.39300000000003
Lista tabu: [((7,9,8.062),3), ((9,1,24.187),3), ((1,11,17.263),3), ((9,11,9.22),2)]

+-+-+-+-+-+-+-+-+-+-+-+-+-+-+-+-+-+-+-+-+-+-+-+-+- Iteracion 2168  +-+-+-+-+-+-+-+-+-+-+-+-+-+-+-+-+-+-+-+-+-+-+-+-+-


+-+-+-+-+-+-+-+-+-+-+-+-+-+-+-+-+-+-+-+-+-+-+-+-+- Iteracion 2168  +-+-+-+-+-+-+-+-+-+-+-+-+-+-+-+-+-+-+-+-+-+-+-+-+-

Solucion peor. Costo: 426.26500000000004
Lista tabu: [((7,9,8.062),2), ((9,1,24.187),2), ((1,11,17.263),2), ((9,11,9.22),1), ((10,6,11.0),5), ((8,7,15.524),5), ((6,7,17.029),3)]

+-+-+-+-+-+-+-+-+-+-+-+-+-+-+-+-+-+-+-+-+-+-+-+-+- Iteracion 2176  +-+-+-+-+-+-+-+-+-+-+-+-+-+-+-+-+-+-+-+-+-+-+-+-+-


+-+-+-+-+-+-+-+-+-+-+-+-+-+-+-+-+-+-+-+-+-+-+-+-+- Iteracion 2176  +-+-+-+-+-+-+-+-+-+-+-+-+-+-+-+-+-+-+-+-+-+-+-+-+-

Solucion peor. Costo: 411.35400000000004
Lista tabu: [((5,4,2.828),1), ((4,12,23.087),1), ((9,11,9.22),1), ((11,16,28.844),1), ((18,15,15.033),2), ((15,1,7.071),2), ((1,17,9.849),2), ((17,15,5.385),1), ((1,9,24.187),3), ((9,11,9.22),3), ((8,10,6.325),3), ((9,8,19.235),2)]

+-+-+-+-+-+-+-+-+-+-+-+-+-+-+-+-+-+-+-+-+-+-+-+-+- Iteracion 2481  +-+-+-+-+-+-+-+-+-+-+-+-+-+-+-+-+-+-+-+-+-+-+-+-+-


+-+-+-+-+-+-+-+-+-+-+-+-+-+-+-+-+-+-+-+-+-+-+-+-+- Iteracion 2481  +-+-+-+-+-+-+-+-+-+-+-+-+-+-+-+-+-+-+-+-+-+-+-+-+-

Solucion peor. Costo: 458.098
Lista tabu: [((7,10,19.723),3), ((10,1,27.659),3), ((21,11,47.518),3), ((10,11,15.524),2)]

+-+-+-+-+-+-+-+-+-+-+-+-+-+-+-+-+-+-+-+-+-+-+-+-+- Iteracion 2485  +-+-+-+-+-+-+-+-+-+-+-+-+-+-+-+-+-+-+-+-+-+-+-+-+-


+-+-+-+-+-+-+-+-+-+-+-+-+-+-+-+-+-+-+-+-+-+-+-+-+- Iteracion 2485  +-+-+-+-+-+-+-+-+-+-+-+-+-+-+-+-+-+-+-+-+-+-+-+-+-

Solucion peor. Costo: 454.461
Lista tabu: [((21,10,51.624),2), ((10,11,15.524),2), ((8,6,5.385),2), ((1,9,24.187),1), ((9,8,19.235),1), ((11,1,17.263),1), ((1,13,11.18),2), ((13,5,44.822),2), ((16,19,15.0),2), ((19,18,17.0),2), ((13,16,12.042),1), ((19,18,17.0),3), ((18,21,11.314),3), ((20,22,12.207),3), ((22,1,33.541),3), ((18,20,18.439),2)]

+-+-+-+-+-+-+-+-+-+-+-+-+-+-+-+-+-+-+-+-+-+-+-+-+- Iteracion 2490  +-+-+-+-+-+-+-+-+-+-+-+-+-+-+-+-+-+-+-+-+-+-+-+-+-


+-+-+-+-+-+-+-+-+-+-+-+-+-+-+-+-+-+-+-+-+-+-+-+-+- Iteracion 2490  +-+-+-+-+-+-+-+-+-+-+-+-+-+-+-+-+-+-+-+-+-+-+-+-+-

Solucion peor. Costo: 452.86400000000003
Lista tabu: [((9,8,19.235),1), ((10,6,11.0),1), ((5,4,2.828),1), ((4,12,23.087),1), ((8,10,6.325),1), ((10,9,21.213),1), ((3,6,14.56),2), ((8,10,6.325),2), ((8,3,19.105),1), ((5,4,2.828),3), ((4,12,23.087),3), ((8,10,6.325),3), ((10,9,21.213),3), ((4,9,19.209),2)]

+-+-+-+-+-+-+-+-+-+-+-+-+-+-+-+-+-+-+-+-+-+-+-+-+- Iteracion 2492  +-+-+-+-+-+-+-+-+-+-+-+-+-+-+-+-+-+-+-+-+-+-+-+-+-


+-+-+-+-+-+-+-+-+-+-+-+-+-+-+-+-+-+-+-+-+-+-+-+-+- Iteracion 2492  +-+-+-+-+-+-+-+-+-+-+-+-+-+-+-+-+-+-+-+-+-+-+-+-+-

Solucion peor. Costo: 450.648
Lista tabu: [((5,4,2.828),1), ((4,12,23.087),1), ((8,10,6.325),1), ((10,9,21.213),1), ((10,9,21.213),4), ((9,1,24.187),4), ((11,1,17.263),4), ((11,9,9.22),2), ((1,17,9.849),3), ((17,20,20.809),3), ((18,21,11.314),3), ((21,11,47.518),3), ((17,18,14.318),2)]

+-+-+-+-+-+-+-+-+-+-+-+-+-+-+-+-+-+-+-+-+-+-+-+-+- Iteracion 2493  +-+-+-+-+-+-+-+-+-+-+-+-+-+-+-+-+-+-+-+-+-+-+-+-+-


+-+-+-+-+-+-+-+-+-+-+-+-+-+-+-+-+-+-+-+-+-+-+-+-+- Iteracion 2493  +-+-+-+-+-+-+-+-+-+-+-+-+-+-+-+-+-+-+-+-+-+-+-+-+-

Solucion peor. Costo: 437.185
Lista tabu: [((10,9,21.213),3), ((9,1,24.187),3), ((11,1,17.263),3), ((11,9,9.22),1), ((1,17,9.849),2), ((17,20,20.809),2), ((18,21,11.314),2), ((21,11,47.518),2), ((17,18,14.318),1), ((15,16,18.0),5), ((1,17,9.849),5), ((15,17,5.385),3)]

+-+-+-+-+-+-+-+-+-+-+-+-+-+-+-+-+-+-+-+-+-+-+-+-+- Iteracion 2496  +-+-+-+-+-+-+-+-+-+-+-+-+-+-+-+-+-+-+-+-+-+-+-+-+-


+-+-+-+-+-+-+-+-+-+-+-+-+-+-+-+-+-+-+-+-+-+-+-+-+- Iteracion 2496  +-+-+-+-+-+-+-+-+-+-+-+-+-+-+-+-+-+-+-+-+-+-+-+-+-

Solucion peor. Costo: 434.681
Lista tabu: [((15,16,18.0),2), ((1,17,9.849),2), ((19,18,17.0),3), ((21,11,47.518),3), ((19,21,12.042),1), ((18,11,39.013),2), ((11,9,9.22),2), ((1,16,20.248),2), ((1,11,17.263),1), ((21,18,11.314),3), ((18,11,39.013),3), ((20,22,12.207),3), ((22,1,33.541),3), ((18,20,18.439),2)]

+-+-+-+-+-+-+-+-+-+-+-+-+-+-+-+-+-+-+-+-+-+-+-+-+- Iteracion 2502  +-+-+-+-+-+-+-+-+-+-+-+-+-+-+-+-+-+-+-+-+-+-+-+-+-


+-+-+-+-+-+-+-+-+-+-+-+-+-+-+-+-+-+-+-+-+-+-+-+-+- Iteracion 2502  +-+-+-+-+-+-+-+-+-+-+-+-+-+-+-+-+-+-+-+-+-+-+-+-+-

Solucion peor. Costo: 419.77000000000004
Lista tabu: [((3,6,14.56),1), ((8,10,6.325),1), ((6,8,5.385),2), ((8,10,6.325),2), ((1,7,31.016),2), ((7,8,15.524),1), ((5,4,2.828),3), ((4,12,23.087),3), ((15,11,24.083),3), ((11,9,9.22),3), ((4,9,19.209),2)]

+-+-+-+-+-+-+-+-+-+-+-+-+-+-+-+-+-+-+-+-+-+-+-+-+- Iteracion 2513  +-+-+-+-+-+-+-+-+-+-+-+-+-+-+-+-+-+-+-+-+-+-+-+-+-


+-+-+-+-+-+-+-+-+-+-+-+-+-+-+-+-+-+-+-+-+-+-+-+-+- Iteracion 2513  +-+-+-+-+-+-+-+-+-+-+-+-+-+-+-+-+-+-+-+-+-+-+-+-+-

Solucion peor. Costo: 411.35400000000004
Lista tabu: [((12,14,17.029),1), ((14,1,16.031),1), ((21,18,11.314),1), ((18,15,15.033),1), ((6,8,5.385),2), ((8,10,6.325),2), ((18,15,15.033),2), ((15,11,24.083),2), ((8,11,16.401),1), ((18,15,15.033),3), ((15,11,24.083),3), ((1,16,20.248),3), ((16,15,18.0),2)]

+-+-+-+-+-+-+-+-+-+-+-+-+-+-+-+-+-+-+-+-+-+-+-+-+- Iteracion 2817  +-+-+-+-+-+-+-+-+-+-+-+-+-+-+-+-+-+-+-+-+-+-+-+-+-


+-+-+-+-+-+-+-+-+-+-+-+-+-+-+-+-+-+-+-+-+-+-+-+-+- Iteracion 2817  +-+-+-+-+-+-+-+-+-+-+-+-+-+-+-+-+-+-+-+-+-+-+-+-+-

Solucion peor. Costo: 470.0700000000001
Lista tabu: [((1,13,11.18),3), ((14,15,18.028),3), ((15,13,13.454),2)]

+-+-+-+-+-+-+-+-+-+-+-+-+-+-+-+-+-+-+-+-+-+-+-+-+- Iteracion 2818  +-+-+-+-+-+-+-+-+-+-+-+-+-+-+-+-+-+-+-+-+-+-+-+-+-


+-+-+-+-+-+-+-+-+-+-+-+-+-+-+-+-+-+-+-+-+-+-+-+-+- Iteracion 2818  +-+-+-+-+-+-+-+-+-+-+-+-+-+-+-+-+-+-+-+-+-+-+-+-+-

Solucion peor. Costo: 468.68200000000013
Lista tabu: [((1,13,11.18),2), ((14,15,18.028),2), ((15,13,13.454),1), ((15,13,13.454),5), ((1,17,9.849),5), ((15,17,5.385),3)]

+-+-+-+-+-+-+-+-+-+-+-+-+-+-+-+-+-+-+-+-+-+-+-+-+- Iteracion 2823  +-+-+-+-+-+-+-+-+-+-+-+-+-+-+-+-+-+-+-+-+-+-+-+-+-


+-+-+-+-+-+-+-+-+-+-+-+-+-+-+-+-+-+-+-+-+-+-+-+-+- Iteracion 2823  +-+-+-+-+-+-+-+-+-+-+-+-+-+-+-+-+-+-+-+-+-+-+-+-+-

Solucion peor. Costo: 452.98199999999997
Lista tabu: [((9,7,8.062),1), ((5,3,32.28),1), ((1,15,7.071),1), ((17,20,20.809),1), ((15,17,5.385),2), ((1,13,11.18),2), ((15,13,13.454),1), ((1,15,7.071),3), ((15,17,5.385),3), ((16,11,28.844),3), ((16,15,18.0),2)]

+-+-+-+-+-+-+-+-+-+-+-+-+-+-+-+-+-+-+-+-+-+-+-+-+- Iteracion 2824  +-+-+-+-+-+-+-+-+-+-+-+-+-+-+-+-+-+-+-+-+-+-+-+-+-


+-+-+-+-+-+-+-+-+-+-+-+-+-+-+-+-+-+-+-+-+-+-+-+-+- Iteracion 2824  +-+-+-+-+-+-+-+-+-+-+-+-+-+-+-+-+-+-+-+-+-+-+-+-+-

Solucion peor. Costo: 448.74699999999996
Lista tabu: [((15,17,5.385),1), ((1,13,11.18),1), ((1,15,7.071),2), ((15,17,5.385),2), ((16,11,28.844),2), ((16,15,18.0),1), ((13,2,47.265),5), ((2,4,23.259),5), ((9,5,19.105),5), ((5,7,18.974),5), ((2,7,18.682),3)]

+-+-+-+-+-+-+-+-+-+-+-+-+-+-+-+-+-+-+-+-+-+-+-+-+- Iteracion 2826  +-+-+-+-+-+-+-+-+-+-+-+-+-+-+-+-+-+-+-+-+-+-+-+-+-


+-+-+-+-+-+-+-+-+-+-+-+-+-+-+-+-+-+-+-+-+-+-+-+-+- Iteracion 2826  +-+-+-+-+-+-+-+-+-+-+-+-+-+-+-+-+-+-+-+-+-+-+-+-+-

Solucion peor. Costo: 446.15299999999996
Lista tabu: [((13,2,47.265),3), ((2,4,23.259),3), ((9,5,19.105),3), ((5,7,18.974),3), ((2,7,18.682),1), ((2,7,18.682),4), ((7,3,19.849),4), ((6,10,11.0),4), ((6,7,17.029),2), ((13,5,44.822),3), ((5,4,2.828),3), ((9,2,26.571),3), ((2,3,8.544),3), ((5,9,19.105),2)]

+-+-+-+-+-+-+-+-+-+-+-+-+-+-+-+-+-+-+-+-+-+-+-+-+- Iteracion 2833  +-+-+-+-+-+-+-+-+-+-+-+-+-+-+-+-+-+-+-+-+-+-+-+-+-


+-+-+-+-+-+-+-+-+-+-+-+-+-+-+-+-+-+-+-+-+-+-+-+-+- Iteracion 2833  +-+-+-+-+-+-+-+-+-+-+-+-+-+-+-+-+-+-+-+-+-+-+-+-+-

Solucion peor. Costo: 420.574
Lista tabu: [((1,15,7.071),1), ((15,18,15.033),1), ((16,11,28.844),1), ((11,1,17.263),1), ((6,7,17.029),2), ((7,10,19.723),2), ((16,11,28.844),2), ((7,11,14.142),1), ((13,5,44.822),3), ((5,4,2.828),3), ((9,2,26.571),3), ((2,3,8.544),3), ((5,9,19.105),2)]

+-+-+-+-+-+-+-+-+-+-+-+-+-+-+-+-+-+-+-+-+-+-+-+-+- Iteracion 2838  +-+-+-+-+-+-+-+-+-+-+-+-+-+-+-+-+-+-+-+-+-+-+-+-+-


+-+-+-+-+-+-+-+-+-+-+-+-+-+-+-+-+-+-+-+-+-+-+-+-+- Iteracion 2838  +-+-+-+-+-+-+-+-+-+-+-+-+-+-+-+-+-+-+-+-+-+-+-+-+-

Solucion peor. Costo: 411.35400000000004
Lista tabu: [((6,7,17.029),1), ((7,10,19.723),1), ((9,2,26.571),1), ((1,17,9.849),1), ((17,20,20.809),1), ((18,21,11.314),1), ((21,19,12.042),1), ((15,18,15.033),2), ((18,21,11.314),2), ((1,13,11.18),2), ((13,5,44.822),2), ((15,13,13.454),1), ((3,8,19.105),3), ((8,6,5.385),3), ((7,2,18.682),3), ((7,8,15.524),2)]

+-+-+-+-+-+-+-+-+-+-+-+-+-+-+-+-+-+-+-+-+-+-+-+-+- Iteracion 3142  +-+-+-+-+-+-+-+-+-+-+-+-+-+-+-+-+-+-+-+-+-+-+-+-+-


+-+-+-+-+-+-+-+-+-+-+-+-+-+-+-+-+-+-+-+-+-+-+-+-+- Iteracion 3142  +-+-+-+-+-+-+-+-+-+-+-+-+-+-+-+-+-+-+-+-+-+-+-+-+-

Solucion peor. Costo: 535.171
Lista tabu: [((12,14,17.029),3), ((14,1,16.031),3), ((6,16,39.013),3), ((16,15,18.0),3), ((14,15,18.028),2)]

+-+-+-+-+-+-+-+-+-+-+-+-+-+-+-+-+-+-+-+-+-+-+-+-+- Iteracion 3143  +-+-+-+-+-+-+-+-+-+-+-+-+-+-+-+-+-+-+-+-+-+-+-+-+-


+-+-+-+-+-+-+-+-+-+-+-+-+-+-+-+-+-+-+-+-+-+-+-+-+- Iteracion 3143  +-+-+-+-+-+-+-+-+-+-+-+-+-+-+-+-+-+-+-+-+-+-+-+-+-

Solucion peor. Costo: 532.3870000000001
Lista tabu: [((12,14,17.029),2), ((14,1,16.031),2), ((6,16,39.013),2), ((16,15,18.0),2), ((14,15,18.028),1), ((6,14,47.381),5), ((14,15,18.028),5), ((5,13,44.822),5), ((13,1,11.18),5), ((15,13,13.454),3)]

+-+-+-+-+-+-+-+-+-+-+-+-+-+-+-+-+-+-+-+-+-+-+-+-+- Iteracion 3144  +-+-+-+-+-+-+-+-+-+-+-+-+-+-+-+-+-+-+-+-+-+-+-+-+-


+-+-+-+-+-+-+-+-+-+-+-+-+-+-+-+-+-+-+-+-+-+-+-+-+- Iteracion 3144  +-+-+-+-+-+-+-+-+-+-+-+-+-+-+-+-+-+-+-+-+-+-+-+-+-

Solucion peor. Costo: 530.404
Lista tabu: [((12,14,17.029),1), ((14,1,16.031),1), ((6,16,39.013),1), ((16,15,18.0),1), ((6,14,47.381),4), ((14,15,18.028),4), ((5,13,44.822),4), ((13,1,11.18),4), ((15,13,13.454),2), ((8,9,19.235),5), ((9,11,9.22),5), ((5,14,38.013),5), ((5,9,19.105),3)]

+-+-+-+-+-+-+-+-+-+-+-+-+-+-+-+-+-+-+-+-+-+-+-+-+- Iteracion 3148  +-+-+-+-+-+-+-+-+-+-+-+-+-+-+-+-+-+-+-+-+-+-+-+-+-


+-+-+-+-+-+-+-+-+-+-+-+-+-+-+-+-+-+-+-+-+-+-+-+-+- Iteracion 3148  +-+-+-+-+-+-+-+-+-+-+-+-+-+-+-+-+-+-+-+-+-+-+-+-+-

Solucion peor. Costo: 514.548
Lista tabu: [((8,9,19.235),1), ((9,11,9.22),1), ((5,14,38.013),1), ((12,4,23.087),2), ((5,9,19.105),2), ((10,18,45.88),1), ((18,21,11.314),1), ((20,22,12.207),1), ((22,1,33.541),1), ((10,18,45.88),2), ((18,21,11.314),2), ((20,22,12.207),2), ((22,1,33.541),2), ((18,20,18.439),1), ((1,7,31.016),3), ((7,2,18.682),3), ((8,11,16.401),3), ((7,11,14.142),2)]

+-+-+-+-+-+-+-+-+-+-+-+-+-+-+-+-+-+-+-+-+-+-+-+-+- Iteracion 3149  +-+-+-+-+-+-+-+-+-+-+-+-+-+-+-+-+-+-+-+-+-+-+-+-+-


+-+-+-+-+-+-+-+-+-+-+-+-+-+-+-+-+-+-+-+-+-+-+-+-+- Iteracion 3149  +-+-+-+-+-+-+-+-+-+-+-+-+-+-+-+-+-+-+-+-+-+-+-+-+-

Solucion peor. Costo: 465.333
Lista tabu: [((12,4,23.087),1), ((5,9,19.105),1), ((10,18,45.88),1), ((18,21,11.314),1), ((20,22,12.207),1), ((22,1,33.541),1), ((1,7,31.016),2), ((7,2,18.682),2), ((8,11,16.401),2), ((7,11,14.142),1), ((14,9,28.178),5), ((12,16,42.72),5), ((12,14,17.029),3)]

+-+-+-+-+-+-+-+-+-+-+-+-+-+-+-+-+-+-+-+-+-+-+-+-+- Iteracion 3151  +-+-+-+-+-+-+-+-+-+-+-+-+-+-+-+-+-+-+-+-+-+-+-+-+-


+-+-+-+-+-+-+-+-+-+-+-+-+-+-+-+-+-+-+-+-+-+-+-+-+- Iteracion 3151  +-+-+-+-+-+-+-+-+-+-+-+-+-+-+-+-+-+-+-+-+-+-+-+-+-

Solucion peor. Costo: 448.39
Lista tabu: [((14,9,28.178),3), ((12,16,42.72),3), ((12,14,17.029),1), ((6,13,30.806),4), ((19,8,49.092),4), ((6,8,5.385),2), ((12,5,21.0),3), ((4,9,19.209),3), ((5,9,19.105),2)]

+-+-+-+-+-+-+-+-+-+-+-+-+-+-+-+-+-+-+-+-+-+-+-+-+- Iteracion 3152  +-+-+-+-+-+-+-+-+-+-+-+-+-+-+-+-+-+-+-+-+-+-+-+-+-


+-+-+-+-+-+-+-+-+-+-+-+-+-+-+-+-+-+-+-+-+-+-+-+-+- Iteracion 3152  +-+-+-+-+-+-+-+-+-+-+-+-+-+-+-+-+-+-+-+-+-+-+-+-+-

Solucion peor. Costo: 441.65200000000004
Lista tabu: [((14,9,28.178),2), ((12,16,42.72),2), ((6,13,30.806),3), ((19,8,49.092),3), ((6,8,5.385),1), ((12,5,21.0),2), ((4,9,19.209),2), ((5,9,19.105),1), ((8,11,16.401),5), ((11,1,17.263),5), ((1,10,27.659),5), ((10,18,45.88),5), ((8,10,6.325),3)]

+-+-+-+-+-+-+-+-+-+-+-+-+-+-+-+-+-+-+-+-+-+-+-+-+- Iteracion 3155  +-+-+-+-+-+-+-+-+-+-+-+-+-+-+-+-+-+-+-+-+-+-+-+-+-


+-+-+-+-+-+-+-+-+-+-+-+-+-+-+-+-+-+-+-+-+-+-+-+-+- Iteracion 3155  +-+-+-+-+-+-+-+-+-+-+-+-+-+-+-+-+-+-+-+-+-+-+-+-+-

Solucion peor. Costo: 430.55000000000007
Lista tabu: [((8,11,16.401),2), ((11,1,17.263),2), ((1,10,27.659),2), ((10,18,45.88),2), ((13,15,13.454),3), ((15,1,7.071),3), ((1,17,9.849),3), ((15,17,5.385),1), ((8,10,6.325),2), ((10,1,27.659),2), ((1,11,17.263),2), ((11,18,39.013),2), ((8,11,16.401),1), ((4,9,19.209),3), ((9,16,38.013),3), ((1,7,31.016),3), ((7,2,18.682),3), ((4,7,17.889),2)]

+-+-+-+-+-+-+-+-+-+-+-+-+-+-+-+-+-+-+-+-+-+-+-+-+- Iteracion 3158  +-+-+-+-+-+-+-+-+-+-+-+-+-+-+-+-+-+-+-+-+-+-+-+-+-


+-+-+-+-+-+-+-+-+-+-+-+-+-+-+-+-+-+-+-+-+-+-+-+-+- Iteracion 3158  +-+-+-+-+-+-+-+-+-+-+-+-+-+-+-+-+-+-+-+-+-+-+-+-+-

Solucion peor. Costo: 427.956
Lista tabu: [((11,18,39.013),3), ((13,1,11.18),3), ((11,13,17.0),1), ((4,9,19.209),2), ((9,16,38.013),2), ((1,7,31.016),2), ((7,2,18.682),2), ((4,7,17.889),1), ((8,10,6.325),3), ((10,1,27.659),3), ((1,11,17.263),3), ((11,13,17.0),3), ((8,11,16.401),2)]

+-+-+-+-+-+-+-+-+-+-+-+-+-+-+-+-+-+-+-+-+-+-+-+-+- Iteracion 3465  +-+-+-+-+-+-+-+-+-+-+-+-+-+-+-+-+-+-+-+-+-+-+-+-+-


+-+-+-+-+-+-+-+-+-+-+-+-+-+-+-+-+-+-+-+-+-+-+-+-+- Iteracion 3465  +-+-+-+-+-+-+-+-+-+-+-+-+-+-+-+-+-+-+-+-+-+-+-+-+-

Solucion peor. Costo: 510.89099999999996
Lista tabu: [((1,9,24.187),3), ((13,19,25.298),3), ((1,13,11.18),2)]

+-+-+-+-+-+-+-+-+-+-+-+-+-+-+-+-+-+-+-+-+-+-+-+-+- Iteracion 3466  +-+-+-+-+-+-+-+-+-+-+-+-+-+-+-+-+-+-+-+-+-+-+-+-+-


+-+-+-+-+-+-+-+-+-+-+-+-+-+-+-+-+-+-+-+-+-+-+-+-+- Iteracion 3466  +-+-+-+-+-+-+-+-+-+-+-+-+-+-+-+-+-+-+-+-+-+-+-+-+-

Solucion peor. Costo: 494.068
Lista tabu: [((1,9,24.187),2), ((13,19,25.298),2), ((1,13,11.18),1), ((7,10,19.723),5), ((10,1,27.659),5), ((8,6,5.385),5), ((10,6,11.0),3)]

+-+-+-+-+-+-+-+-+-+-+-+-+-+-+-+-+-+-+-+-+-+-+-+-+- Iteracion 3470  +-+-+-+-+-+-+-+-+-+-+-+-+-+-+-+-+-+-+-+-+-+-+-+-+-


+-+-+-+-+-+-+-+-+-+-+-+-+-+-+-+-+-+-+-+-+-+-+-+-+- Iteracion 3470  +-+-+-+-+-+-+-+-+-+-+-+-+-+-+-+-+-+-+-+-+-+-+-+-+-

Solucion peor. Costo: 451.876
Lista tabu: [((7,10,19.723),1), ((10,1,27.659),1), ((8,6,5.385),1), ((11,9,9.22),2), ((9,19,50.99),2), ((7,1,31.016),2), ((1,15,7.071),1), ((15,21,24.698),1), ((13,11,17.0),1), ((11,19,42.154),1), ((10,6,11.0),2), ((2,7,18.682),2), ((6,7,17.029),1), ((7,9,8.062),3), ((9,1,24.187),3), ((11,19,42.154),3), ((9,11,9.22),2)]

+-+-+-+-+-+-+-+-+-+-+-+-+-+-+-+-+-+-+-+-+-+-+-+-+- Iteracion 3478  +-+-+-+-+-+-+-+-+-+-+-+-+-+-+-+-+-+-+-+-+-+-+-+-+-


La solución anterior duró 0min 2seg    -------> Nuevo optimo local. Costo: 388.003       ==> Optimo: 375.0  Desvio: 3.5000000000000004%
Lista tabu: [((10,6,11.0),1), ((2,7,18.682),1), ((10,6,11.0),2), ((13,11,17.0),2), ((10,11,15.524),1), ((8,10,6.325),3), ((10,6,11.0),3), ((13,11,17.0),3), ((11,19,42.154),3), ((8,11,16.401),2)]

+-+-+-+-+-+-+-+-+-+-+-+-+-+-+-+-+-+-+-+-+-+-+-+-+- Iteracion 3480  +-+-+-+-+-+-+-+-+-+-+-+-+-+-+-+-+-+-+-+-+-+-+-+-+-


La solución anterior duró 0min 0seg    -------> Nuevo optimo local. Costo: 378.662       ==> Optimo: 375.0  Desvio: 1.0%
Lista tabu: [((8,10,6.325),1), ((10,6,11.0),1), ((13,11,17.0),1), ((11,19,42.154),1), ((4,16,57.201),4), ((16,1,20.248),4), ((13,11,17.0),4), ((11,19,42.154),4), ((16,19,15.0),2), ((2,7,18.682),3), ((7,9,8.062),3), ((11,4,28.425),3), ((7,11,14.142),2)]

+-+-+-+-+-+-+-+-+-+-+-+-+-+-+-+-+-+-+-+-+-+-+-+-+- Iteracion 3482  +-+-+-+-+-+-+-+-+-+-+-+-+-+-+-+-+-+-+-+-+-+-+-+-+-


La solución anterior duró 0min 0seg    -------> Nuevo optimo local. Costo: 377.433       ==> Optimo: 375.0  Desvio: 0.6%
Lista tabu: [((4,16,57.201),2), ((16,1,20.248),2), ((13,11,17.0),2), ((11,19,42.154),2), ((2,7,18.682),1), ((7,9,8.062),1), ((11,4,28.425),1), ((1,8,31.385),4), ((10,6,11.0),4), ((8,6,5.385),2), ((9,7,8.062),3), ((7,2,18.682),3), ((11,4,28.425),3), ((7,11,14.142),2)]

+-+-+-+-+-+-+-+-+-+-+-+-+-+-+-+-+-+-+-+-+-+-+-+-+- Iteracion 5184  +-+-+-+-+-+-+-+-+-+-+-+-+-+-+-+-+-+-+-+-+-+-+-+-+-


+-+-+-+-+-+-+-+-+-+-+-+-+-+-+-+-+-+-+-+-+-+-+-+-+- Iteracion 5184  +-+-+-+-+-+-+-+-+-+-+-+-+-+-+-+-+-+-+-+-+-+-+-+-+-

Solucion peor. Costo: 427.294
Lista tabu: [((1,14,16.031),3), ((11,10,15.524),3), ((1,11,17.263),2)]

+-+-+-+-+-+-+-+-+-+-+-+-+-+-+-+-+-+-+-+-+-+-+-+-+- Iteracion 5185  +-+-+-+-+-+-+-+-+-+-+-+-+-+-+-+-+-+-+-+-+-+-+-+-+-


+-+-+-+-+-+-+-+-+-+-+-+-+-+-+-+-+-+-+-+-+-+-+-+-+- Iteracion 5185  +-+-+-+-+-+-+-+-+-+-+-+-+-+-+-+-+-+-+-+-+-+-+-+-+-

Solucion peor. Costo: 407.10400000000004
Lista tabu: [((1,14,16.031),2), ((11,10,15.524),2), ((1,11,17.263),1), ((14,10,40.497),5), ((10,9,21.213),5), ((8,6,5.385),5), ((10,6,11.0),3)]

+-+-+-+-+-+-+-+-+-+-+-+-+-+-+-+-+-+-+-+-+-+-+-+-+- Iteracion 5186  +-+-+-+-+-+-+-+-+-+-+-+-+-+-+-+-+-+-+-+-+-+-+-+-+-


+-+-+-+-+-+-+-+-+-+-+-+-+-+-+-+-+-+-+-+-+-+-+-+-+- Iteracion 5186  +-+-+-+-+-+-+-+-+-+-+-+-+-+-+-+-+-+-+-+-+-+-+-+-+-

Solucion peor. Costo: 406.98299999999995
Lista tabu: [((1,14,16.031),1), ((11,10,15.524),1), ((14,10,40.497),4), ((10,9,21.213),4), ((8,6,5.385),4), ((10,6,11.0),2), ((1,11,17.263),5), ((14,9,28.178),5), ((9,11,9.22),3)]

+-+-+-+-+-+-+-+-+-+-+-+-+-+-+-+-+-+-+-+-+-+-+-+-+- Iteracion 5191  +-+-+-+-+-+-+-+-+-+-+-+-+-+-+-+-+-+-+-+-+-+-+-+-+-


+-+-+-+-+-+-+-+-+-+-+-+-+-+-+-+-+-+-+-+-+-+-+-+-+- Iteracion 5191  +-+-+-+-+-+-+-+-+-+-+-+-+-+-+-+-+-+-+-+-+-+-+-+-+-

Solucion peor. Costo: 397.763
Lista tabu: [((1,8,31.385),1), ((8,10,6.325),1), ((6,3,14.56),1), ((10,6,11.0),1), ((6,8,5.385),1), ((2,7,18.682),1), ((2,7,18.682),2), ((7,1,31.016),2), ((4,9,19.209),2), ((9,11,9.22),2), ((7,11,14.142),1), ((11,12,20.025),3), ((6,8,5.385),3), ((8,11,16.401),2)]

+-+-+-+-+-+-+-+-+-+-+-+-+-+-+-+-+-+-+-+-+-+-+-+-+- Iteracion 5212  +-+-+-+-+-+-+-+-+-+-+-+-+-+-+-+-+-+-+-+-+-+-+-+-+-


La solución anterior duró 0min 1seg    -------> Nuevo optimo local. Costo: 375.282       ==> Optimo: 375.0  Desvio: 0.1%
Lista tabu: [((2,7,18.682),1), ((7,1,31.016),1), ((4,9,19.209),1), ((9,11,9.22),1), ((10,8,6.325),2), ((8,6,5.385),2), ((7,1,31.016),2), ((7,8,15.524),1), ((1,17,9.849),3), ((22,15,26.926),3), ((15,17,5.385),2)]

+-+-+-+-+-+-+-+-+-+-+-+-+-+-+-+-+-+- Solucion Optima +-+-+-+-+-+-+-+-+-+-+-+-+-+-+-+-+-+-


Costo total:  375.28200000000004        Optimo real:  375.0      Desviación: 0.1%

Cantidad de iteraciones: 5213
Nro de vehiculos: 4
Capacidad Maxima/Vehiculo: 6000.0
Tiempo total: 0min 4seg
Tiempo de estancamiento: 0min 0seg
