+-+-+-+-+-+-+-+-+-+-+-+-+-+-+ GRAFO CARGADO +-+-+-+-+-+-+-+-+-+-+-+-+-+-+-
        1         2         3         4         5         6         7         8         9         10        11        12        13        14        15        16        17        18        19        20        21        22
1     999999999999.0    49.366    48.083    41.785    40.719    36.715    31.016    31.385    24.187    27.659    17.263    23.345    11.18    16.031    7.071    20.248    9.849    22.091    29.069    30.529    31.623    33.541    
2     49.366    999999999999.0    8.544    23.259    25.942    20.809    18.682    24.166    26.571    30.463    32.14    40.224    47.265    54.626    56.223    57.489    58.856    71.113    72.18    78.16    79.101    82.873    
3     48.083    8.544    999999999999.0    29.833    32.28    14.56    19.849    19.105    27.803    25.318    31.016    43.139    44.102    55.758    54.571    53.235    57.871    69.051    68.184    78.0    76.105    81.492    
4     41.785    23.259    29.833    999999999999.0    2.828    33.734    17.889    33.242    19.209    37.59    28.425    23.087    45.222    40.012    48.703    57.201    49.244    63.325    69.836    65.008    73.389    72.56    
5     40.719    25.942    32.28    2.828    999999999999.0    35.355    18.974    34.482    19.105    38.484    28.284    21.0    44.822    38.013    47.539    56.851    47.802    61.984    69.116    63.008    72.236    70.859    
6     36.715    20.809    14.56    33.734    35.355    999999999999.0    17.029    5.385    22.472    11.0    21.213    38.484    30.806    47.381    42.544    39.013    46.53    56.321    54.009    67.231    62.514    69.289    
7     31.016    18.682    19.849    17.889    18.974    17.029    999999999999.0    15.524    8.062    19.723    14.142    23.431    30.676    36.235    38.0    42.048    40.311    53.009    55.973    59.481    61.66    64.382    
8     31.385    24.166    19.105    33.242    34.482    5.385    15.524    999999999999.0    19.235    6.325    16.401    34.785    25.495    42.521    37.162    34.132    41.183    50.961    49.092    61.911    57.315    63.906    
9     24.187    26.571    27.803    19.209    19.105    22.472    8.062    19.235    999999999999.0    21.213    9.22    16.125    26.077    28.178    31.257    38.013    33.015    46.271    50.99    51.662    55.543    57.079    
10    27.659    30.463    25.318    37.59    38.484    11.0    19.723    6.325    21.213    999999999999.0    15.524    35.355    20.248    40.497    32.757    28.018    37.202    45.88    43.012    58.009    51.624    59.093    
11    17.263    32.14    31.016    28.425    28.284    21.213    14.142    16.401    9.22    15.524    999999999999.0    20.025    17.0    26.173    24.083    28.844    26.926    39.013    42.154    47.011    47.518    50.804    
12    23.345    40.224    43.139    23.087    21.0    38.484    23.431    34.785    16.125    35.355    20.025    999999999999.0    31.305    17.029    29.206    42.72    28.178    42.485    52.345    42.012    53.339    50.22    
13    11.18    47.265    44.102    45.222    44.822    30.806    30.676    25.495    26.077    20.248    17.0    31.305    999999999999.0    27.166    13.454    12.042    18.601    25.632    25.298    38.897    32.016    38.91    
14    16.031    54.626    55.758    40.012    38.013    47.381    36.235    42.521    28.178    40.497    26.173    17.029    27.166    999999999999.0    18.028    35.511    14.422    27.659    40.817    25.0    38.949    33.526    
15    7.071    56.223    54.571    48.703    47.539    42.544    38.0    37.162    31.257    32.757    24.083    29.206    13.454    18.028    999999999999.0    18.0    5.385    15.033    23.431    25.495    24.698    26.926    
16    20.248    57.489    53.235    57.201    56.851    39.013    42.048    34.132    38.013    28.018    28.844    42.72    12.042    35.511    18.0    999999999999.0    23.087    22.672    15.0    39.825    24.698    36.069    
17    9.849    58.856    57.871    49.244    47.802    46.53    40.311    41.183    33.015    37.202    26.926    28.178    18.601    14.422    5.385    23.087    999999999999.0    14.318    26.42    20.809    25.239    24.083    
18    22.091    71.113    69.051    63.325    61.984    56.321    53.009    50.961    46.271    45.88    39.013    42.485    25.632    27.659    15.033    22.672    14.318    999999999999.0    17.0    18.439    11.314    13.601    
19    29.069    72.18    68.184    69.836    69.116    54.009    55.973    49.092    50.99    43.012    42.154    52.345    25.298    40.817    23.431    15.0    26.42    17.0    999999999999.0    35.228    12.042    27.313    
20    30.529    78.16    78.0    65.008    63.008    67.231    59.481    61.911    51.662    58.009    47.011    42.012    38.897    25.0    25.495    39.825    20.809    18.439    35.228    999999999999.0    26.306    12.207    
21    31.623    79.101    76.105    73.389    72.236    62.514    61.66    57.315    55.543    51.624    47.518    53.339    32.016    38.949    24.698    24.698    25.239    11.314    12.042    26.306    999999999999.0    16.279    
22    33.541    82.873    81.492    72.56    70.859    69.289    64.382    63.906    57.079    59.093    50.804    50.22    38.91    33.526    26.926    36.069    24.083    13.601    27.313    12.207    16.279    999999999999.0    


Demandas:
1: 0.0
2: 1100.0
3: 700.0
4: 800.0
5: 1400.0
6: 2100.0
7: 400.0
8: 800.0
9: 100.0
10: 500.0
11: 600.0
12: 1200.0
13: 1300.0
14: 1300.0
15: 300.0
16: 900.0
17: 2100.0
18: 1000.0
19: 900.0
20: 2500.0
21: 1800.0
22: 700.0
+-+-+-+-+-+-+-+-+-+-+-+-+-+-+-+ SOLUCION INICIAL +-+-+-+-+-+-+-+-+-+-+-+-+-+-+-+-

+-+-+-+-+-+-+-+-+-+-+-+-+-+-+-+-+-+-+-+-+-+-+-+-+- Iteracion 4  +-+-+-+-+-+-+-+-+-+-+-+-+-+-+-+-+-+-+-+-+-+-+-+-+-


La solución anterior duró 0min 0seg    -------> Nuevo optimo local. Costo: 467.215       ==> Optimo: 375.0  Desvio: 24.6%
Lista tabu: [((1,13,11.18),1), ((17,15,5.385),1), ((7,3,19.849),2), ((6,8,5.385),2), ((6,7,17.029),1), ((12,14,17.029),3), ((14,1,16.031),3), ((16,18,22.672),3), ((18,17,14.318),3), ((14,17,14.422),2)]

+-+-+-+-+-+-+-+-+-+-+-+-+-+-+-+-+-+-+-+-+-+-+-+-+- Iteracion 5  +-+-+-+-+-+-+-+-+-+-+-+-+-+-+-+-+-+-+-+-+-+-+-+-+-


La solución anterior duró 0min 0seg    -------> Nuevo optimo local. Costo: 463.939       ==> Optimo: 375.0  Desvio: 23.7%
Lista tabu: [((7,3,19.849),1), ((6,8,5.385),1), ((12,14,17.029),2), ((14,1,16.031),2), ((16,18,22.672),2), ((18,17,14.318),2), ((14,17,14.422),1), ((2,9,26.571),5), ((9,7,8.062),5), ((11,5,28.284),5), ((9,5,19.105),3)]

+-+-+-+-+-+-+-+-+-+-+-+-+-+-+-+-+-+-+-+-+-+-+-+-+- Iteracion 8  +-+-+-+-+-+-+-+-+-+-+-+-+-+-+-+-+-+-+-+-+-+-+-+-+-


La solución anterior duró 0min 0seg    -------> Nuevo optimo local. Costo: 413.924       ==> Optimo: 375.0  Desvio: 10.4%
Lista tabu: [((2,9,26.571),2), ((9,7,8.062),2), ((11,5,28.284),2), ((16,18,22.672),3), ((18,17,14.318),3), ((21,19,12.042),3), ((19,1,29.069),3), ((18,21,11.314),1), ((17,15,5.385),2), ((15,1,7.071),2), ((12,14,17.029),2), ((14,15,18.028),1), ((16,19,15.0),3), ((19,17,26.42),3), ((21,18,11.314),3), ((18,1,22.091),3), ((17,18,14.318),2)]

+-+-+-+-+-+-+-+-+-+-+-+-+-+-+-+-+-+-+-+-+-+-+-+-+- Iteracion 15  +-+-+-+-+-+-+-+-+-+-+-+-+-+-+-+-+-+-+-+-+-+-+-+-+-


La solución anterior duró 0min 0seg    -------> Nuevo optimo local. Costo: 396.921       ==> Optimo: 375.0  Desvio: 5.800000000000001%
Lista tabu: [((3,6,14.56),1), ((8,10,6.325),1), ((12,14,17.029),2), ((14,1,16.031),2), ((16,19,15.0),2), ((19,17,26.42),2), ((14,17,14.422),1), ((11,9,9.22),3), ((5,12,21.0),3), ((9,12,16.125),2)]

+-+-+-+-+-+-+-+-+-+-+-+-+-+-+-+-+-+-+-+-+-+-+-+-+- Iteracion 19  +-+-+-+-+-+-+-+-+-+-+-+-+-+-+-+-+-+-+-+-+-+-+-+-+-


La solución anterior duró 0min 0seg    -------> Nuevo optimo local. Costo: 390.347       ==> Optimo: 375.0  Desvio: 4.1000000000000005%
Lista tabu: [((2,7,18.682),2), ((7,3,19.849),2), ((11,9,9.22),2), ((11,7,14.142),1), ((7,9,8.062),1), ((6,8,5.385),1), ((3,6,14.56),2), ((8,10,6.325),2), ((6,10,11.0),1), ((12,14,17.029),3), ((14,1,16.031),3), ((16,19,15.0),3), ((19,17,26.42),3), ((14,17,14.422),2)]

+-+-+-+-+-+-+-+-+-+-+-+-+-+-+-+-+-+-+-+-+-+-+-+-+- Iteracion 21  +-+-+-+-+-+-+-+-+-+-+-+-+-+-+-+-+-+-+-+-+-+-+-+-+-


La solución anterior duró 0min 0seg    -------> Nuevo optimo local. Costo: 387.934       ==> Optimo: 375.0  Desvio: 3.4000000000000004%
Lista tabu: [((12,14,17.029),1), ((14,1,16.031),1), ((16,19,15.0),1), ((19,17,26.42),1), ((19,17,26.42),4), ((22,21,16.279),4), ((19,21,12.042),2), ((1,11,17.263),3), ((11,7,14.142),3), ((10,1,27.659),3), ((10,11,15.524),2)]

+-+-+-+-+-+-+-+-+-+-+-+-+-+-+-+-+-+-+-+-+-+-+-+-+- Iteracion 23  +-+-+-+-+-+-+-+-+-+-+-+-+-+-+-+-+-+-+-+-+-+-+-+-+-


La solución anterior duró 0min 0seg    -------> Nuevo optimo local. Costo: 381.692       ==> Optimo: 375.0  Desvio: 1.7999999999999998%
Lista tabu: [((19,17,26.42),2), ((22,21,16.279),2), ((1,11,17.263),1), ((11,7,14.142),1), ((10,1,27.659),1), ((22,17,24.083),4), ((17,15,5.385),4), ((1,20,30.529),4), ((1,17,9.849),2), ((3,6,14.56),3), ((8,10,6.325),3), ((6,10,11.0),2)]

+-+-+-+-+-+-+-+-+-+-+-+-+-+-+-+-+-+-+-+-+-+-+-+-+- Iteracion 342  +-+-+-+-+-+-+-+-+-+-+-+-+-+-+-+-+-+-+-+-+-+-+-+-+-


La solución anterior duró 0min 0seg    -------> Nuevo optimo local. Costo: 375.282       ==> Optimo: 375.0  Desvio: 0.1%
Lista tabu: [((11,9,9.22),1), ((9,7,8.062),1), ((5,12,21.0),1), ((3,6,14.56),2), ((8,10,6.325),2), ((3,8,19.105),1), ((11,9,9.22),3), ((9,7,8.062),3), ((8,10,6.325),3), ((8,9,19.235),2)]

+-+-+-+-+-+-+-+-+-+-+-+-+-+-+-+-+-+- Solucion Optima +-+-+-+-+-+-+-+-+-+-+-+-+-+-+-+-+-+-


Costo total:  375.28200000000004        Optimo real:  375.0      Desviación: 0.1%

Cantidad de iteraciones: 343
Nro de vehiculos: 4
Capacidad Maxima/Vehiculo: 6000.0
Tiempo total: 0min 0seg
Tiempo de estancamiento: 0min 0seg
