+-+-+-+-+-+-+-+-+-+-+-+-+-+-+ GRAFO CARGADO +-+-+-+-+-+-+-+-+-+-+-+-+-+-+-
        1         2         3         4         5         6         7         8         9         10        11        12        13        14        15        16        17        18        19        20        21        22
1     999999999999.0    49.366    48.083    41.785    40.719    36.715    31.016    31.385    24.187    27.659    17.263    23.345    11.18    16.031    7.071    20.248    9.849    22.091    29.069    30.529    31.623    33.541    
2     49.366    999999999999.0    8.544    23.259    25.942    20.809    18.682    24.166    26.571    30.463    32.14    40.224    47.265    54.626    56.223    57.489    58.856    71.113    72.18    78.16    79.101    82.873    
3     48.083    8.544    999999999999.0    29.833    32.28    14.56    19.849    19.105    27.803    25.318    31.016    43.139    44.102    55.758    54.571    53.235    57.871    69.051    68.184    78.0    76.105    81.492    
4     41.785    23.259    29.833    999999999999.0    2.828    33.734    17.889    33.242    19.209    37.59    28.425    23.087    45.222    40.012    48.703    57.201    49.244    63.325    69.836    65.008    73.389    72.56    
5     40.719    25.942    32.28    2.828    999999999999.0    35.355    18.974    34.482    19.105    38.484    28.284    21.0    44.822    38.013    47.539    56.851    47.802    61.984    69.116    63.008    72.236    70.859    
6     36.715    20.809    14.56    33.734    35.355    999999999999.0    17.029    5.385    22.472    11.0    21.213    38.484    30.806    47.381    42.544    39.013    46.53    56.321    54.009    67.231    62.514    69.289    
7     31.016    18.682    19.849    17.889    18.974    17.029    999999999999.0    15.524    8.062    19.723    14.142    23.431    30.676    36.235    38.0    42.048    40.311    53.009    55.973    59.481    61.66    64.382    
8     31.385    24.166    19.105    33.242    34.482    5.385    15.524    999999999999.0    19.235    6.325    16.401    34.785    25.495    42.521    37.162    34.132    41.183    50.961    49.092    61.911    57.315    63.906    
9     24.187    26.571    27.803    19.209    19.105    22.472    8.062    19.235    999999999999.0    21.213    9.22    16.125    26.077    28.178    31.257    38.013    33.015    46.271    50.99    51.662    55.543    57.079    
10    27.659    30.463    25.318    37.59    38.484    11.0    19.723    6.325    21.213    999999999999.0    15.524    35.355    20.248    40.497    32.757    28.018    37.202    45.88    43.012    58.009    51.624    59.093    
11    17.263    32.14    31.016    28.425    28.284    21.213    14.142    16.401    9.22    15.524    999999999999.0    20.025    17.0    26.173    24.083    28.844    26.926    39.013    42.154    47.011    47.518    50.804    
12    23.345    40.224    43.139    23.087    21.0    38.484    23.431    34.785    16.125    35.355    20.025    999999999999.0    31.305    17.029    29.206    42.72    28.178    42.485    52.345    42.012    53.339    50.22    
13    11.18    47.265    44.102    45.222    44.822    30.806    30.676    25.495    26.077    20.248    17.0    31.305    999999999999.0    27.166    13.454    12.042    18.601    25.632    25.298    38.897    32.016    38.91    
14    16.031    54.626    55.758    40.012    38.013    47.381    36.235    42.521    28.178    40.497    26.173    17.029    27.166    999999999999.0    18.028    35.511    14.422    27.659    40.817    25.0    38.949    33.526    
15    7.071    56.223    54.571    48.703    47.539    42.544    38.0    37.162    31.257    32.757    24.083    29.206    13.454    18.028    999999999999.0    18.0    5.385    15.033    23.431    25.495    24.698    26.926    
16    20.248    57.489    53.235    57.201    56.851    39.013    42.048    34.132    38.013    28.018    28.844    42.72    12.042    35.511    18.0    999999999999.0    23.087    22.672    15.0    39.825    24.698    36.069    
17    9.849    58.856    57.871    49.244    47.802    46.53    40.311    41.183    33.015    37.202    26.926    28.178    18.601    14.422    5.385    23.087    999999999999.0    14.318    26.42    20.809    25.239    24.083    
18    22.091    71.113    69.051    63.325    61.984    56.321    53.009    50.961    46.271    45.88    39.013    42.485    25.632    27.659    15.033    22.672    14.318    999999999999.0    17.0    18.439    11.314    13.601    
19    29.069    72.18    68.184    69.836    69.116    54.009    55.973    49.092    50.99    43.012    42.154    52.345    25.298    40.817    23.431    15.0    26.42    17.0    999999999999.0    35.228    12.042    27.313    
20    30.529    78.16    78.0    65.008    63.008    67.231    59.481    61.911    51.662    58.009    47.011    42.012    38.897    25.0    25.495    39.825    20.809    18.439    35.228    999999999999.0    26.306    12.207    
21    31.623    79.101    76.105    73.389    72.236    62.514    61.66    57.315    55.543    51.624    47.518    53.339    32.016    38.949    24.698    24.698    25.239    11.314    12.042    26.306    999999999999.0    16.279    
22    33.541    82.873    81.492    72.56    70.859    69.289    64.382    63.906    57.079    59.093    50.804    50.22    38.91    33.526    26.926    36.069    24.083    13.601    27.313    12.207    16.279    999999999999.0    


Demandas:
1: 0.0
2: 1100.0
3: 700.0
4: 800.0
5: 1400.0
6: 2100.0
7: 400.0
8: 800.0
9: 100.0
10: 500.0
11: 600.0
12: 1200.0
13: 1300.0
14: 1300.0
15: 300.0
16: 900.0
17: 2100.0
18: 1000.0
19: 900.0
20: 2500.0
21: 1800.0
22: 700.0
+-+-+-+-+-+-+-+-+-+-+-+-+-+-+-+ SOLUCION INICIAL +-+-+-+-+-+-+-+-+-+-+-+-+-+-+-+-

+-+-+-+-+-+-+-+-+-+-+-+-+-+-+-+-+-+-+-+-+-+-+-+-+- Iteracion 1  +-+-+-+-+-+-+-+-+-+-+-+-+-+-+-+-+-+-+-+-+-+-+-+-+-


La solución anterior duró 0min 0seg    -------> Nuevo optimo local. Costo: 433.147       ==> Optimo: 375.0  Desvio: 15.5%
Lista tabu: []

+-+-+-+-+-+-+-+-+-+-+-+-+-+-+-+-+-+-+-+-+-+-+-+-+- Iteracion 5  +-+-+-+-+-+-+-+-+-+-+-+-+-+-+-+-+-+-+-+-+-+-+-+-+-


La solución anterior duró 0min 0seg    -------> Nuevo optimo local. Costo: 431.426       ==> Optimo: 375.0  Desvio: 15.0%
Lista tabu: [((1,4,41.785),2), ((11,5,28.284),2), ((1,13,11.18),1), ((17,15,5.385),1), ((13,16,12.042),2), ((16,18,22.672),2), ((21,19,12.042),2), ((19,1,29.069),2), ((18,19,17.0),1), ((9,7,8.062),3), ((7,3,19.849),3), ((4,11,28.425),3), ((7,11,14.142),2)]

+-+-+-+-+-+-+-+-+-+-+-+-+-+-+-+-+-+-+-+-+-+-+-+-+- Iteracion 8  +-+-+-+-+-+-+-+-+-+-+-+-+-+-+-+-+-+-+-+-+-+-+-+-+-


La solución anterior duró 0min 0seg    -------> Nuevo optimo local. Costo: 401.771       ==> Optimo: 375.0  Desvio: 7.1%
Lista tabu: [((2,9,26.571),3), ((9,7,8.062),3), ((12,5,21.0),3), ((12,9,16.125),1), ((13,16,12.042),2), ((16,18,22.672),2), ((21,19,12.042),2), ((19,1,29.069),2), ((18,19,17.0),1), ((8,10,6.325),3), ((10,1,27.659),3), ((4,11,28.425),3), ((10,11,15.524),2)]

+-+-+-+-+-+-+-+-+-+-+-+-+-+-+-+-+-+-+-+-+-+-+-+-+- Iteracion 9  +-+-+-+-+-+-+-+-+-+-+-+-+-+-+-+-+-+-+-+-+-+-+-+-+-


La solución anterior duró 0min 0seg    -------> Nuevo optimo local. Costo: 388.774       ==> Optimo: 375.0  Desvio: 3.6999999999999997%
Lista tabu: [((2,9,26.571),2), ((9,7,8.062),2), ((12,5,21.0),2), ((13,16,12.042),1), ((16,18,22.672),1), ((21,19,12.042),1), ((19,1,29.069),1), ((8,10,6.325),2), ((10,1,27.659),2), ((4,11,28.425),2), ((10,11,15.524),1), ((1,2,49.366),5), ((7,3,19.849),5), ((3,2,8.544),3)]

+-+-+-+-+-+-+-+-+-+-+-+-+-+-+-+-+-+-+-+-+-+-+-+-+- Iteracion 19  +-+-+-+-+-+-+-+-+-+-+-+-+-+-+-+-+-+-+-+-+-+-+-+-+-


La solución anterior duró 0min 0seg    -------> Nuevo optimo local. Costo: 385.498       ==> Optimo: 375.0  Desvio: 2.8000000000000003%
Lista tabu: [((10,8,6.325),1), ((8,6,5.385),1), ((2,7,18.682),1), ((2,7,18.682),2), ((7,9,8.062),2), ((4,11,28.425),2), ((7,11,14.142),1), ((1,13,11.18),3), ((17,15,5.385),3), ((1,17,9.849),2)]

+-+-+-+-+-+-+-+-+-+-+-+-+-+-+-+-+-+-+-+-+-+-+-+-+- Iteracion 24  +-+-+-+-+-+-+-+-+-+-+-+-+-+-+-+-+-+-+-+-+-+-+-+-+-


La solución anterior duró 0min 0seg    -------> Nuevo optimo local. Costo: 384.269       ==> Optimo: 375.0  Desvio: 2.5%
Lista tabu: [((16,18,22.672),1), ((18,17,14.318),1), ((21,19,12.042),1), ((19,1,29.069),1), ((2,7,18.682),1), ((7,9,8.062),1), ((4,11,28.425),1), ((1,13,11.18),2), ((17,15,5.385),2), ((1,17,9.849),1), ((1,13,11.18),3), ((17,15,5.385),3), ((1,17,9.849),2)]

+-+-+-+-+-+-+-+-+-+-+-+-+-+-+-+-+-+-+-+-+-+-+-+-+- Iteracion 26  +-+-+-+-+-+-+-+-+-+-+-+-+-+-+-+-+-+-+-+-+-+-+-+-+-


La solución anterior duró 0min 0seg    -------> Nuevo optimo local. Costo: 377.695       ==> Optimo: 375.0  Desvio: 0.7000000000000001%
Lista tabu: [((1,13,11.18),1), ((17,15,5.385),1), ((7,9,8.062),4), ((9,1,24.187),4), ((4,11,28.425),4), ((9,11,9.22),2), ((4,9,19.209),3), ((9,11,9.22),3), ((7,1,31.016),3), ((7,9,8.062),2)]

+-+-+-+-+-+-+-+-+-+-+-+-+-+-+-+-+-+-+-+-+-+-+-+-+- Iteracion 31  +-+-+-+-+-+-+-+-+-+-+-+-+-+-+-+-+-+-+-+-+-+-+-+-+-


La solución anterior duró 0min 0seg    -------> Nuevo optimo local. Costo: 375.282       ==> Optimo: 375.0  Desvio: 0.1%
Lista tabu: [((19,17,26.42),1), ((22,21,16.279),1), ((2,7,18.682),1), ((7,1,31.016),1), ((4,9,19.209),1), ((9,11,9.22),1), ((4,9,19.209),2), ((9,11,9.22),2), ((7,1,31.016),2), ((7,9,8.062),1), ((2,7,18.682),3), ((7,1,31.016),3), ((4,9,19.209),3), ((9,11,9.22),3), ((7,11,14.142),2)]

+-+-+-+-+-+-+-+-+-+-+-+-+-+-+-+-+-+-+-+-+-+-+-+-+- Iteracion 1336  +-+-+-+-+-+-+-+-+-+-+-+-+-+-+-+-+-+-+-+-+-+-+-+-+-


La solución anterior duró 0min 1seg    -------> Nuevo optimo local. Costo: 375.282       ==> Optimo: 375.0  Desvio: 0.1%
Lista tabu: [((10,8,6.325),1), ((6,3,14.56),1), ((4,9,19.209),2), ((9,11,9.22),2), ((7,1,31.016),2), ((7,9,8.062),1), ((4,9,19.209),3), ((9,11,9.22),3), ((10,8,6.325),3), ((8,9,19.235),2)]

+-+-+-+-+-+-+-+-+-+-+-+-+-+-+-+-+-+-+-+-+-+-+-+-+- Iteracion 2786  +-+-+-+-+-+-+-+-+-+-+-+-+-+-+-+-+-+-+-+-+-+-+-+-+-


La solución anterior duró 0min 1seg    -------> Nuevo optimo local. Costo: 375.282       ==> Optimo: 375.0  Desvio: 0.1%
Lista tabu: [((10,8,6.325),1), ((8,6,5.385),1), ((7,1,31.016),1), ((10,8,6.325),2), ((6,3,14.56),2), ((6,10,11.0),1), ((10,8,6.325),3), ((6,3,14.56),3), ((3,8,19.105),2)]

+-+-+-+-+-+-+-+-+-+-+-+-+-+-+-+-+-+-+-+-+-+-+-+-+- Iteracion 4290  +-+-+-+-+-+-+-+-+-+-+-+-+-+-+-+-+-+-+-+-+-+-+-+-+-


La solución anterior duró 0min 1seg    -------> Nuevo optimo local. Costo: 375.282       ==> Optimo: 375.0  Desvio: 0.1%
Lista tabu: [((2,7,18.682),1), ((7,1,31.016),1), ((12,5,21.0),1), ((6,8,5.385),2), ((8,3,19.105),2), ((7,1,31.016),2), ((7,8,15.524),1), ((22,15,26.926),3), ((15,1,7.071),3), ((1,14,16.031),3), ((14,15,18.028),2)]

+-+-+-+-+-+-+-+-+-+-+-+-+-+-+-+-+-+-+-+-+-+-+-+-+- Iteracion 5901  +-+-+-+-+-+-+-+-+-+-+-+-+-+-+-+-+-+-+-+-+-+-+-+-+-


La solución anterior duró 0min 1seg    -------> Nuevo optimo local. Costo: 375.282       ==> Optimo: 375.0  Desvio: 0.1%
Lista tabu: [((1,11,17.263),1), ((11,9,9.22),1), ((13,16,12.042),1), ((16,19,15.0),1), ((10,8,6.325),2), ((6,3,14.56),2), ((6,10,11.0),1), ((10,8,6.325),3), ((6,3,14.56),3), ((6,10,11.0),2)]

+-+-+-+-+-+-+-+-+-+-+-+-+-+-+-+-+-+-+-+-+-+-+-+-+- Iteracion 7603  +-+-+-+-+-+-+-+-+-+-+-+-+-+-+-+-+-+-+-+-+-+-+-+-+-


+-+-+-+-+-+-+-+-+-+-+-+-+-+-+-+-+-+-+-+-+-+-+-+-+- Iteracion 7603  +-+-+-+-+-+-+-+-+-+-+-+-+-+-+-+-+-+-+-+-+-+-+-+-+-

Solucion peor. Costo: 403.591
Lista tabu: [((1,8,31.385),3), ((2,7,18.682),3), ((8,7,15.524),2)]

+-+-+-+-+-+-+-+-+-+-+-+-+-+-+-+-+-+-+-+-+-+-+-+-+- Iteracion 7609  +-+-+-+-+-+-+-+-+-+-+-+-+-+-+-+-+-+-+-+-+-+-+-+-+-


+-+-+-+-+-+-+-+-+-+-+-+-+-+-+-+-+-+-+-+-+-+-+-+-+- Iteracion 7609  +-+-+-+-+-+-+-+-+-+-+-+-+-+-+-+-+-+-+-+-+-+-+-+-+-

Solucion peor. Costo: 397.351
Lista tabu: [((11,8,16.401),1), ((6,3,14.56),1), ((12,5,21.0),2), ((4,9,19.209),2), ((9,5,19.105),1), ((12,5,21.0),3), ((4,9,19.209),3), ((9,5,19.105),2)]

+-+-+-+-+-+-+-+-+-+-+-+-+-+-+-+-+-+-+-+-+-+-+-+-+- Iteracion 7613  +-+-+-+-+-+-+-+-+-+-+-+-+-+-+-+-+-+-+-+-+-+-+-+-+-


La solución anterior duró 0min 1seg    -------> Nuevo optimo local. Costo: 375.282       ==> Optimo: 375.0  Desvio: 0.1%
Lista tabu: [((9,7,8.062),2), ((7,10,19.723),2), ((2,1,49.366),2), ((2,7,18.682),1), ((7,1,31.016),1), ((5,4,2.828),1), ((11,8,16.401),2), ((2,7,18.682),2), ((8,7,15.524),1), ((20,22,12.207),3), ((22,15,26.926),3), ((21,18,11.314),3), ((18,1,22.091),3), ((15,18,15.033),2)]

+-+-+-+-+-+-+-+-+-+-+-+-+-+-+-+-+-+-+-+-+-+-+-+-+- Iteracion 9431  +-+-+-+-+-+-+-+-+-+-+-+-+-+-+-+-+-+-+-+-+-+-+-+-+-


+-+-+-+-+-+-+-+-+-+-+-+-+-+-+-+-+-+-+-+-+-+-+-+-+- Iteracion 9431  +-+-+-+-+-+-+-+-+-+-+-+-+-+-+-+-+-+-+-+-+-+-+-+-+-

Solucion peor. Costo: 378.457
Lista tabu: [((10,8,6.325),1), ((6,3,14.56),1), ((12,9,16.125),2), ((9,4,19.209),2), ((10,8,6.325),2), ((8,9,19.235),1), ((22,15,26.926),3), ((15,1,7.071),3), ((1,14,16.031),3), ((14,15,18.028),2)]

+-+-+-+-+-+-+-+-+-+-+-+-+-+-+-+-+-+-+-+-+-+-+-+-+- Iteracion 9432  +-+-+-+-+-+-+-+-+-+-+-+-+-+-+-+-+-+-+-+-+-+-+-+-+-


+-+-+-+-+-+-+-+-+-+-+-+-+-+-+-+-+-+-+-+-+-+-+-+-+- Iteracion 9432  +-+-+-+-+-+-+-+-+-+-+-+-+-+-+-+-+-+-+-+-+-+-+-+-+-

Solucion peor. Costo: 377.265
Lista tabu: [((12,9,16.125),1), ((9,4,19.209),1), ((10,8,6.325),1), ((22,15,26.926),2), ((15,1,7.071),2), ((1,14,16.031),2), ((14,15,18.028),1), ((12,9,16.125),5), ((9,4,19.209),5), ((7,1,31.016),5), ((7,9,8.062),3)]

+-+-+-+-+-+-+-+-+-+-+-+-+-+-+-+-+-+-+-+-+-+-+-+-+- Iteracion 9447  +-+-+-+-+-+-+-+-+-+-+-+-+-+-+-+-+-+-+-+-+-+-+-+-+-


La solución anterior duró 0min 1seg    -------> Nuevo optimo local. Costo: 375.282       ==> Optimo: 375.0  Desvio: 0.1%
Lista tabu: [((8,6,5.385),1), ((2,7,18.682),1), ((19,21,12.042),2), ((18,1,22.091),2), ((18,19,17.0),1), ((2,7,18.682),3), ((7,1,31.016),3), ((4,5,2.828),3), ((5,7,18.974),2)]

+-+-+-+-+-+-+-+-+-+-+-+-+-+-+-+-+-+-+-+-+-+-+-+-+- Iteracion 11352  +-+-+-+-+-+-+-+-+-+-+-+-+-+-+-+-+-+-+-+-+-+-+-+-+-


+-+-+-+-+-+-+-+-+-+-+-+-+-+-+-+-+-+-+-+-+-+-+-+-+- Iteracion 11352  +-+-+-+-+-+-+-+-+-+-+-+-+-+-+-+-+-+-+-+-+-+-+-+-+-

Solucion peor. Costo: 377.43300000000005
Lista tabu: [((4,9,19.209),1), ((9,11,9.22),1), ((10,8,6.325),1), ((1,13,11.18),2), ((13,16,12.042),2), ((15,14,18.028),2), ((14,12,17.029),2), ((13,15,13.454),1), ((12,5,21.0),3), ((4,9,19.209),3), ((5,9,19.105),2)]

+-+-+-+-+-+-+-+-+-+-+-+-+-+-+-+-+-+-+-+-+-+-+-+-+- Iteracion 11656  +-+-+-+-+-+-+-+-+-+-+-+-+-+-+-+-+-+-+-+-+-+-+-+-+-


+-+-+-+-+-+-+-+-+-+-+-+-+-+-+-+-+-+-+-+-+-+-+-+-+- Iteracion 11656  +-+-+-+-+-+-+-+-+-+-+-+-+-+-+-+-+-+-+-+-+-+-+-+-+-

Solucion peor. Costo: 419.111
Lista tabu: [((8,9,19.235),3), ((9,1,24.187),3), ((14,12,17.029),3), ((9,12,16.125),2)]

+-+-+-+-+-+-+-+-+-+-+-+-+-+-+-+-+-+-+-+-+-+-+-+-+- Iteracion 11657  +-+-+-+-+-+-+-+-+-+-+-+-+-+-+-+-+-+-+-+-+-+-+-+-+-


+-+-+-+-+-+-+-+-+-+-+-+-+-+-+-+-+-+-+-+-+-+-+-+-+- Iteracion 11657  +-+-+-+-+-+-+-+-+-+-+-+-+-+-+-+-+-+-+-+-+-+-+-+-+-

Solucion peor. Costo: 414.74
Lista tabu: [((8,9,19.235),2), ((9,1,24.187),2), ((14,12,17.029),2), ((9,12,16.125),1), ((14,9,28.178),5), ((9,12,16.125),5), ((1,7,31.016),5), ((9,7,8.062),3)]

+-+-+-+-+-+-+-+-+-+-+-+-+-+-+-+-+-+-+-+-+-+-+-+-+- Iteracion 11659  +-+-+-+-+-+-+-+-+-+-+-+-+-+-+-+-+-+-+-+-+-+-+-+-+-


+-+-+-+-+-+-+-+-+-+-+-+-+-+-+-+-+-+-+-+-+-+-+-+-+- Iteracion 11659  +-+-+-+-+-+-+-+-+-+-+-+-+-+-+-+-+-+-+-+-+-+-+-+-+-

Solucion peor. Costo: 412.435
Lista tabu: [((14,9,28.178),3), ((9,12,16.125),3), ((1,7,31.016),3), ((9,7,8.062),1), ((1,9,24.187),4), ((9,7,8.062),4), ((4,11,28.425),4), ((11,10,15.524),4), ((7,11,14.142),2), ((1,11,17.263),3), ((11,7,14.142),3), ((13,16,12.042),3), ((16,19,15.0),3), ((11,13,17.0),2)]

+-+-+-+-+-+-+-+-+-+-+-+-+-+-+-+-+-+-+-+-+-+-+-+-+- Iteracion 11662  +-+-+-+-+-+-+-+-+-+-+-+-+-+-+-+-+-+-+-+-+-+-+-+-+-


+-+-+-+-+-+-+-+-+-+-+-+-+-+-+-+-+-+-+-+-+-+-+-+-+- Iteracion 11662  +-+-+-+-+-+-+-+-+-+-+-+-+-+-+-+-+-+-+-+-+-+-+-+-+-

Solucion peor. Costo: 397.612
Lista tabu: [((1,9,24.187),1), ((9,7,8.062),1), ((4,11,28.425),1), ((11,10,15.524),1), ((2,8,24.166),3), ((8,1,31.385),3), ((7,6,17.029),3), ((8,7,15.524),1), ((7,8,15.524),2), ((6,3,14.56),2), ((3,8,19.105),1), ((7,8,15.524),3), ((6,3,14.56),3), ((3,8,19.105),2)]

+-+-+-+-+-+-+-+-+-+-+-+-+-+-+-+-+-+-+-+-+-+-+-+-+- Iteracion 11684  +-+-+-+-+-+-+-+-+-+-+-+-+-+-+-+-+-+-+-+-+-+-+-+-+-


+-+-+-+-+-+-+-+-+-+-+-+-+-+-+-+-+-+-+-+-+-+-+-+-+- Iteracion 11684  +-+-+-+-+-+-+-+-+-+-+-+-+-+-+-+-+-+-+-+-+-+-+-+-+-

Solucion peor. Costo: 391.20000000000005
Lista tabu: [((6,8,5.385),1), ((8,1,31.385),1), ((4,9,19.209),1), ((9,10,21.213),1), ((4,9,19.209),2), ((9,10,21.213),2), ((11,7,14.142),2), ((9,7,8.062),1), ((1,11,17.263),3), ((11,7,14.142),3), ((13,16,12.042),3), ((16,19,15.0),3), ((11,13,17.0),2)]

+-+-+-+-+-+-+-+-+-+-+-+-+-+-+-+-+-+-+-+-+-+-+-+-+- Iteracion 11690  +-+-+-+-+-+-+-+-+-+-+-+-+-+-+-+-+-+-+-+-+-+-+-+-+-


+-+-+-+-+-+-+-+-+-+-+-+-+-+-+-+-+-+-+-+-+-+-+-+-+- Iteracion 11690  +-+-+-+-+-+-+-+-+-+-+-+-+-+-+-+-+-+-+-+-+-+-+-+-+-

Solucion peor. Costo: 386.774
Lista tabu: [((4,9,19.209),1), ((9,11,9.22),1), ((8,1,31.385),1), ((15,17,5.385),2), ((1,14,16.031),2), ((15,14,18.028),1), ((10,7,19.723),3), ((6,8,5.385),3), ((8,7,15.524),2)]

+-+-+-+-+-+-+-+-+-+-+-+-+-+-+-+-+-+-+-+-+-+-+-+-+- Iteracion 11695  +-+-+-+-+-+-+-+-+-+-+-+-+-+-+-+-+-+-+-+-+-+-+-+-+-


+-+-+-+-+-+-+-+-+-+-+-+-+-+-+-+-+-+-+-+-+-+-+-+-+- Iteracion 11695  +-+-+-+-+-+-+-+-+-+-+-+-+-+-+-+-+-+-+-+-+-+-+-+-+-

Solucion peor. Costo: 377.433
Lista tabu: [((1,10,27.659),1), ((10,7,19.723),1), ((6,8,5.385),1), ((19,21,12.042),1), ((18,1,22.091),1), ((6,10,11.0),2), ((10,8,6.325),2), ((11,1,17.263),2), ((11,10,15.524),1), ((4,9,19.209),3), ((9,11,9.22),3), ((1,7,31.016),3), ((9,7,8.062),2)]

+-+-+-+-+-+-+-+-+-+-+-+-+-+-+-+-+-+-+-+-+-+-+-+-+- Iteracion 12022  +-+-+-+-+-+-+-+-+-+-+-+-+-+-+-+-+-+-+-+-+-+-+-+-+-


+-+-+-+-+-+-+-+-+-+-+-+-+-+-+-+-+-+-+-+-+-+-+-+-+- Iteracion 12022  +-+-+-+-+-+-+-+-+-+-+-+-+-+-+-+-+-+-+-+-+-+-+-+-+-

Solucion peor. Costo: 377.433
Lista tabu: [((15,17,5.385),1), ((1,14,16.031),1), ((8,10,6.325),2), ((10,1,27.659),2), ((4,11,28.425),2), ((11,10,15.524),1), ((1,9,24.187),3), ((9,7,8.062),3), ((12,5,21.0),3), ((9,12,16.125),2)]

+-+-+-+-+-+-+-+-+-+-+-+-+-+-+-+-+-+-+-+-+-+-+-+-+- Iteracion 12343  +-+-+-+-+-+-+-+-+-+-+-+-+-+-+-+-+-+-+-+-+-+-+-+-+-


+-+-+-+-+-+-+-+-+-+-+-+-+-+-+-+-+-+-+-+-+-+-+-+-+- Iteracion 12343  +-+-+-+-+-+-+-+-+-+-+-+-+-+-+-+-+-+-+-+-+-+-+-+-+-

Solucion peor. Costo: 377.43300000000005
Lista tabu: [((6,10,11.0),1), ((10,1,27.659),1), ((9,11,9.22),1), ((5,4,2.828),2), ((4,9,19.209),2), ((1,7,31.016),2), ((7,2,18.682),2), ((5,7,18.974),1), ((5,4,2.828),3), ((4,9,19.209),3), ((1,7,31.016),3), ((7,2,18.682),3), ((5,7,18.974),2)]

+-+-+-+-+-+-+-+-+-+-+-+-+-+-+-+-+-+-+-+-+-+-+-+-+- Iteracion 12646  +-+-+-+-+-+-+-+-+-+-+-+-+-+-+-+-+-+-+-+-+-+-+-+-+-


+-+-+-+-+-+-+-+-+-+-+-+-+-+-+-+-+-+-+-+-+-+-+-+-+- Iteracion 12646  +-+-+-+-+-+-+-+-+-+-+-+-+-+-+-+-+-+-+-+-+-+-+-+-+-

Solucion peor. Costo: 410.085
Lista tabu: [((15,17,5.385),3), ((1,14,16.031),3), ((15,14,18.028),2)]

+-+-+-+-+-+-+-+-+-+-+-+-+-+-+-+-+-+-+-+-+-+-+-+-+- Iteracion 12647  +-+-+-+-+-+-+-+-+-+-+-+-+-+-+-+-+-+-+-+-+-+-+-+-+-


+-+-+-+-+-+-+-+-+-+-+-+-+-+-+-+-+-+-+-+-+-+-+-+-+- Iteracion 12647  +-+-+-+-+-+-+-+-+-+-+-+-+-+-+-+-+-+-+-+-+-+-+-+-+-

Solucion peor. Costo: 409.94800000000004
Lista tabu: [((15,17,5.385),2), ((1,14,16.031),2), ((15,14,18.028),1), ((5,11,28.284),5), ((11,1,17.263),5), ((1,7,31.016),5), ((7,6,17.029),5), ((5,7,18.974),3)]

+-+-+-+-+-+-+-+-+-+-+-+-+-+-+-+-+-+-+-+-+-+-+-+-+- Iteracion 12648  +-+-+-+-+-+-+-+-+-+-+-+-+-+-+-+-+-+-+-+-+-+-+-+-+-


+-+-+-+-+-+-+-+-+-+-+-+-+-+-+-+-+-+-+-+-+-+-+-+-+- Iteracion 12648  +-+-+-+-+-+-+-+-+-+-+-+-+-+-+-+-+-+-+-+-+-+-+-+-+-

Solucion peor. Costo: 409.75500000000005
Lista tabu: [((15,17,5.385),1), ((1,14,16.031),1), ((5,11,28.284),4), ((11,1,17.263),4), ((1,7,31.016),4), ((7,6,17.029),4), ((5,7,18.974),2), ((11,6,21.213),5), ((8,10,6.325),5), ((10,6,11.0),3)]

+-+-+-+-+-+-+-+-+-+-+-+-+-+-+-+-+-+-+-+-+-+-+-+-+- Iteracion 12653  +-+-+-+-+-+-+-+-+-+-+-+-+-+-+-+-+-+-+-+-+-+-+-+-+-


+-+-+-+-+-+-+-+-+-+-+-+-+-+-+-+-+-+-+-+-+-+-+-+-+- Iteracion 12653  +-+-+-+-+-+-+-+-+-+-+-+-+-+-+-+-+-+-+-+-+-+-+-+-+-

Solucion peor. Costo: 398.934
Lista tabu: [((12,9,16.125),1), ((9,4,19.209),1), ((8,11,16.401),1), ((6,3,14.56),1), ((2,8,24.166),1), ((8,9,19.235),2), ((11,1,17.263),2), ((8,11,16.401),1), ((8,9,19.235),3), ((11,1,17.263),3), ((8,11,16.401),2)]

+-+-+-+-+-+-+-+-+-+-+-+-+-+-+-+-+-+-+-+-+-+-+-+-+- Iteracion 12660  +-+-+-+-+-+-+-+-+-+-+-+-+-+-+-+-+-+-+-+-+-+-+-+-+-


+-+-+-+-+-+-+-+-+-+-+-+-+-+-+-+-+-+-+-+-+-+-+-+-+- Iteracion 12660  +-+-+-+-+-+-+-+-+-+-+-+-+-+-+-+-+-+-+-+-+-+-+-+-+-

Solucion peor. Costo: 392.473
Lista tabu: [((7,9,8.062),1), ((9,1,24.187),1), ((2,8,24.166),1), ((1,15,7.071),2), ((14,12,17.029),2), ((1,14,16.031),1), ((7,9,8.062),3), ((9,1,24.187),3), ((2,8,24.166),3), ((8,9,19.235),2)]

+-+-+-+-+-+-+-+-+-+-+-+-+-+-+-+-+-+-+-+-+-+-+-+-+- Iteracion 12661  +-+-+-+-+-+-+-+-+-+-+-+-+-+-+-+-+-+-+-+-+-+-+-+-+-


+-+-+-+-+-+-+-+-+-+-+-+-+-+-+-+-+-+-+-+-+-+-+-+-+- Iteracion 12661  +-+-+-+-+-+-+-+-+-+-+-+-+-+-+-+-+-+-+-+-+-+-+-+-+-

Solucion peor. Costo: 384.756
Lista tabu: [((1,15,7.071),1), ((14,12,17.029),1), ((7,9,8.062),2), ((9,1,24.187),2), ((2,8,24.166),2), ((8,9,19.235),1), ((15,14,18.028),5), ((1,17,9.849),5), ((15,17,5.385),3)]

+-+-+-+-+-+-+-+-+-+-+-+-+-+-+-+-+-+-+-+-+-+-+-+-+- Iteracion 12666  +-+-+-+-+-+-+-+-+-+-+-+-+-+-+-+-+-+-+-+-+-+-+-+-+-


+-+-+-+-+-+-+-+-+-+-+-+-+-+-+-+-+-+-+-+-+-+-+-+-+- Iteracion 12666  +-+-+-+-+-+-+-+-+-+-+-+-+-+-+-+-+-+-+-+-+-+-+-+-+-

Solucion peor. Costo: 381.584
Lista tabu: [((2,8,24.166),1), ((8,11,16.401),1), ((10,6,11.0),1), ((19,21,12.042),1), ((18,1,22.091),1), ((7,9,8.062),2), ((9,1,24.187),2), ((2,11,32.14),2), ((9,11,9.22),1), ((15,17,5.385),3), ((1,14,16.031),3), ((15,14,18.028),2)]

+-+-+-+-+-+-+-+-+-+-+-+-+-+-+-+-+-+-+-+-+-+-+-+-+- Iteracion 12967  +-+-+-+-+-+-+-+-+-+-+-+-+-+-+-+-+-+-+-+-+-+-+-+-+-


+-+-+-+-+-+-+-+-+-+-+-+-+-+-+-+-+-+-+-+-+-+-+-+-+- Iteracion 12967  +-+-+-+-+-+-+-+-+-+-+-+-+-+-+-+-+-+-+-+-+-+-+-+-+-

Solucion peor. Costo: 381.584
Lista tabu: [((10,8,6.325),3), ((8,6,5.385),3), ((2,11,32.14),3), ((8,11,16.401),2)]

+-+-+-+-+-+-+-+-+-+-+-+-+-+-+-+-+-+-+-+-+-+-+-+-+- Iteracion 13269  +-+-+-+-+-+-+-+-+-+-+-+-+-+-+-+-+-+-+-+-+-+-+-+-+-


+-+-+-+-+-+-+-+-+-+-+-+-+-+-+-+-+-+-+-+-+-+-+-+-+- Iteracion 13269  +-+-+-+-+-+-+-+-+-+-+-+-+-+-+-+-+-+-+-+-+-+-+-+-+-

Solucion peor. Costo: 421.332
Lista tabu: [((8,7,15.524),3), ((7,4,17.889),3), ((6,3,14.56),3), ((6,7,17.029),2)]

+-+-+-+-+-+-+-+-+-+-+-+-+-+-+-+-+-+-+-+-+-+-+-+-+- Iteracion 13274  +-+-+-+-+-+-+-+-+-+-+-+-+-+-+-+-+-+-+-+-+-+-+-+-+-


+-+-+-+-+-+-+-+-+-+-+-+-+-+-+-+-+-+-+-+-+-+-+-+-+- Iteracion 13274  +-+-+-+-+-+-+-+-+-+-+-+-+-+-+-+-+-+-+-+-+-+-+-+-+-

Solucion peor. Costo: 399.18500000000006
Lista tabu: [((1,9,24.187),1), ((9,8,19.235),1), ((2,11,32.14),1), ((1,10,27.659),1), ((9,11,9.22),1), ((19,21,12.042),2), ((18,1,22.091),2), ((18,19,17.0),1), ((19,21,12.042),3), ((18,1,22.091),3), ((18,19,17.0),2)]

+-+-+-+-+-+-+-+-+-+-+-+-+-+-+-+-+-+-+-+-+-+-+-+-+- Iteracion 13281  +-+-+-+-+-+-+-+-+-+-+-+-+-+-+-+-+-+-+-+-+-+-+-+-+-


+-+-+-+-+-+-+-+-+-+-+-+-+-+-+-+-+-+-+-+-+-+-+-+-+- Iteracion 13281  +-+-+-+-+-+-+-+-+-+-+-+-+-+-+-+-+-+-+-+-+-+-+-+-+-

Solucion peor. Costo: 393.222
Lista tabu: [((1,10,27.659),1), ((9,11,9.22),1), ((8,7,15.524),2), ((7,4,17.889),2), ((6,3,14.56),2), ((6,7,17.029),1), ((19,21,12.042),3), ((18,1,22.091),3), ((18,19,17.0),2)]

+-+-+-+-+-+-+-+-+-+-+-+-+-+-+-+-+-+-+-+-+-+-+-+-+- Iteracion 13283  +-+-+-+-+-+-+-+-+-+-+-+-+-+-+-+-+-+-+-+-+-+-+-+-+-


+-+-+-+-+-+-+-+-+-+-+-+-+-+-+-+-+-+-+-+-+-+-+-+-+- Iteracion 13283  +-+-+-+-+-+-+-+-+-+-+-+-+-+-+-+-+-+-+-+-+-+-+-+-+-

Solucion peor. Costo: 391.31500000000005
Lista tabu: [((19,21,12.042),1), ((18,1,22.091),1), ((1,8,31.385),4), ((8,7,15.524),4), ((6,3,14.56),4), ((8,3,19.105),2), ((6,8,5.385),3), ((8,3,19.105),3), ((2,9,26.571),3), ((8,9,19.235),2)]

+-+-+-+-+-+-+-+-+-+-+-+-+-+-+-+-+-+-+-+-+-+-+-+-+- Iteracion 13285  +-+-+-+-+-+-+-+-+-+-+-+-+-+-+-+-+-+-+-+-+-+-+-+-+-


+-+-+-+-+-+-+-+-+-+-+-+-+-+-+-+-+-+-+-+-+-+-+-+-+- Iteracion 13285  +-+-+-+-+-+-+-+-+-+-+-+-+-+-+-+-+-+-+-+-+-+-+-+-+-

Solucion peor. Costo: 387.88200000000006
Lista tabu: [((1,8,31.385),2), ((8,7,15.524),2), ((6,3,14.56),2), ((6,8,5.385),1), ((8,3,19.105),1), ((2,9,26.571),1), ((9,11,9.22),4), ((11,1,17.263),4), ((1,7,31.016),4), ((11,7,14.142),2), ((11,7,14.142),3), ((7,4,17.889),3), ((10,6,11.0),3), ((6,7,17.029),2)]

+-+-+-+-+-+-+-+-+-+-+-+-+-+-+-+-+-+-+-+-+-+-+-+-+- Iteracion 13286  +-+-+-+-+-+-+-+-+-+-+-+-+-+-+-+-+-+-+-+-+-+-+-+-+-


+-+-+-+-+-+-+-+-+-+-+-+-+-+-+-+-+-+-+-+-+-+-+-+-+- Iteracion 13286  +-+-+-+-+-+-+-+-+-+-+-+-+-+-+-+-+-+-+-+-+-+-+-+-+-

Solucion peor. Costo: 386.653
Lista tabu: [((1,8,31.385),1), ((8,7,15.524),1), ((6,3,14.56),1), ((11,9,9.22),3), ((11,1,17.263),3), ((1,7,31.016),3), ((11,7,14.142),1), ((11,7,14.142),2), ((7,4,17.889),2), ((10,6,11.0),2), ((6,7,17.029),1), ((11,7,14.142),5), ((7,4,17.889),5), ((2,9,26.571),5), ((7,9,8.062),3)]

+-+-+-+-+-+-+-+-+-+-+-+-+-+-+-+-+-+-+-+-+-+-+-+-+- Iteracion 13288  +-+-+-+-+-+-+-+-+-+-+-+-+-+-+-+-+-+-+-+-+-+-+-+-+-


+-+-+-+-+-+-+-+-+-+-+-+-+-+-+-+-+-+-+-+-+-+-+-+-+- Iteracion 13288  +-+-+-+-+-+-+-+-+-+-+-+-+-+-+-+-+-+-+-+-+-+-+-+-+-

Solucion peor. Costo: 377.43300000000005
Lista tabu: [((11,9,9.22),1), ((11,1,17.263),1), ((1,7,31.016),1), ((11,7,14.142),3), ((7,4,17.889),3), ((2,9,26.571),3), ((7,9,8.062),1), ((7,9,8.062),4), ((9,1,24.187),4), ((11,4,28.425),4), ((11,9,9.22),2), ((1,11,17.263),3), ((11,9,9.22),3), ((13,16,12.042),3), ((16,19,15.0),3), ((11,13,17.0),2)]

+-+-+-+-+-+-+-+-+-+-+-+-+-+-+-+-+-+-+-+-+-+-+-+-+- Iteracion 13589  +-+-+-+-+-+-+-+-+-+-+-+-+-+-+-+-+-+-+-+-+-+-+-+-+-


+-+-+-+-+-+-+-+-+-+-+-+-+-+-+-+-+-+-+-+-+-+-+-+-+- Iteracion 13589  +-+-+-+-+-+-+-+-+-+-+-+-+-+-+-+-+-+-+-+-+-+-+-+-+-

Solucion peor. Costo: 397.903
Lista tabu: [((11,9,9.22),3), ((10,8,6.325),3), ((11,8,16.401),2)]

+-+-+-+-+-+-+-+-+-+-+-+-+-+-+-+-+-+-+-+-+-+-+-+-+- Iteracion 13592  +-+-+-+-+-+-+-+-+-+-+-+-+-+-+-+-+-+-+-+-+-+-+-+-+-


+-+-+-+-+-+-+-+-+-+-+-+-+-+-+-+-+-+-+-+-+-+-+-+-+- Iteracion 13592  +-+-+-+-+-+-+-+-+-+-+-+-+-+-+-+-+-+-+-+-+-+-+-+-+-

Solucion peor. Costo: 378.66200000000003
Lista tabu: [((10,9,21.213),3), ((9,4,19.209),3), ((7,1,31.016),3), ((7,9,8.062),1), ((1,15,7.071),2), ((17,20,20.809),2), ((1,17,9.849),1), ((11,8,16.401),3), ((6,3,14.56),3), ((8,3,19.105),2)]

+-+-+-+-+-+-+-+-+-+-+-+-+-+-+-+-+-+-+-+-+-+-+-+-+- Iteracion 13593  +-+-+-+-+-+-+-+-+-+-+-+-+-+-+-+-+-+-+-+-+-+-+-+-+-


+-+-+-+-+-+-+-+-+-+-+-+-+-+-+-+-+-+-+-+-+-+-+-+-+- Iteracion 13593  +-+-+-+-+-+-+-+-+-+-+-+-+-+-+-+-+-+-+-+-+-+-+-+-+-

Solucion peor. Costo: 377.433
Lista tabu: [((10,9,21.213),2), ((9,4,19.209),2), ((7,1,31.016),2), ((1,15,7.071),1), ((17,20,20.809),1), ((11,8,16.401),2), ((6,3,14.56),2), ((8,3,19.105),1), ((10,4,37.59),5), ((11,8,16.401),5), ((10,8,6.325),3)]

+-+-+-+-+-+-+-+-+-+-+-+-+-+-+-+-+-+-+-+-+-+-+-+-+- Iteracion 13894  +-+-+-+-+-+-+-+-+-+-+-+-+-+-+-+-+-+-+-+-+-+-+-+-+-


+-+-+-+-+-+-+-+-+-+-+-+-+-+-+-+-+-+-+-+-+-+-+-+-+- Iteracion 13894  +-+-+-+-+-+-+-+-+-+-+-+-+-+-+-+-+-+-+-+-+-+-+-+-+-

Solucion peor. Costo: 404.269
Lista tabu: [((2,7,18.682),3), ((7,1,31.016),3), ((4,5,2.828),3), ((7,5,18.974),2)]

+-+-+-+-+-+-+-+-+-+-+-+-+-+-+-+-+-+-+-+-+-+-+-+-+- Iteracion 13895  +-+-+-+-+-+-+-+-+-+-+-+-+-+-+-+-+-+-+-+-+-+-+-+-+-


+-+-+-+-+-+-+-+-+-+-+-+-+-+-+-+-+-+-+-+-+-+-+-+-+- Iteracion 13895  +-+-+-+-+-+-+-+-+-+-+-+-+-+-+-+-+-+-+-+-+-+-+-+-+-

Solucion peor. Costo: 398.50600000000003
Lista tabu: [((2,7,18.682),2), ((7,1,31.016),2), ((4,5,2.828),2), ((5,7,18.974),1), ((4,7,17.889),5), ((5,7,18.974),5), ((8,6,5.385),5), ((8,7,15.524),3)]

+-+-+-+-+-+-+-+-+-+-+-+-+-+-+-+-+-+-+-+-+-+-+-+-+- Iteracion 13896  +-+-+-+-+-+-+-+-+-+-+-+-+-+-+-+-+-+-+-+-+-+-+-+-+-


+-+-+-+-+-+-+-+-+-+-+-+-+-+-+-+-+-+-+-+-+-+-+-+-+- Iteracion 13896  +-+-+-+-+-+-+-+-+-+-+-+-+-+-+-+-+-+-+-+-+-+-+-+-+-

Solucion peor. Costo: 377.433
Lista tabu: [((2,7,18.682),1), ((7,1,31.016),1), ((4,5,2.828),1), ((4,7,17.889),4), ((5,7,18.974),4), ((8,6,5.385),4), ((8,7,15.524),2), ((8,7,15.524),5), ((7,6,17.029),5), ((5,12,21.0),5), ((5,7,18.974),3)]

+-+-+-+-+-+-+-+-+-+-+-+-+-+-+-+-+-+-+-+-+-+-+-+-+- Iteracion 14217  +-+-+-+-+-+-+-+-+-+-+-+-+-+-+-+-+-+-+-+-+-+-+-+-+-


+-+-+-+-+-+-+-+-+-+-+-+-+-+-+-+-+-+-+-+-+-+-+-+-+- Iteracion 14217  +-+-+-+-+-+-+-+-+-+-+-+-+-+-+-+-+-+-+-+-+-+-+-+-+-

Solucion peor. Costo: 377.433
Lista tabu: [((11,9,9.22),1), ((9,5,19.105),1), ((7,1,31.016),1), ((11,9,9.22),2), ((10,8,6.325),2), ((11,8,16.401),1), ((10,8,6.325),3), ((6,3,14.56),3), ((10,6,11.0),2)]

+-+-+-+-+-+-+-+-+-+-+-+-+-+-+-+-+-+-+-+-+-+-+-+-+- Iteracion 14520  +-+-+-+-+-+-+-+-+-+-+-+-+-+-+-+-+-+-+-+-+-+-+-+-+-


+-+-+-+-+-+-+-+-+-+-+-+-+-+-+-+-+-+-+-+-+-+-+-+-+- Iteracion 14520  +-+-+-+-+-+-+-+-+-+-+-+-+-+-+-+-+-+-+-+-+-+-+-+-+-

Solucion peor. Costo: 377.433
Lista tabu: [((10,8,6.325),1), ((8,6,5.385),1), ((7,1,31.016),1), ((2,7,18.682),2), ((7,8,15.524),2), ((5,12,21.0),2), ((5,7,18.974),1), ((1,11,17.263),3), ((11,9,9.22),3), ((13,16,12.042),3), ((16,19,15.0),3), ((11,13,17.0),2)]

+-+-+-+-+-+-+-+-+-+-+-+-+-+-+-+-+-+-+-+-+-+-+-+-+- Iteracion 14838  +-+-+-+-+-+-+-+-+-+-+-+-+-+-+-+-+-+-+-+-+-+-+-+-+-


+-+-+-+-+-+-+-+-+-+-+-+-+-+-+-+-+-+-+-+-+-+-+-+-+- Iteracion 14838  +-+-+-+-+-+-+-+-+-+-+-+-+-+-+-+-+-+-+-+-+-+-+-+-+-

Solucion peor. Costo: 377.433
Lista tabu: [((9,4,19.209),1), ((10,8,6.325),1), ((10,8,6.325),2), ((6,3,14.56),2), ((8,3,19.105),1), ((11,9,9.22),3), ((5,12,21.0),3), ((9,12,16.125),2)]

+-+-+-+-+-+-+-+-+-+-+-+-+-+-+-+-+-+-+-+-+-+-+-+-+- Iteracion 15139  +-+-+-+-+-+-+-+-+-+-+-+-+-+-+-+-+-+-+-+-+-+-+-+-+-


+-+-+-+-+-+-+-+-+-+-+-+-+-+-+-+-+-+-+-+-+-+-+-+-+- Iteracion 15139  +-+-+-+-+-+-+-+-+-+-+-+-+-+-+-+-+-+-+-+-+-+-+-+-+-

Solucion peor. Costo: 377.43300000000005
Lista tabu: [((10,8,6.325),3), ((6,3,14.56),3), ((10,6,11.0),2)]

+-+-+-+-+-+-+-+-+-+-+-+-+-+-+-+-+-+-+-+-+-+-+-+-+- Iteracion 15457  +-+-+-+-+-+-+-+-+-+-+-+-+-+-+-+-+-+-+-+-+-+-+-+-+-


+-+-+-+-+-+-+-+-+-+-+-+-+-+-+-+-+-+-+-+-+-+-+-+-+- Iteracion 15457  +-+-+-+-+-+-+-+-+-+-+-+-+-+-+-+-+-+-+-+-+-+-+-+-+-

Solucion peor. Costo: 377.433
Lista tabu: [((11,9,9.22),1), ((9,7,8.062),1), ((5,12,21.0),1), ((3,6,14.56),2), ((8,10,6.325),2), ((10,6,11.0),1), ((1,11,17.263),3), ((11,9,9.22),3), ((8,10,6.325),3), ((10,1,27.659),3), ((11,8,16.401),2)]

+-+-+-+-+-+-+-+-+-+-+-+-+-+-+-+-+-+-+-+-+-+-+-+-+- Iteracion 15773  +-+-+-+-+-+-+-+-+-+-+-+-+-+-+-+-+-+-+-+-+-+-+-+-+-


+-+-+-+-+-+-+-+-+-+-+-+-+-+-+-+-+-+-+-+-+-+-+-+-+- Iteracion 15773  +-+-+-+-+-+-+-+-+-+-+-+-+-+-+-+-+-+-+-+-+-+-+-+-+-

Solucion peor. Costo: 383.894
Lista tabu: [((16,19,15.0),1), ((17,15,5.385),1), ((16,19,15.0),2), ((17,15,5.385),2), ((15,16,18.0),1), ((19,21,12.042),3), ((18,1,22.091),3), ((18,19,17.0),2)]

+-+-+-+-+-+-+-+-+-+-+-+-+-+-+-+-+-+-+-+-+-+-+-+-+- Iteracion 15778  +-+-+-+-+-+-+-+-+-+-+-+-+-+-+-+-+-+-+-+-+-+-+-+-+-


+-+-+-+-+-+-+-+-+-+-+-+-+-+-+-+-+-+-+-+-+-+-+-+-+- Iteracion 15778  +-+-+-+-+-+-+-+-+-+-+-+-+-+-+-+-+-+-+-+-+-+-+-+-+-

Solucion peor. Costo: 377.433
Lista tabu: [((17,15,5.385),1), ((15,20,25.495),1), ((14,1,16.031),1), ((3,6,14.56),1), ((8,10,6.325),1), ((1,11,17.263),2), ((11,9,9.22),2), ((8,10,6.325),2), ((10,1,27.659),2), ((11,8,16.401),1), ((1,11,17.263),3), ((11,9,9.22),3), ((13,16,12.042),3), ((16,19,15.0),3), ((11,13,17.0),2)]

+-+-+-+-+-+-+-+-+-+-+-+-+-+-+-+-+-+-+-+-+-+-+-+-+- Iteracion 16080  +-+-+-+-+-+-+-+-+-+-+-+-+-+-+-+-+-+-+-+-+-+-+-+-+-


+-+-+-+-+-+-+-+-+-+-+-+-+-+-+-+-+-+-+-+-+-+-+-+-+- Iteracion 16080  +-+-+-+-+-+-+-+-+-+-+-+-+-+-+-+-+-+-+-+-+-+-+-+-+-

Solucion peor. Costo: 378.66200000000003
Lista tabu: [((11,9,9.22),2), ((9,4,19.209),2), ((1,7,31.016),2), ((7,2,18.682),2), ((11,7,14.142),1), ((7,4,17.889),3), ((5,12,21.0),3), ((5,7,18.974),2)]

+-+-+-+-+-+-+-+-+-+-+-+-+-+-+-+-+-+-+-+-+-+-+-+-+- Iteracion 16103  +-+-+-+-+-+-+-+-+-+-+-+-+-+-+-+-+-+-+-+-+-+-+-+-+-


+-+-+-+-+-+-+-+-+-+-+-+-+-+-+-+-+-+-+-+-+-+-+-+-+- Iteracion 16103  +-+-+-+-+-+-+-+-+-+-+-+-+-+-+-+-+-+-+-+-+-+-+-+-+-

Solucion peor. Costo: 377.433
Lista tabu: [((1,11,17.263),1), ((11,4,28.425),1), ((8,10,6.325),1), ((10,1,27.659),1), ((19,21,12.042),2), ((18,1,22.091),2), ((18,19,17.0),1), ((9,7,8.062),3), ((7,2,18.682),3), ((11,4,28.425),3), ((11,7,14.142),2)]

+-+-+-+-+-+-+-+-+-+-+-+-+-+-+-+-+-+-+-+-+-+-+-+-+- Iteracion 16438  +-+-+-+-+-+-+-+-+-+-+-+-+-+-+-+-+-+-+-+-+-+-+-+-+-


+-+-+-+-+-+-+-+-+-+-+-+-+-+-+-+-+-+-+-+-+-+-+-+-+- Iteracion 16438  +-+-+-+-+-+-+-+-+-+-+-+-+-+-+-+-+-+-+-+-+-+-+-+-+-

Solucion peor. Costo: 377.433
Lista tabu: [((9,7,8.062),1), ((7,2,18.682),1), ((5,12,21.0),1), ((3,6,14.56),2), ((8,10,6.325),2), ((8,3,19.105),1), ((1,15,7.071),3), ((15,17,5.385),3), ((14,1,16.031),3), ((14,15,18.028),2)]

+-+-+-+-+-+-+-+-+-+-+-+-+-+-+-+-+-+-+-+-+-+-+-+-+- Iteracion 16741  +-+-+-+-+-+-+-+-+-+-+-+-+-+-+-+-+-+-+-+-+-+-+-+-+-


+-+-+-+-+-+-+-+-+-+-+-+-+-+-+-+-+-+-+-+-+-+-+-+-+- Iteracion 16741  +-+-+-+-+-+-+-+-+-+-+-+-+-+-+-+-+-+-+-+-+-+-+-+-+-

Solucion peor. Costo: 377.43300000000005
Lista tabu: [((3,6,14.56),1), ((8,10,6.325),1), ((6,8,5.385),2), ((8,3,19.105),2), ((7,1,31.016),2), ((8,7,15.524),1), ((10,6,11.0),3), ((6,8,5.385),3), ((2,7,18.682),3), ((6,7,17.029),2)]

+-+-+-+-+-+-+-+-+-+-+-+-+-+-+-+-+-+-+-+-+-+-+-+-+- Iteracion 17069  +-+-+-+-+-+-+-+-+-+-+-+-+-+-+-+-+-+-+-+-+-+-+-+-+-


+-+-+-+-+-+-+-+-+-+-+-+-+-+-+-+-+-+-+-+-+-+-+-+-+- Iteracion 17069  +-+-+-+-+-+-+-+-+-+-+-+-+-+-+-+-+-+-+-+-+-+-+-+-+-

Solucion peor. Costo: 377.433
Lista tabu: [((10,8,6.325),1), ((6,3,14.56),1), ((11,4,28.425),2), ((10,8,6.325),2), ((11,8,16.401),1), ((10,8,6.325),3), ((8,6,5.385),3), ((2,7,18.682),3), ((8,7,15.524),2)]

+-+-+-+-+-+-+-+-+-+-+-+-+-+-+-+-+-+-+-+-+-+-+-+-+- Iteracion 17373  +-+-+-+-+-+-+-+-+-+-+-+-+-+-+-+-+-+-+-+-+-+-+-+-+-


+-+-+-+-+-+-+-+-+-+-+-+-+-+-+-+-+-+-+-+-+-+-+-+-+- Iteracion 17373  +-+-+-+-+-+-+-+-+-+-+-+-+-+-+-+-+-+-+-+-+-+-+-+-+-

Solucion peor. Costo: 488.788
Lista tabu: [((16,9,38.013),3), ((9,4,19.209),3), ((7,8,15.524),3), ((9,8,19.235),2)]

+-+-+-+-+-+-+-+-+-+-+-+-+-+-+-+-+-+-+-+-+-+-+-+-+- Iteracion 17374  +-+-+-+-+-+-+-+-+-+-+-+-+-+-+-+-+-+-+-+-+-+-+-+-+-


+-+-+-+-+-+-+-+-+-+-+-+-+-+-+-+-+-+-+-+-+-+-+-+-+- Iteracion 17374  +-+-+-+-+-+-+-+-+-+-+-+-+-+-+-+-+-+-+-+-+-+-+-+-+-

Solucion peor. Costo: 463.065
Lista tabu: [((16,9,38.013),2), ((9,4,19.209),2), ((7,8,15.524),2), ((9,8,19.235),1), ((19,17,26.42),5), ((18,1,22.091),5), ((18,19,17.0),3)]

+-+-+-+-+-+-+-+-+-+-+-+-+-+-+-+-+-+-+-+-+-+-+-+-+- Iteracion 17376  +-+-+-+-+-+-+-+-+-+-+-+-+-+-+-+-+-+-+-+-+-+-+-+-+-


+-+-+-+-+-+-+-+-+-+-+-+-+-+-+-+-+-+-+-+-+-+-+-+-+- Iteracion 17376  +-+-+-+-+-+-+-+-+-+-+-+-+-+-+-+-+-+-+-+-+-+-+-+-+-

Solucion peor. Costo: 452.292
Lista tabu: [((19,17,26.42),3), ((18,1,22.091),3), ((18,19,17.0),1), ((9,8,19.235),4), ((8,1,31.385),4), ((10,6,11.0),4), ((10,8,6.325),2), ((13,11,17.0),3), ((11,19,42.154),3), ((1,15,7.071),3), ((15,21,24.698),3), ((13,15,13.454),2)]

+-+-+-+-+-+-+-+-+-+-+-+-+-+-+-+-+-+-+-+-+-+-+-+-+- Iteracion 17393  +-+-+-+-+-+-+-+-+-+-+-+-+-+-+-+-+-+-+-+-+-+-+-+-+-


+-+-+-+-+-+-+-+-+-+-+-+-+-+-+-+-+-+-+-+-+-+-+-+-+- Iteracion 17393  +-+-+-+-+-+-+-+-+-+-+-+-+-+-+-+-+-+-+-+-+-+-+-+-+-

Solucion peor. Costo: 447.823
Lista tabu: [((7,9,8.062),1), ((9,1,24.187),1), ((4,5,2.828),1), ((2,7,18.682),2), ((7,9,8.062),2), ((5,12,21.0),2), ((5,7,18.974),1), ((10,8,6.325),3), ((8,6,5.385),3), ((2,7,18.682),3), ((8,7,15.524),2)]

+-+-+-+-+-+-+-+-+-+-+-+-+-+-+-+-+-+-+-+-+-+-+-+-+- Iteracion 17411  +-+-+-+-+-+-+-+-+-+-+-+-+-+-+-+-+-+-+-+-+-+-+-+-+-


+-+-+-+-+-+-+-+-+-+-+-+-+-+-+-+-+-+-+-+-+-+-+-+-+- Iteracion 17411  +-+-+-+-+-+-+-+-+-+-+-+-+-+-+-+-+-+-+-+-+-+-+-+-+-

Solucion peor. Costo: 414.08899999999994
Lista tabu: [((10,8,6.325),1), ((8,6,5.385),1), ((2,7,18.682),1), ((1,11,17.263),2), ((13,15,13.454),2), ((1,13,11.18),1), ((13,15,13.454),3), ((17,1,9.849),3), ((13,17,18.601),2)]

+-+-+-+-+-+-+-+-+-+-+-+-+-+-+-+-+-+-+-+-+-+-+-+-+- Iteracion 17413  +-+-+-+-+-+-+-+-+-+-+-+-+-+-+-+-+-+-+-+-+-+-+-+-+-


+-+-+-+-+-+-+-+-+-+-+-+-+-+-+-+-+-+-+-+-+-+-+-+-+- Iteracion 17413  +-+-+-+-+-+-+-+-+-+-+-+-+-+-+-+-+-+-+-+-+-+-+-+-+-

Solucion peor. Costo: 408.55099999999993
Lista tabu: [((13,15,13.454),1), ((17,1,9.849),1), ((16,4,57.201),4), ((11,13,17.0),4), ((16,13,12.042),2), ((12,14,17.029),3), ((14,1,16.031),3), ((15,18,15.033),3), ((18,17,14.318),3), ((14,17,14.422),2)]

+-+-+-+-+-+-+-+-+-+-+-+-+-+-+-+-+-+-+-+-+-+-+-+-+- Iteracion 17415  +-+-+-+-+-+-+-+-+-+-+-+-+-+-+-+-+-+-+-+-+-+-+-+-+-


+-+-+-+-+-+-+-+-+-+-+-+-+-+-+-+-+-+-+-+-+-+-+-+-+- Iteracion 17415  +-+-+-+-+-+-+-+-+-+-+-+-+-+-+-+-+-+-+-+-+-+-+-+-+-

Solucion peor. Costo: 407.322
Lista tabu: [((16,4,57.201),2), ((11,13,17.0),2), ((12,14,17.029),1), ((14,1,16.031),1), ((15,18,15.033),1), ((18,17,14.318),1), ((1,16,20.248),4), ((15,18,15.033),4), ((1,15,7.071),2), ((7,9,8.062),3), ((9,1,24.187),3), ((4,5,2.828),3), ((5,9,19.105),2)]

+-+-+-+-+-+-+-+-+-+-+-+-+-+-+-+-+-+-+-+-+-+-+-+-+- Iteracion 17417  +-+-+-+-+-+-+-+-+-+-+-+-+-+-+-+-+-+-+-+-+-+-+-+-+-


+-+-+-+-+-+-+-+-+-+-+-+-+-+-+-+-+-+-+-+-+-+-+-+-+- Iteracion 17417  +-+-+-+-+-+-+-+-+-+-+-+-+-+-+-+-+-+-+-+-+-+-+-+-+-

Solucion peor. Costo: 400.584
Lista tabu: [((1,16,20.248),2), ((15,18,15.033),2), ((7,9,8.062),1), ((9,1,24.187),1), ((4,5,2.828),1), ((7,9,8.062),4), ((9,1,24.187),4), ((11,4,28.425),4), ((9,4,19.209),2), ((9,4,19.209),3), ((10,8,6.325),3), ((9,8,19.235),2)]

+-+-+-+-+-+-+-+-+-+-+-+-+-+-+-+-+-+-+-+-+-+-+-+-+- Iteracion 17457  +-+-+-+-+-+-+-+-+-+-+-+-+-+-+-+-+-+-+-+-+-+-+-+-+-


+-+-+-+-+-+-+-+-+-+-+-+-+-+-+-+-+-+-+-+-+-+-+-+-+- Iteracion 17457  +-+-+-+-+-+-+-+-+-+-+-+-+-+-+-+-+-+-+-+-+-+-+-+-+-

Solucion peor. Costo: 392.08299999999997
Lista tabu: [((10,8,6.325),1), ((6,3,14.56),1), ((1,15,7.071),2), ((17,18,14.318),2), ((1,17,9.849),1), ((11,9,9.22),3), ((5,12,21.0),3), ((9,12,16.125),2)]

+-+-+-+-+-+-+-+-+-+-+-+-+-+-+-+-+-+-+-+-+-+-+-+-+- Iteracion 17493  +-+-+-+-+-+-+-+-+-+-+-+-+-+-+-+-+-+-+-+-+-+-+-+-+-


+-+-+-+-+-+-+-+-+-+-+-+-+-+-+-+-+-+-+-+-+-+-+-+-+- Iteracion 17493  +-+-+-+-+-+-+-+-+-+-+-+-+-+-+-+-+-+-+-+-+-+-+-+-+-

Solucion peor. Costo: 377.433
Lista tabu: [((11,9,9.22),1), ((10,8,6.325),1), ((17,20,20.809),2), ((21,18,11.314),2), ((17,18,14.318),1), ((19,21,12.042),3), ((18,16,22.672),3), ((18,19,17.0),2)]

+-+-+-+-+-+-+-+-+-+-+-+-+-+-+-+-+-+-+-+-+-+-+-+-+- Iteracion 17797  +-+-+-+-+-+-+-+-+-+-+-+-+-+-+-+-+-+-+-+-+-+-+-+-+-


+-+-+-+-+-+-+-+-+-+-+-+-+-+-+-+-+-+-+-+-+-+-+-+-+- Iteracion 17797  +-+-+-+-+-+-+-+-+-+-+-+-+-+-+-+-+-+-+-+-+-+-+-+-+-

Solucion peor. Costo: 408.7130000000001
Lista tabu: [((1,10,27.659),3), ((10,9,21.213),3), ((2,8,24.166),3), ((8,1,31.385),3), ((9,8,19.235),2)]

+-+-+-+-+-+-+-+-+-+-+-+-+-+-+-+-+-+-+-+-+-+-+-+-+- Iteracion 17802  +-+-+-+-+-+-+-+-+-+-+-+-+-+-+-+-+-+-+-+-+-+-+-+-+-


+-+-+-+-+-+-+-+-+-+-+-+-+-+-+-+-+-+-+-+-+-+-+-+-+- Iteracion 17802  +-+-+-+-+-+-+-+-+-+-+-+-+-+-+-+-+-+-+-+-+-+-+-+-+-

Solucion peor. Costo: 405.0760000000001
Lista tabu: [((7,6,17.029),1), ((2,10,30.463),1), ((10,6,11.0),1), ((2,7,18.682),1), ((1,10,27.659),2), ((7,11,14.142),2), ((11,10,15.524),1), ((1,10,27.659),3), ((7,11,14.142),3), ((11,10,15.524),2)]

+-+-+-+-+-+-+-+-+-+-+-+-+-+-+-+-+-+-+-+-+-+-+-+-+- Iteracion 17812  +-+-+-+-+-+-+-+-+-+-+-+-+-+-+-+-+-+-+-+-+-+-+-+-+-


+-+-+-+-+-+-+-+-+-+-+-+-+-+-+-+-+-+-+-+-+-+-+-+-+- Iteracion 17812  +-+-+-+-+-+-+-+-+-+-+-+-+-+-+-+-+-+-+-+-+-+-+-+-+-

Solucion peor. Costo: 404.07300000000004
Lista tabu: [((9,4,19.209),1), ((5,12,21.0),1), ((10,9,21.213),2), ((9,4,19.209),2), ((7,11,14.142),2), ((11,9,9.22),1), ((8,6,5.385),3), ((2,7,18.682),3), ((7,6,17.029),2)]

+-+-+-+-+-+-+-+-+-+-+-+-+-+-+-+-+-+-+-+-+-+-+-+-+- Iteracion 17813  +-+-+-+-+-+-+-+-+-+-+-+-+-+-+-+-+-+-+-+-+-+-+-+-+-


+-+-+-+-+-+-+-+-+-+-+-+-+-+-+-+-+-+-+-+-+-+-+-+-+- Iteracion 17813  +-+-+-+-+-+-+-+-+-+-+-+-+-+-+-+-+-+-+-+-+-+-+-+-+-

Solucion peor. Costo: 397.6120000000001
